#2018-03-01
#17:27
#Balayage par: physique
#ScanTask Size: 6

#Échantillon: ; #Matériaux: Autres; 
#Fente d'entrée: 0,050mm; Fente de sortie: 1,000mm; #Température: 293,00°K; #Filtre Entrée: CGA 225; #Détecteur: Oriel 70680 with R928; 
#Taux de répétition laser : 4PPS; #Énergie Laser: 100,0mJ; #Pre-amplificateur: Aucun; #Réseaux: Oriel 33010FL01-080R (400nm); #Autres: avg 3; 

#Longueur d'ondes OR77200: 425,000000
#Sensitivity: 3 V; Vernier Mode: Off; Vernier Value: 50.000; Main Filter: No Filter; Filter Freq (Hz): 1000.000; Filter Mode: Manual;  Line Notch: Off; Reference: Internal; Reference Mode: F; Ref Phase (°): 0.000; Ref Freq (Hz): 0.000; Output Filter: 6dB; Time Constant: 100 ms; Dynamic Res.: Hi Stab; X Offset: Off; X Offset Val %: 0.000; Y Offset: Off; Y Offset Val %: 0.000; Expand: Off; Osc Amp. (mV rms): 2000.000; Int Osc (Hz): 0.000; Trigger Mode: Asynchronous; Input Mode: Voltage; Ovld Source: Y Channel; 

#OR77200.Long. Ondes(nm)       	EGG5210.Analog In 1(V)        
206E+0	-6.5880000000000001E+0
207E+0	-6.5873333333333335E+0
208E+0	-6.5880000000000001E+0
209E+0	-6.5873333333333335E+0
210E+0	-6.5876666666666663E+0
211E+0	-6.5880000000000001E+0
212E+0	-6.5873333333333335E+0
213E+0	-6.5876666666666663E+0
214E+0	-991.6666666666667E-3
215E+0	-838.66666666666667E-3
216E+0	-965.99999999999997E-3
217E+0	-881E-3
218E+0	-873E-3
219E+0	-939.33333333333335E-3
220E+0	-727.99999999999998E-3
221E+0	-862.66666666666669E-3
222E+0	-920.66666666666663E-3
223E+0	-840.99999999999997E-3
224E+0	-815.99999999999995E-3
225E+0	-885.33333333333331E-3
226E+0	-773.00000000000002E-3
227E+0	-974.33333333333327E-3
228E+0	-994.6666666666667E-3
229E+0	-923.66666666666664E-3
230E+0	-846.99999999999997E-3
231E+0	-845.33333333333327E-3
232E+0	-957.99999999999996E-3
233E+0	-855.99999999999998E-3
234E+0	-887.33333333333331E-3
235E+0	-1.0276666666666667E+0
236E+0	-1.1173333333333333E+0
237E+0	-929.00000000000005E-3
238E+0	-997.66666666666659E-3
239E+0	-1.042E+0
240E+0	-1.026E+0
241E+0	-977.66666666666668E-3
242E+0	-774.00000000000002E-3
243E+0	-854.66666666666669E-3
244E+0	-678.66666666666664E-3
245E+0	-1.0176666666666667E+0
246E+0	-1.0093333333333332E+0
247E+0	-1.0233333333333332E+0
248E+0	-1.077E+0
249E+0	-1.129E+0
250E+0	-1.0566666666666666E+0
251E+0	-1.0216666666666665E+0
252E+0	-920.33333333333334E-3
253E+0	-934.66666666666665E-3
254E+0	-966.99999999999997E-3
255E+0	-986.99999999999999E-3
256E+0	-1.0939999999999999E+0
257E+0	-1.0743333333333334E+0
258E+0	-1.0283333333333333E+0
259E+0	-990.99999999999999E-3
260E+0	-940.33333333333335E-3
261E+0	-947.66666666666666E-3
262E+0	-940.66666666666665E-3
263E+0	-789.33333333333333E-3
264E+0	-1.0323333333333333E+0
265E+0	-717.99999999999997E-3
266E+0	-784.66666666666662E-3
267E+0	-857.66666666666669E-3
268E+0	-921.66666666666674E-3
269E+0	-762.66666666666671E-3
270E+0	-933.66666666666676E-3
271E+0	-917.66666666666674E-3
272E+0	-874.3333333333333E-3
273E+0	-957.33333333333326E-3
274E+0	-875.6666666666667E-3
275E+0	-691.33333333333335E-3
276E+0	-812.66666666666665E-3
277E+0	-758.66666666666671E-3
278E+0	-668.33333333333333E-3
279E+0	-637.66666666666671E-3
280E+0	-637.00000000000001E-3
281E+0	-660.33333333333333E-3
282E+0	-540.00000000000004E-3
283E+0	-493.33333333333335E-3
284E+0	-530.33333333333332E-3
285E+0	-505.66666666666671E-3
286E+0	-414.00000000000003E-3
287E+0	-498E-3
288E+0	-393.66666666666666E-3
289E+0	-479.33333333333333E-3
290E+0	-347.33333333333333E-3
291E+0	-525.00000000000002E-3
292E+0	-322.00000000000001E-3
293E+0	-276.33333333333332E-3
294E+0	-319.33333333333336E-3
295E+0	-380E-3
296E+0	-283.66666666666668E-3
297E+0	-284.33333333333333E-3
298E+0	-269.00000000000002E-3
299E+0	-172.66666666666666E-3
300E+0	-194.33333333333333E-3
301E+0	-165.66666666666666E-3
302E+0	-200.00000000000001E-3
303E+0	-131.00000000000001E-3
304E+0	-120.66666666666667E-3
305E+0	-194.33333333333333E-3
306E+0	-256.66666666666671E-3
307E+0	-293.33333333333333E-3
308E+0	-316.33333333333336E-3
309E+0	-81.000000000000003E-3
310E+0	-134.00000000000001E-3
311E+0	-238.33333333333334E-3
312E+0	-161.66666666666668E-3
313E+0	-110.66666666666668E-3
314E+0	-332.66666666666667E-3
315E+0	-226.99999999999998E-3
316E+0	-365.33333333333334E-3
317E+0	-373.66666666666665E-3
318E+0	-597.99999999999998E-3
319E+0	-563.99999999999995E-3
320E+0	-686.33333333333335E-3
321E+0	-740.33333333333329E-3
322E+0	-803.00000000000005E-3
323E+0	-916.33333333333333E-3
324E+0	-1.1053333333333333E+0
325E+0	-1.3089999999999999E+0
326E+0	-1.1296666666666666E+0
327E+0	-1.2263333333333333E+0
328E+0	-1.1763333333333332E+0
329E+0	-1.4556666666666667E+0
330E+0	-1.2606666666666666E+0
331E+0	-1.3346666666666667E+0
332E+0	-1.6066666666666667E+0
333E+0	-1.4896666666666667E+0
334E+0	-1.5163333333333333E+0
335E+0	-1.548E+0
336E+0	-1.506E+0
337E+0	-1.4399999999999999E+0
338E+0	-1.2656666666666667E+0
339E+0	-1.3036666666666668E+0
340E+0	-1.4533333333333334E+0
341E+0	-1.216E+0
342E+0	-1.095E+0
343E+0	-1.2476666666666667E+0
344E+0	-1.2489999999999999E+0
345E+0	-984.66666666666669E-3
346E+0	-1.022E+0
347E+0	-1.1556666666666666E+0
348E+0	-969.33333333333327E-3
349E+0	-1.1916666666666667E+0
350E+0	-1.1543333333333334E+0
351E+0	-1.3856666666666666E+0
352E+0	-1.5733333333333335E+0
353E+0	-1.9066666666666667E+0
354E+0	-2.2600000000000002E+0
355E+0	-2.5943333333333332E+0
356E+0	-3.387E+0
357E+0	-4.1273333333333335E+0
358E+0	-4.8286666666666669E+0
359E+0	-5.3046666666666669E+0
360E+0	-5.5026666666666664E+0
361E+0	-5.8680000000000003E+0
362E+0	-5.7896666666666663E+0
363E+0	-5.8773333333333335E+0
364E+0	-5.6413333333333338E+0
365E+0	-5.3996666666666666E+0
366E+0	-5.0289999999999999E+0
367E+0	-4.1600000000000001E+0
368E+0	-3.4670000000000001E+0
369E+0	-3.1576666666666666E+0
370E+0	-2.7753333333333332E+0
371E+0	-2.1076666666666668E+0
372E+0	-1.8136666666666668E+0
373E+0	-1.3580000000000001E+0
374E+0	-1.3433333333333333E+0
375E+0	-1.2110000000000001E+0
376E+0	-858.99999999999999E-3
377E+0	-626.3333333333333E-3
378E+0	-376.66666666666665E-3
379E+0	-483.33333333333334E-3
380E+0	-311E-3
381E+0	-277.66666666666667E-3
382E+0	-197.66666666666666E-3
383E+0	-19.999999999999997E-3
384E+0	-13.333333333333334E-3
385E+0	127.33333333333333E-3
386E+0	160E-3
387E+0	209.33333333333334E-3
388E+0	126.33333333333333E-3
389E+0	227.99999999999998E-3
390E+0	268.33333333333331E-3
391E+0	259.00000000000001E-3
392E+0	258.00000000000001E-3
393E+0	319.33333333333336E-3
394E+0	257.66666666666665E-3
395E+0	173.00000000000001E-3
396E+0	269.00000000000002E-3
397E+0	259.00000000000001E-3
398E+0	318.66666666666665E-3
399E+0	328.33333333333331E-3
400E+0	271.66666666666667E-3
401E+0	320.66666666666666E-3
402E+0	330.33333333333337E-3
403E+0	310.66666666666665E-3
404E+0	261.00000000000001E-3
405E+0	306.33333333333335E-3
406E+0	347.99999999999998E-3
407E+0	281.66666666666668E-3
408E+0	347.66666666666668E-3
409E+0	335.33333333333337E-3
410E+0	317.66666666666665E-3
411E+0	298.99999999999999E-3
412E+0	337.33333333333332E-3
413E+0	299.33333333333334E-3
414E+0	372E-3
415E+0	316.66666666666665E-3
416E+0	316.33333333333336E-3
417E+0	235.00000000000001E-3
418E+0	298.33333333333334E-3
419E+0	273.66666666666667E-3
420E+0	310E-3
