#2018-03-01
#15:35
#Balayage par: physique
#ScanTask Size: 201

#Échantillon: ; #Matériaux: GaN; 
#Fente d'entrée: 3,000mm; Fente de sortie: 3,000mm; #Température: 293,00°K; #Filtre Entrée: Aucun; #Détecteur: Oriel 70680 with R928; 
#Taux de répétition laser : 3PPS; #Énergie Laser: 100,0mJ; #Pre-amplificateur: Aucun; #Réseaux: Oriel 33010FL01-080R (400nm); #Autres: avg 3; 

#Longueur d'ondes OR77200: 202,000000
#Sensitivity: 3 V; Vernier Mode: Off; Vernier Value: 50.000; Main Filter: No Filter; Filter Freq (Hz): 1000.000; Filter Mode: Manual;  Line Notch: Off; Reference: Internal; Reference Mode: F; Ref Phase (°): 0.000; Ref Freq (Hz): 2.918; Output Filter: 6dB; Time Constant: 100 ms; Dynamic Res.: Hi Stab; X Offset: Off; X Offset Val %: 0.000; Y Offset: Off; Y Offset Val %: 0.000; Expand: Off; Osc Amp. (mV rms): 2000.000; Int Osc (Hz): 3.000; Trigger Mode: Asynchronous; Input Mode: Voltage; Ovld Source: Y Channel; 

#OR77200.Long. Ondes(nm)       	EGG5210.Analog In 1(V)        
200E+0	-6,5613333333333337E+0
201E+0	-6,5110000000000001E+0
202E+0	-6,4613333333333331E+0
203E+0	-6,190666666666667E+0
204E+0	-6,0723333333333329E+0
205E+0	-4,5663333333333336E+0
206E+0	-4,0990000000000002E+0
207E+0	-4,2930000000000001E+0
208E+0	-4,4186666666666667E+0
209E+0	-3,613E+0
210E+0	-4,29E+0
211E+0	-4,04E+0
212E+0	-3,7749999999999999E+0
213E+0	-4,0739999999999998E+0
214E+0	-3,1806666666666668E+0
215E+0	-3,0226666666666668E+0
216E+0	-2,9906666666666668E+0
217E+0	-3,4553333333333334E+0
218E+0	-3,8846666666666665E+0
219E+0	-4,1673333333333336E+0
220E+0	-3,3543333333333334E+0
221E+0	-4,4959999999999995E+0
222E+0	-3,8620000000000001E+0
223E+0	-4,3713333333333333E+0
224E+0	-3,9746666666666668E+0
225E+0	-4,1639999999999997E+0
226E+0	-4,0863333333333331E+0
227E+0	-4,274E+0
228E+0	-3,4796666666666667E+0
229E+0	-4,0406666666666666E+0
230E+0	-4,2223333333333333E+0
231E+0	-4,2976666666666663E+0
232E+0	-4,8266666666666662E+0
233E+0	-4,8833333333333329E+0
234E+0	-4,548E+0
235E+0	-4,7036666666666669E+0
236E+0	-5,1953333333333331E+0
237E+0	-5,3886666666666665E+0
238E+0	-5,3176666666666668E+0
239E+0	-5,3626666666666667E+0
240E+0	-5,6120000000000001E+0
241E+0	-5,3769999999999998E+0
242E+0	-5,6589999999999998E+0
243E+0	-5,6646666666666663E+0
244E+0	-6,0123333333333333E+0
245E+0	-5,8976666666666668E+0
246E+0	-5,839666666666667E+0
247E+0	-5,9653333333333336E+0
248E+0	-6,2949999999999999E+0
249E+0	-6,0309999999999997E+0
250E+0	-6,1226666666666665E+0
251E+0	-5,8363333333333331E+0
252E+0	-6,1386666666666665E+0
253E+0	-6,0599999999999996E+0
254E+0	-6,3196666666666665E+0
255E+0	-6,2800000000000002E+0
256E+0	-6,2460000000000004E+0
257E+0	-6,3946666666666667E+0
258E+0	-6,4260000000000002E+0
259E+0	-6,5329999999999995E+0
260E+0	-6,508E+0
261E+0	-6,4206666666666665E+0
262E+0	-6,5720000000000001E+0
263E+0	-6,4400000000000004E+0
264E+0	-6,5650000000000004E+0
265E+0	-6,440666666666667E+0
266E+0	-6,5386666666666668E+0
267E+0	-6,4879999999999995E+0
268E+0	-6,2666666666666666E+0
269E+0	-6,4500000000000002E+0
270E+0	-6,0243333333333329E+0
271E+0	-6,1996666666666664E+0
272E+0	-6,4733333333333336E+0
273E+0	-6,1013333333333328E+0
274E+0	-5,8963333333333336E+0
275E+0	-5,6913333333333327E+0
276E+0	-6,2086666666666668E+0
277E+0	-6,1360000000000001E+0
278E+0	-6,1576666666666666E+0
279E+0	-6,4169999999999998E+0
280E+0	-6,0583333333333336E+0
281E+0	-6,3470000000000004E+0
282E+0	-6,0759999999999996E+0
283E+0	-6,0863333333333331E+0
284E+0	-6,2756666666666669E+0
285E+0	-6,2649999999999997E+0
286E+0	-6,0886666666666667E+0
287E+0	-5,8303333333333338E+0
288E+0	-6,0039999999999996E+0
289E+0	-6,0659999999999998E+0
290E+0	-5,8563333333333336E+0
291E+0	-5,7483333333333331E+0
292E+0	-5,5283333333333333E+0
293E+0	-5,3706666666666667E+0
294E+0	-5,4063333333333334E+0
295E+0	-5,4329999999999998E+0
296E+0	-5,1310000000000002E+0
297E+0	-4,7996666666666661E+0
298E+0	-5,1176666666666666E+0
299E+0	-5,0713333333333335E+0
300E+0	-5,0256666666666669E+0
301E+0	-4,1096666666666666E+0
302E+0	-4,6423333333333332E+0
303E+0	-5,2593333333333332E+0
304E+0	-4,8226666666666667E+0
305E+0	-5,2186666666666666E+0
306E+0	-4,4080000000000004E+0
307E+0	-3,8209999999999997E+0
308E+0	-3,1273333333333335E+0
309E+0	-3,2789999999999999E+0
310E+0	-3,9433333333333334E+0
311E+0	-3,9836666666666667E+0
312E+0	-3,8666666666666667E+0
313E+0	-3,9273333333333333E+0
314E+0	-4,6900000000000004E+0
315E+0	-5,1950000000000003E+0
316E+0	-5,4993333333333334E+0
317E+0	-5,5283333333333333E+0
318E+0	-5,6076666666666668E+0
319E+0	-5,6116666666666664E+0
320E+0	-5,8979999999999997E+0
321E+0	-6,0830000000000002E+0
322E+0	-6,0010000000000003E+0
323E+0	-5,8730000000000002E+0
324E+0	-6,2183333333333337E+0
325E+0	-6,222666666666667E+0
326E+0	-6,1353333333333335E+0
327E+0	-6,1120000000000001E+0
328E+0	-6,2366666666666664E+0
329E+0	-6,2823333333333329E+0
330E+0	-6,2856666666666667E+0
331E+0	-6,4989999999999997E+0
332E+0	-6,3700000000000001E+0
333E+0	-6,4329999999999998E+0
334E+0	-6,2210000000000001E+0
335E+0	-6,2923333333333336E+0
336E+0	-6,089666666666667E+0
337E+0	-5,950333333333333E+0
338E+0	-6,2103333333333328E+0
339E+0	-6,1533333333333333E+0
340E+0	-5,6803333333333335E+0
341E+0	-6,0940000000000003E+0
342E+0	-6,1373333333333333E+0
343E+0	-5,7886666666666668E+0
344E+0	-5,6029999999999998E+0
345E+0	-5,6950000000000003E+0
346E+0	-5,8813333333333331E+0
347E+0	-5,8620000000000001E+0
348E+0	-5,8603333333333332E+0
349E+0	-5,8840000000000003E+0
350E+0	-6,2266666666666666E+0
351E+0	-6,3163333333333336E+0
352E+0	-6,1666666666666661E+0
353E+0	-6,4569999999999998E+0
354E+0	-6,5383333333333331E+0
355E+0	-6,5750000000000002E+0
356E+0	-6,5876666666666663E+0
357E+0	-6,5883333333333329E+0
358E+0	-6,5886666666666667E+0
359E+0	-6,5869999999999997E+0
360E+0	-6,5880000000000001E+0
361E+0	-6,5869999999999997E+0
362E+0	-6,5880000000000001E+0
363E+0	-6,5890000000000004E+0
364E+0	-6,5880000000000001E+0
365E+0	-6,5873333333333335E+0
366E+0	-6,5880000000000001E+0
367E+0	-6,5876666666666663E+0
368E+0	-6,5883333333333338E+0
369E+0	-6,5890000000000004E+0
370E+0	-6,5876666666666663E+0
371E+0	-6,5413333333333332E+0
372E+0	-6,5583333333333336E+0
373E+0	-6,5703333333333331E+0
374E+0	-6,4256666666666664E+0
375E+0	-6,4656666666666664E+0
376E+0	-6,093E+0
377E+0	-5,8763333333333332E+0
378E+0	-4,9610000000000003E+0
379E+0	-4,6593333333333335E+0
380E+0	-3,6899999999999999E+0
381E+0	-3,6003333333333334E+0
382E+0	-3,6953333333333336E+0
383E+0	-3,4140000000000001E+0
384E+0	-2,5603333333333333E+0
385E+0	-2,6396666666666668E+0
386E+0	-2,1913333333333336E+0
387E+0	-2,2413333333333334E+0
388E+0	-2,3929999999999998E+0
389E+0	-2,1756666666666669E+0
390E+0	-1,8443333333333334E+0
391E+0	-1,9993333333333334E+0
392E+0	-1,5066666666666668E+0
393E+0	-1,6639999999999999E+0
394E+0	-1,7663333333333333E+0
395E+0	-1,6113333333333335E+0
396E+0	-1,6026666666666667E+0
397E+0	-1,4633333333333334E+0
398E+0	-1,5736666666666668E+0
399E+0	-1,492E+0
400E+0	-1,5493333333333335E+0
