#2020-11-27
#18:23
#Balayage par: Administrateur
#ScanTask Size: 10001

#Instrument: SR530@SR530.lvclass Function:Read Mag & Phase (V,°); Parameters:*BeforeWait(ms):100*AfterWait(ms):0BandFilter: On; LineFilter1x: On; LineFilter2x: On; Expand Ch1: Off; Expand Ch2: Off; Sensitivity: 2 mV; Pre Time: 300 ms; Post Time: 1 s; Dynamic Res.: Low; Reference Trigger: Negative; Channels Settings: R, Teta; Frequency: 321.000000; 

#Tools.Indice de points(Points)	Tools.Time(ms)                	SR530.Mag(V)                  	SR530.Phase(°)                
0E+0	3.689364199494E+9	895.5E-6	109.2E+0
1E+0	3.689364200638E+9	898E-6	109.1E+0
2E+0	3.689364201501E+9	895E-6	109.15E+0
3E+0	3.689364202366E+9	891E-6	109.25E+0
4E+0	3.689364203232E+9	888.5E-6	109.3E+0
5E+0	3.689364204095E+9	882E-6	109.3E+0
6E+0	3.68936420496E+9	879E-6	109.3E+0
7E+0	3.689364205824E+9	880E-6	109.2E+0
8E+0	3.68936420669E+9	882E-6	109.15E+0
9E+0	3.689364207554E+9	886E-6	109E+0
10E+0	3.68936420842E+9	887.5E-6	109E+0
11E+0	3.689364209285E+9	895E-6	109E+0
12E+0	3.689364210148E+9	900E-6	108.95E+0
13E+0	3.689364211014E+9	901.5E-6	108.95E+0
14E+0	3.689364211879E+9	897.5E-6	109.15E+0
15E+0	3.689364212743E+9	898.5E-6	109.05E+0
16E+0	3.689364213613E+9	896E-6	109.1E+0
17E+0	3.689364214477E+9	889.5E-6	109.2E+0
18E+0	3.689364215342E+9	889E-6	109.25E+0
19E+0	3.689364216208E+9	890E-6	109.25E+0
20E+0	3.689364217075E+9	895.5E-6	109.25E+0
21E+0	3.689364217942E+9	901.5E-6	109.4E+0
22E+0	3.689364218805E+9	907.5E-6	109.35E+0
23E+0	3.689364219669E+9	906.5E-6	109.3E+0
24E+0	3.689364220535E+9	918.5E-6	109.15E+0
25E+0	3.689364221401E+9	933E-6	109.2E+0
26E+0	3.689364222264E+9	939E-6	109.1E+0
27E+0	3.689364223129E+9	946E-6	108.8E+0
28E+0	3.689364223994E+9	952E-6	108.7E+0
29E+0	3.689364224858E+9	954.5E-6	108.6E+0
30E+0	3.689364225725E+9	964.5E-6	108.1E+0
31E+0	3.689364226589E+9	975E-6	107.75E+0
32E+0	3.689364227454E+9	977.5E-6	107.45E+0
33E+0	3.689364228319E+9	980.5E-6	107.1E+0
34E+0	3.689364229183E+9	993.5E-6	106.6E+0
35E+0	3.689364230049E+9	1.019E-3	106.4E+0
36E+0	3.689364230912E+9	1.04E-3	106.4E+0
37E+0	3.689364231778E+9	1.059E-3	106.45E+0
38E+0	3.689364232643E+9	1.1045E-3	106.8E+0
39E+0	3.689364233507E+9	1.1125E-3	107E+0
40E+0	3.689364234372E+9	1.1125E-3	107.15E+0
41E+0	3.689364235237E+9	1.108E-3	107.05E+0
42E+0	3.689364236102E+9	1.1055E-3	106.95E+0
43E+0	3.689364236973E+9	1.1135E-3	107E+0
44E+0	3.68936423784E+9	1.113E-3	107.25E+0
45E+0	3.689364238706E+9	1.109E-3	107.4E+0
46E+0	3.689364239574E+9	1.1065E-3	107.45E+0
47E+0	3.689364240438E+9	1.1035E-3	107.65E+0
48E+0	3.689364241303E+9	1.1045E-3	107.7E+0
49E+0	3.689364242168E+9	1.1E-3	108E+0
50E+0	3.689364243032E+9	1.103E-3	108.05E+0
51E+0	3.689364243898E+9	1.102E-3	108E+0
52E+0	3.689364244762E+9	1.0965E-3	107.95E+0
53E+0	3.689364245627E+9	1.0795E-3	107.95E+0
54E+0	3.689364246493E+9	1.065E-3	108E+0
55E+0	3.689364247357E+9	1.055E-3	108.05E+0
56E+0	3.689364248221E+9	1.0625E-3	107.8E+0
57E+0	3.689364249087E+9	1.069E-3	107.75E+0
58E+0	3.689364249953E+9	1.0725E-3	107.65E+0
59E+0	3.689364250817E+9	1.077E-3	107.95E+0
60E+0	3.689364251681E+9	1.0775E-3	108.15E+0
61E+0	3.689364252546E+9	1.079E-3	108.2E+0
62E+0	3.689364253411E+9	1.0815E-3	108.25E+0
63E+0	3.689364254275E+9	1.08E-3	107.95E+0
64E+0	3.689364255139E+9	1.0625E-3	107.4E+0
65E+0	3.689364256005E+9	1.0325E-3	106.8E+0
66E+0	3.689364256872E+9	996.5E-6	106.95E+0
67E+0	3.689364257739E+9	966.5E-6	107.7E+0
68E+0	3.689364258604E+9	952.5E-6	108.25E+0
69E+0	3.689364259469E+9	952.5E-6	108.15E+0
70E+0	3.689364260333E+9	996E-6	107.25E+0
71E+0	3.689364261198E+9	1.0635E-3	107.35E+0
72E+0	3.689364262063E+9	1.1005E-3	107.6E+0
73E+0	3.689364262928E+9	1.131E-3	107.7E+0
74E+0	3.689364263792E+9	1.132E-3	107.9E+0
75E+0	3.689364264658E+9	1.1305E-3	107.65E+0
76E+0	3.689364265523E+9	1.126E-3	107.8E+0
77E+0	3.689364266386E+9	1.1185E-3	107.6E+0
78E+0	3.689364267252E+9	1.116E-3	107.65E+0
79E+0	3.689364268117E+9	1.1105E-3	107.8E+0
80E+0	3.689364268981E+9	1.117E-3	107.7E+0
81E+0	3.689364269845E+9	1.119E-3	107.65E+0
82E+0	3.689364270711E+9	1.1205E-3	107.5E+0
83E+0	3.689364271576E+9	1.119E-3	107.5E+0
84E+0	3.68936427244E+9	1.1125E-3	107.55E+0
85E+0	3.689364273305E+9	1.1095E-3	107.65E+0
86E+0	3.689364274171E+9	1.113E-3	107.6E+0
87E+0	3.689364275036E+9	1.109E-3	107.55E+0
88E+0	3.689364275899E+9	1.103E-3	107.6E+0
89E+0	3.689364276765E+9	1.0935E-3	107.65E+0
90E+0	3.689364277629E+9	1.0915E-3	107.7E+0
91E+0	3.689364278495E+9	1.093E-3	107.75E+0
92E+0	3.689364279359E+9	1.0925E-3	107.9E+0
93E+0	3.689364280225E+9	1.091E-3	108.4E+0
94E+0	3.68936428109E+9	1.0925E-3	109.2E+0
95E+0	3.689364281954E+9	1.0865E-3	109.8E+0
96E+0	3.689364282819E+9	1.0715E-3	110.05E+0
97E+0	3.689364283682E+9	1.05E-3	110.5E+0
98E+0	3.689364284549E+9	1.049E-3	110.45E+0
99E+0	3.689364285414E+9	1.059E-3	110.2E+0
100E+0	3.689364286279E+9	1.074E-3	109.85E+0
101E+0	3.689364287142E+9	1.0895E-3	109.25E+0
102E+0	3.689364288009E+9	1.097E-3	108.65E+0
103E+0	3.689364288877E+9	1.108E-3	107.95E+0
104E+0	3.689364289742E+9	1.119E-3	107.2E+0
105E+0	3.689364290605E+9	1.1245E-3	106.5E+0
106E+0	3.689364291471E+9	1.1255E-3	105.55E+0
107E+0	3.689364292336E+9	1.126E-3	104.5E+0
108E+0	3.689364293201E+9	1.1245E-3	103.75E+0
109E+0	3.689364294066E+9	1.126E-3	103.35E+0
110E+0	3.689364294929E+9	1.127E-3	103.3E+0
111E+0	3.689364295794E+9	1.128E-3	103.35E+0
112E+0	3.689364296661E+9	1.1325E-3	103.5E+0
113E+0	3.689364297529E+9	1.1275E-3	103.55E+0
114E+0	3.689364298394E+9	1.1275E-3	103.75E+0
115E+0	3.689364299259E+9	1.123E-3	104.05E+0
116E+0	3.689364300125E+9	1.1295E-3	104.1E+0
117E+0	3.68936430099E+9	1.1505E-3	104.1E+0
118E+0	3.689364301853E+9	1.164E-3	104.15E+0
119E+0	3.689364302718E+9	1.165E-3	104E+0
120E+0	3.689364303583E+9	1.1585E-3	104.05E+0
121E+0	3.689364304447E+9	1.148E-3	103.95E+0
122E+0	3.689364305314E+9	1.145E-3	103.9E+0
123E+0	3.689364306177E+9	1.1435E-3	103.85E+0
124E+0	3.689364307042E+9	1.1405E-3	103.95E+0
125E+0	3.689364307907E+9	1.141E-3	104E+0
126E+0	3.689364308771E+9	1.1365E-3	103.75E+0
127E+0	3.689364309637E+9	1.135E-3	103.55E+0
128E+0	3.689364310502E+9	1.138E-3	103.5E+0
129E+0	3.689364311366E+9	1.148E-3	103.5E+0
130E+0	3.689364312231E+9	1.142E-3	103.4E+0
131E+0	3.689364313096E+9	1.1375E-3	103.25E+0
132E+0	3.689364313961E+9	1.141E-3	103.25E+0
133E+0	3.689364314826E+9	1.1435E-3	103.4E+0
134E+0	3.689364315689E+9	1.1365E-3	103.5E+0
135E+0	3.689364316555E+9	1.1305E-3	103.7E+0
136E+0	3.689364317421E+9	1.1265E-3	103.7E+0
137E+0	3.689364318288E+9	1.1235E-3	103.75E+0
138E+0	3.689364319155E+9	1.1265E-3	103.7E+0
139E+0	3.689364320023E+9	1.128E-3	103.75E+0
140E+0	3.689364320887E+9	1.125E-3	103.6E+0
141E+0	3.689364321752E+9	1.127E-3	103.7E+0
142E+0	3.689364322617E+9	1.127E-3	103.75E+0
143E+0	3.689364323481E+9	1.135E-3	103.75E+0
144E+0	3.689364324346E+9	1.137E-3	103.8E+0
145E+0	3.689364325212E+9	1.1355E-3	103.9E+0
146E+0	3.689364326075E+9	1.136E-3	103.95E+0
147E+0	3.689364326941E+9	1.1395E-3	103.9E+0
148E+0	3.689364327806E+9	1.1395E-3	103.75E+0
149E+0	3.689364328672E+9	1.1435E-3	103.75E+0
150E+0	3.689364329535E+9	1.151E-3	103.75E+0
151E+0	3.689364330401E+9	1.152E-3	103.7E+0
152E+0	3.689364331265E+9	1.1475E-3	103.8E+0
153E+0	3.689364332132E+9	1.159E-3	103.65E+0
154E+0	3.689364332995E+9	1.175E-3	103.65E+0
155E+0	3.689364333861E+9	1.183E-3	103.35E+0
156E+0	3.68936433473E+9	1.1845E-3	102.95E+0
157E+0	3.689364335598E+9	1.175E-3	102.5E+0
158E+0	3.689364336464E+9	1.1545E-3	102.4E+0
159E+0	3.689364337328E+9	1.1375E-3	102.25E+0
160E+0	3.689364338192E+9	1.127E-3	102.2E+0
161E+0	3.689364339058E+9	1.119E-3	102.25E+0
162E+0	3.689364339922E+9	1.117E-3	102.2E+0
163E+0	3.689364340786E+9	1.12E-3	102.3E+0
164E+0	3.689364341653E+9	1.1185E-3	102.3E+0
165E+0	3.689364342518E+9	1.123E-3	102.25E+0
166E+0	3.689364343383E+9	1.119E-3	102.4E+0
167E+0	3.689364344246E+9	1.1115E-3	102.4E+0
168E+0	3.689364345112E+9	1.116E-3	102.5E+0
169E+0	3.689364345976E+9	1.1155E-3	102.25E+0
170E+0	3.68936434684E+9	1.1115E-3	102.25E+0
171E+0	3.689364347706E+9	1.114E-3	102.2E+0
172E+0	3.68936434857E+9	1.1175E-3	102.3E+0
173E+0	3.689364349436E+9	1.1205E-3	101.9E+0
174E+0	3.689364350299E+9	1.131E-3	101.85E+0
175E+0	3.689364351164E+9	1.1315E-3	102.05E+0
176E+0	3.689364352029E+9	1.1235E-3	102.3E+0
177E+0	3.689364352895E+9	1.125E-3	102.4E+0
178E+0	3.68936435376E+9	1.1395E-3	102.5E+0
179E+0	3.689364354625E+9	1.1485E-3	102.55E+0
180E+0	3.68936435549E+9	1.1465E-3	102.65E+0
181E+0	3.689364356353E+9	1.148E-3	102.65E+0
182E+0	3.689364357218E+9	1.1535E-3	102.6E+0
183E+0	3.689364358084E+9	1.1605E-3	102.6E+0
184E+0	3.689364358948E+9	1.1685E-3	102.7E+0
185E+0	3.689364359812E+9	1.173E-3	102.75E+0
186E+0	3.689364360678E+9	1.173E-3	102.85E+0
187E+0	3.689364361542E+9	1.176E-3	102.95E+0
188E+0	3.689364362407E+9	1.18E-3	103.05E+0
189E+0	3.689364363273E+9	1.1855E-3	103.1E+0
190E+0	3.689364364137E+9	1.186E-3	103.1E+0
191E+0	3.689364365001E+9	1.184E-3	103.25E+0
192E+0	3.689364365867E+9	1.1795E-3	103.3E+0
193E+0	3.689364366732E+9	1.1795E-3	103.35E+0
194E+0	3.689364367597E+9	1.1795E-3	103.35E+0
195E+0	3.689364368462E+9	1.181E-3	103.35E+0
196E+0	3.689364369326E+9	1.1805E-3	103.4E+0
197E+0	3.68936437019E+9	1.175E-3	103.5E+0
198E+0	3.689364371056E+9	1.1715E-3	103.45E+0
199E+0	3.689364371921E+9	1.167E-3	103.55E+0
200E+0	3.689364372786E+9	1.163E-3	103.15E+0
201E+0	3.68936437365E+9	1.1585E-3	103.15E+0
202E+0	3.689364374516E+9	1.1615E-3	103.2E+0
203E+0	3.689364375379E+9	1.1695E-3	103.1E+0
204E+0	3.689364376245E+9	1.175E-3	102.95E+0
205E+0	3.68936437711E+9	1.1745E-3	103.05E+0
206E+0	3.689364377975E+9	1.1605E-3	103.55E+0
207E+0	3.689364378839E+9	1.1405E-3	104.15E+0
208E+0	3.689364379704E+9	1.1215E-3	104.6E+0
209E+0	3.68936438057E+9	1.115E-3	104.75E+0
210E+0	3.689364381433E+9	1.203E-3	104.85E+0
211E+0	3.689364382299E+9	1.1995E-3	104.65E+0
212E+0	3.689364383163E+9	1.175E-3	104.3E+0
213E+0	3.689364384029E+9	1.168E-3	104.25E+0
214E+0	3.689364384894E+9	1.164E-3	104.5E+0
215E+0	3.689364385758E+9	1.158E-3	104.75E+0
216E+0	3.689364386622E+9	1.143E-3	105.2E+0
217E+0	3.689364387487E+9	1.1215E-3	105.65E+0
218E+0	3.689364388352E+9	1.101E-3	106.3E+0
219E+0	3.689364389216E+9	1.0745E-3	106.85E+0
220E+0	3.689364390081E+9	1.0665E-3	107.1E+0
221E+0	3.689364390947E+9	1.0625E-3	107.15E+0
222E+0	3.689364391812E+9	1.0595E-3	107.1E+0
223E+0	3.689364392675E+9	1.0645E-3	106.95E+0
224E+0	3.689364393542E+9	1.071E-3	106.75E+0
225E+0	3.689364394406E+9	1.075E-3	106.65E+0
226E+0	3.689364395273E+9	1.08E-3	106.65E+0
227E+0	3.689364396137E+9	1.0845E-3	106.55E+0
228E+0	3.689364397001E+9	1.088E-3	106.4E+0
229E+0	3.689364397866E+9	1.0895E-3	106.3E+0
230E+0	3.689364398729E+9	1.101E-3	106.05E+0
231E+0	3.689364399595E+9	1.111E-3	105.8E+0
232E+0	3.689364400461E+9	1.1195E-3	105.6E+0
233E+0	3.689364401323E+9	1.1295E-3	105.35E+0
234E+0	3.689364402188E+9	1.139E-3	104.95E+0
235E+0	3.689364403055E+9	1.1475E-3	104.45E+0
236E+0	3.689364403918E+9	1.158E-3	104E+0
237E+0	3.689364404784E+9	1.1755E-3	103.85E+0
238E+0	3.68936440565E+9	1.1845E-3	103.45E+0
239E+0	3.689364406519E+9	1.1805E-3	103.2E+0
240E+0	3.689364407383E+9	1.1825E-3	103.05E+0
241E+0	3.689364408247E+9	1.1795E-3	102.8E+0
242E+0	3.689364409113E+9	1.1715E-3	102.8E+0
243E+0	3.689364409977E+9	1.1705E-3	102.65E+0
244E+0	3.689364410843E+9	1.177E-3	102.7E+0
245E+0	3.689364411705E+9	1.1795E-3	102.65E+0
246E+0	3.689364412571E+9	1.1765E-3	102.65E+0
247E+0	3.689364413437E+9	1.1805E-3	102.55E+0
248E+0	3.689364414301E+9	1.183E-3	102.6E+0
249E+0	3.689364415167E+9	1.1825E-3	102.6E+0
250E+0	3.689364416035E+9	1.1855E-3	102.75E+0
251E+0	3.6893644169E+9	1.1795E-3	103.15E+0
252E+0	3.689364417764E+9	1.167E-3	103.55E+0
253E+0	3.689364418628E+9	1.1555E-3	104E+0
254E+0	3.689364419495E+9	1.1345E-3	104.55E+0
255E+0	3.689364420357E+9	1.122E-3	104.8E+0
256E+0	3.689364421224E+9	1.123E-3	104.75E+0
257E+0	3.68936442209E+9	1.1245E-3	104.75E+0
258E+0	3.689364422952E+9	1.128E-3	104.8E+0
259E+0	3.689364423818E+9	1.1365E-3	104.65E+0
260E+0	3.689364424684E+9	1.1505E-3	104.4E+0
261E+0	3.689364425547E+9	1.1525E-3	104.15E+0
262E+0	3.689364426413E+9	1.152E-3	104.05E+0
263E+0	3.689364427277E+9	1.1545E-3	104E+0
264E+0	3.689364428143E+9	1.17E-3	104E+0
265E+0	3.689364429008E+9	1.177E-3	103.85E+0
266E+0	3.689364429875E+9	1.1795E-3	103.8E+0
267E+0	3.689364430743E+9	1.184E-3	103.7E+0
268E+0	3.689364431609E+9	1.188E-3	103.65E+0
269E+0	3.689364432473E+9	1.1895E-3	103.6E+0
270E+0	3.689364433339E+9	1.189E-3	103.6E+0
271E+0	3.689364434206E+9	1.1875E-3	103.6E+0
272E+0	3.689364435069E+9	1.1845E-3	103.5E+0
273E+0	3.689364435935E+9	1.1745E-3	103.55E+0
274E+0	3.689364436799E+9	1.167E-3	103.55E+0
275E+0	3.689364437663E+9	1.167E-3	103.5E+0
276E+0	3.689364438528E+9	1.172E-3	103.5E+0
277E+0	3.689364439394E+9	1.172E-3	103.5E+0
278E+0	3.689364440259E+9	1.1755E-3	103.45E+0
279E+0	3.689364441127E+9	1.1765E-3	103.4E+0
280E+0	3.689364441993E+9	1.18E-3	103.35E+0
281E+0	3.689364442857E+9	1.1755E-3	103.45E+0
282E+0	3.689364443722E+9	1.178E-3	103.55E+0
283E+0	3.689364444585E+9	1.173E-3	103.6E+0
284E+0	3.68936444545E+9	1.174E-3	103.55E+0
285E+0	3.689364446316E+9	1.1715E-3	103.55E+0
286E+0	3.689364447181E+9	1.166E-3	103.65E+0
287E+0	3.689364448045E+9	1.1645E-3	103.6E+0
288E+0	3.68936444891E+9	1.1655E-3	103.8E+0
289E+0	3.689364449774E+9	1.166E-3	103.85E+0
290E+0	3.689364450639E+9	1.171E-3	103.85E+0
291E+0	3.689364451504E+9	1.1705E-3	103.85E+0
292E+0	3.689364452371E+9	1.1795E-3	103.8E+0
293E+0	3.689364453236E+9	1.1835E-3	103.75E+0
294E+0	3.689364454104E+9	1.188E-3	103.65E+0
295E+0	3.689364454972E+9	1.192E-3	103.55E+0
296E+0	3.689364455838E+9	1.1925E-3	103.55E+0
297E+0	3.689364456706E+9	1.185E-3	103.55E+0
298E+0	3.689364457571E+9	1.1795E-3	103.5E+0
299E+0	3.689364458435E+9	1.1775E-3	103.55E+0
300E+0	3.6893644593E+9	1.1795E-3	103.4E+0
301E+0	3.689364460166E+9	1.177E-3	103.6E+0
302E+0	3.689364461029E+9	1.176E-3	103.55E+0
303E+0	3.689364461894E+9	1.175E-3	103.65E+0
304E+0	3.689364462759E+9	1.1755E-3	103.65E+0
305E+0	3.689364463625E+9	1.1705E-3	103.8E+0
306E+0	3.68936446449E+9	1.174E-3	103.85E+0
307E+0	3.689364465355E+9	1.1755E-3	103.75E+0
308E+0	3.689364466219E+9	1.1755E-3	103.75E+0
309E+0	3.689364467083E+9	1.1765E-3	103.75E+0
310E+0	3.689364467949E+9	1.169E-3	103.65E+0
311E+0	3.689364468812E+9	1.1675E-3	103.6E+0
312E+0	3.689364469678E+9	1.166E-3	103.55E+0
313E+0	3.689364470544E+9	1.1645E-3	103.7E+0
314E+0	3.689364471409E+9	1.1575E-3	103.75E+0
315E+0	3.689364472274E+9	1.159E-3	103.75E+0
316E+0	3.689364473138E+9	1.1635E-3	103.85E+0
317E+0	3.689364474002E+9	1.171E-3	103.9E+0
318E+0	3.689364474866E+9	1.1715E-3	103.9E+0
319E+0	3.689364475733E+9	1.1755E-3	103.9E+0
320E+0	3.6893644766E+9	1.173E-3	103.8E+0
321E+0	3.689364477466E+9	1.1595E-3	103.7E+0
322E+0	3.689364478331E+9	1.158E-3	103.55E+0
323E+0	3.689364479195E+9	1.153E-3	103.65E+0
324E+0	3.689364480061E+9	1.146E-3	103.7E+0
325E+0	3.689364480925E+9	1.1455E-3	103.75E+0
326E+0	3.689364481789E+9	1.14E-3	103.75E+0
327E+0	3.689364482656E+9	1.1365E-3	103.75E+0
328E+0	3.68936448352E+9	1.139E-3	103.75E+0
329E+0	3.689364484385E+9	1.151E-3	103.75E+0
330E+0	3.689364485249E+9	1.1575E-3	103.85E+0
331E+0	3.689364486115E+9	1.1605E-3	103.75E+0
332E+0	3.689364486979E+9	1.1625E-3	103.8E+0
333E+0	3.689364487843E+9	1.1705E-3	103.75E+0
334E+0	3.689364488709E+9	1.1715E-3	103.9E+0
335E+0	3.689364489574E+9	1.173E-3	103.95E+0
336E+0	3.68936449044E+9	1.1745E-3	104.05E+0
337E+0	3.689364491302E+9	1.1755E-3	104.05E+0
338E+0	3.689364492169E+9	1.177E-3	104.1E+0
339E+0	3.689364493032E+9	1.182E-3	104E+0
340E+0	3.689364493898E+9	1.1875E-3	104.05E+0
341E+0	3.689364494762E+9	1.1905E-3	104.05E+0
342E+0	3.689364495627E+9	1.1825E-3	104.05E+0
343E+0	3.689364496491E+9	1.179E-3	104.1E+0
344E+0	3.689364497356E+9	1.1815E-3	104.25E+0
345E+0	3.689364498222E+9	1.1795E-3	104.3E+0
346E+0	3.689364499086E+9	1.1715E-3	104.3E+0
347E+0	3.68936449995E+9	1.1775E-3	104.2E+0
348E+0	3.689364500816E+9	1.183E-3	104.25E+0
349E+0	3.689364501681E+9	1.1825E-3	104.05E+0
350E+0	3.689364502546E+9	1.184E-3	103.85E+0
351E+0	3.689364503412E+9	1.18E-3	103.95E+0
352E+0	3.689364504275E+9	1.177E-3	103.9E+0
353E+0	3.689364505139E+9	1.178E-3	104.2E+0
354E+0	3.689364506006E+9	1.1785E-3	104.1E+0
355E+0	3.68936450687E+9	1.1785E-3	104.2E+0
356E+0	3.689364507733E+9	1.18E-3	104.1E+0
357E+0	3.6893645086E+9	1.1765E-3	104.1E+0
358E+0	3.689364509465E+9	1.1715E-3	104.1E+0
359E+0	3.68936451033E+9	1.175E-3	104.15E+0
360E+0	3.689364511195E+9	1.182E-3	104.05E+0
361E+0	3.689364512063E+9	1.1815E-3	104.05E+0
362E+0	3.689364512927E+9	1.1805E-3	104.05E+0
363E+0	3.689364513793E+9	1.178E-3	104E+0
364E+0	3.689364514657E+9	1.1795E-3	104.05E+0
365E+0	3.689364515521E+9	1.177E-3	104.15E+0
366E+0	3.689364516387E+9	1.178E-3	104E+0
367E+0	3.689364517252E+9	1.175E-3	104.15E+0
368E+0	3.689364518116E+9	1.172E-3	104.25E+0
369E+0	3.689364518981E+9	1.1775E-3	104.25E+0
370E+0	3.689364519846E+9	1.18E-3	104.25E+0
371E+0	3.689364520711E+9	1.182E-3	104.35E+0
372E+0	3.689364521576E+9	1.181E-3	104.3E+0
373E+0	3.68936452244E+9	1.1785E-3	104.4E+0
374E+0	3.689364523304E+9	1.1755E-3	104.35E+0
375E+0	3.689364524172E+9	1.169E-3	104.45E+0
376E+0	3.689364525036E+9	1.174E-3	104.5E+0
377E+0	3.6893645259E+9	1.1735E-3	104.55E+0
378E+0	3.689364526765E+9	1.173E-3	104.5E+0
379E+0	3.68936452763E+9	1.17E-3	104.55E+0
380E+0	3.689364528494E+9	1.1735E-3	104.5E+0
381E+0	3.689364529359E+9	1.1705E-3	104.5E+0
382E+0	3.689364530224E+9	1.1735E-3	104.5E+0
383E+0	3.689364531089E+9	1.179E-3	104.6E+0
384E+0	3.689364531953E+9	1.184E-3	104.5E+0
385E+0	3.689364532819E+9	1.1885E-3	104.35E+0
386E+0	3.689364533683E+9	1.188E-3	104.25E+0
387E+0	3.689364534548E+9	1.1845E-3	104.2E+0
388E+0	3.689364535414E+9	1.176E-3	104.35E+0
389E+0	3.689364536281E+9	1.1735E-3	104.55E+0
390E+0	3.689364537148E+9	1.1735E-3	104.55E+0
391E+0	3.689364538011E+9	1.1765E-3	104.45E+0
392E+0	3.689364538876E+9	1.18E-3	104.35E+0
393E+0	3.689364539741E+9	1.1815E-3	104.35E+0
394E+0	3.689364540607E+9	1.185E-3	104.25E+0
395E+0	3.68936454147E+9	1.185E-3	104.3E+0
396E+0	3.689364542336E+9	1.184E-3	104.5E+0
397E+0	3.689364543201E+9	1.186E-3	104.45E+0
398E+0	3.689364544065E+9	1.1805E-3	104.35E+0
399E+0	3.689364544929E+9	1.183E-3	104.05E+0
400E+0	3.689364545794E+9	1.184E-3	104.1E+0
401E+0	3.68936454666E+9	1.183E-3	104.2E+0
402E+0	3.689364547524E+9	1.1815E-3	104.25E+0
403E+0	3.689364548389E+9	1.1855E-3	104.25E+0
404E+0	3.689364549254E+9	1.187E-3	104.25E+0
405E+0	3.689364550118E+9	1.185E-3	104.25E+0
406E+0	3.689364550985E+9	1.1895E-3	104.1E+0
407E+0	3.689364551849E+9	1.1775E-3	104.15E+0
408E+0	3.689364552713E+9	1.1725E-3	104.25E+0
409E+0	3.689364553579E+9	1.1715E-3	104.4E+0
410E+0	3.689364554443E+9	1.1775E-3	104.45E+0
411E+0	3.689364555309E+9	1.184E-3	104.5E+0
412E+0	3.689364556173E+9	1.183E-3	104.6E+0
413E+0	3.689364557037E+9	1.1825E-3	104.5E+0
414E+0	3.689364557902E+9	1.1735E-3	104.65E+0
415E+0	3.689364558768E+9	1.1655E-3	104.45E+0
416E+0	3.689364559632E+9	1.16E-3	104.55E+0
417E+0	3.689364560498E+9	1.1655E-3	104.3E+0
418E+0	3.689364561362E+9	1.163E-3	104.4E+0
419E+0	3.689364562226E+9	1.1825E-3	104.25E+0
420E+0	3.68936456309E+9	1.224E-3	104.45E+0
421E+0	3.689364563956E+9	1.279E-3	104.25E+0
422E+0	3.689364564823E+9	1.2875E-3	104.5E+0
423E+0	3.689364565686E+9	1.275E-3	104.45E+0
424E+0	3.689364566551E+9	1.2605E-3	104.55E+0
425E+0	3.689364567417E+9	1.2525E-3	104.55E+0
426E+0	3.689364568281E+9	1.245E-3	104.55E+0
427E+0	3.689364569149E+9	1.2395E-3	104.55E+0
428E+0	3.689364570013E+9	1.236E-3	104.55E+0
429E+0	3.689364570879E+9	1.229E-3	104.55E+0
430E+0	3.689364571745E+9	1.221E-3	104.55E+0
431E+0	3.689364572614E+9	1.203E-3	104.55E+0
432E+0	3.689364573477E+9	1.201E-3	104.55E+0
433E+0	3.689364574343E+9	1.209E-3	104.5E+0
434E+0	3.689364575208E+9	1.2055E-3	104.65E+0
435E+0	3.689364576073E+9	1.203E-3	104.75E+0
436E+0	3.689364576937E+9	1.2015E-3	104.75E+0
437E+0	3.689364577801E+9	1.2E-3	104.75E+0
438E+0	3.689364578668E+9	1.1895E-3	104.7E+0
439E+0	3.689364579531E+9	1.187E-3	104.65E+0
440E+0	3.689364580395E+9	1.174E-3	104.55E+0
441E+0	3.689364581261E+9	1.167E-3	104.45E+0
442E+0	3.689364582127E+9	1.1725E-3	104.55E+0
443E+0	3.689364582992E+9	1.178E-3	104.55E+0
444E+0	3.689364583856E+9	1.192E-3	104.65E+0
445E+0	3.689364584725E+9	1.191E-3	104.55E+0
446E+0	3.689364585589E+9	1.1835E-3	104.75E+0
447E+0	3.689364586455E+9	1.185E-3	104.65E+0
448E+0	3.68936458732E+9	1.1845E-3	104.85E+0
449E+0	3.689364588185E+9	1.184E-3	104.7E+0
450E+0	3.689364589053E+9	1.1785E-3	104.35E+0
451E+0	3.689364589919E+9	1.1775E-3	104.2E+0
452E+0	3.689364590783E+9	1.175E-3	104.15E+0
453E+0	3.689364591648E+9	1.176E-3	104.4E+0
454E+0	3.689364592512E+9	1.187E-3	104.4E+0
455E+0	3.689364593377E+9	1.1875E-3	104.3E+0
456E+0	3.68936459424E+9	1.1855E-3	104.15E+0
457E+0	3.689364595107E+9	1.193E-3	104E+0
458E+0	3.689364595974E+9	1.1905E-3	103.95E+0
459E+0	3.689364596839E+9	1.1895E-3	104E+0
460E+0	3.689364597705E+9	1.1935E-3	104E+0
461E+0	3.68936459857E+9	1.1875E-3	104.35E+0
462E+0	3.689364599435E+9	1.1935E-3	104.1E+0
463E+0	3.6893646003E+9	1.194E-3	104.35E+0
464E+0	3.689364601169E+9	1.2005E-3	104.35E+0
465E+0	3.689364602034E+9	1.2075E-3	104.55E+0
466E+0	3.689364602902E+9	1.213E-3	104.6E+0
467E+0	3.689364603767E+9	1.2095E-3	104.6E+0
468E+0	3.689364604632E+9	1.2195E-3	104.65E+0
469E+0	3.689364605498E+9	1.21E-3	104.7E+0
470E+0	3.689364606365E+9	1.1985E-3	104.8E+0
471E+0	3.689364607231E+9	1.187E-3	104.75E+0
472E+0	3.689364608095E+9	1.1825E-3	104.75E+0
473E+0	3.689364608961E+9	1.179E-3	104.7E+0
474E+0	3.689364609825E+9	1.1865E-3	104.7E+0
475E+0	3.689364610691E+9	1.199E-3	104.65E+0
476E+0	3.689364611554E+9	1.2045E-3	104.85E+0
477E+0	3.68936461242E+9	1.2255E-3	104.85E+0
478E+0	3.689364613283E+9	1.262E-3	105.3E+0
479E+0	3.689364614149E+9	1.2625E-3	105.5E+0
480E+0	3.689364615013E+9	1.2575E-3	105.2E+0
481E+0	3.689364615879E+9	1.2495E-3	104.95E+0
482E+0	3.689364616743E+9	1.2595E-3	105E+0
483E+0	3.689364617608E+9	1.2875E-3	105.5E+0
484E+0	3.689364618474E+9	1.3005E-3	105.75E+0
485E+0	3.689364619337E+9	1.3085E-3	105.9E+0
486E+0	3.689364620203E+9	1.3135E-3	105.9E+0
487E+0	3.689364621067E+9	1.315E-3	105.95E+0
488E+0	3.689364621931E+9	1.3255E-3	106.1E+0
489E+0	3.689364622797E+9	1.318E-3	105.85E+0
490E+0	3.689364623661E+9	1.329E-3	105.65E+0
491E+0	3.689364624528E+9	1.3505E-3	105.65E+0
492E+0	3.689364625392E+9	1.3585E-3	105.75E+0
493E+0	3.689364626257E+9	1.3535E-3	105.7E+0
494E+0	3.68936462712E+9	1.3525E-3	105.65E+0
495E+0	3.689364627987E+9	1.352E-3	105.65E+0
496E+0	3.689364628852E+9	1.359E-3	105.6E+0
497E+0	3.689364629721E+9	1.3795E-3	105.8E+0
498E+0	3.689364630584E+9	1.3825E-3	105.65E+0
499E+0	3.689364631449E+9	1.401E-3	105.75E+0
500E+0	3.689364632313E+9	1.415E-3	105.65E+0
501E+0	3.68936463318E+9	1.414E-3	105.7E+0
502E+0	3.689364634049E+9	1.4195E-3	105.6E+0
503E+0	3.689364634913E+9	1.4365E-3	105.7E+0
504E+0	3.689364635778E+9	1.4495E-3	105.8E+0
505E+0	3.689364636643E+9	1.4355E-3	105.7E+0
506E+0	3.689364637507E+9	1.4385E-3	105.65E+0
507E+0	3.689364638371E+9	1.449E-3	105.75E+0
508E+0	3.689364639236E+9	1.476E-3	105.7E+0
509E+0	3.689364640102E+9	1.477E-3	105.85E+0
510E+0	3.689364640968E+9	1.4615E-3	105.9E+0
511E+0	3.689364641835E+9	1.453E-3	106E+0
512E+0	3.689364642701E+9	1.49E-3	106.1E+0
513E+0	3.689364643566E+9	1.5025E-3	106.15E+0
514E+0	3.689364644431E+9	1.4945E-3	106.15E+0
515E+0	3.689364645296E+9	1.49E-3	106.1E+0
516E+0	3.689364646159E+9	1.482E-3	106.1E+0
517E+0	3.689364647024E+9	1.491E-3	106.25E+0
518E+0	3.689364647891E+9	1.518E-3	106.45E+0
519E+0	3.689364648753E+9	1.526E-3	106.35E+0
520E+0	3.689364649619E+9	1.529E-3	106.35E+0
521E+0	3.689364650485E+9	1.5185E-3	106.35E+0
522E+0	3.689364651349E+9	1.5275E-3	106.4E+0
523E+0	3.689364652218E+9	1.5805E-3	106.9E+0
524E+0	3.689364653082E+9	1.581E-3	106.95E+0
525E+0	3.689364653946E+9	1.5475E-3	106.3E+0
526E+0	3.689364654811E+9	1.5275E-3	105.35E+0
527E+0	3.689364655678E+9	1.5065E-3	104.6E+0
528E+0	3.689364656541E+9	1.496E-3	104.25E+0
529E+0	3.689364657408E+9	1.496E-3	104.15E+0
530E+0	3.689364658276E+9	1.5005E-3	104E+0
531E+0	3.68936465914E+9	1.5045E-3	104.1E+0
532E+0	3.689364660005E+9	1.515E-3	104.25E+0
533E+0	3.68936466087E+9	1.523E-3	104.35E+0
534E+0	3.689364661734E+9	1.5145E-3	104.15E+0
535E+0	3.689364662604E+9	1.5095E-3	104.15E+0
536E+0	3.689364663468E+9	1.517E-3	104.35E+0
537E+0	3.689364664338E+9	1.51E-3	104.25E+0
538E+0	3.689364665201E+9	1.5155E-3	104.2E+0
539E+0	3.689364666067E+9	1.5365E-3	104.15E+0
540E+0	3.689364666931E+9	1.5565E-3	104.15E+0
541E+0	3.689364667797E+9	1.5485E-3	103.9E+0
542E+0	3.689364668661E+9	1.5055E-3	103.35E+0
543E+0	3.689364669526E+9	1.5005E-3	103.4E+0
544E+0	3.689364670391E+9	1.501E-3	103.3E+0
545E+0	3.689364671255E+9	1.498E-3	103.1E+0
546E+0	3.689364672121E+9	1.4945E-3	103.05E+0
547E+0	3.689364672986E+9	1.503E-3	103E+0
548E+0	3.68936467385E+9	1.4945E-3	102.85E+0
549E+0	3.689364674715E+9	1.495E-3	102.95E+0
550E+0	3.689364675579E+9	1.4955E-3	103.05E+0
551E+0	3.689364676445E+9	1.5E-3	103.35E+0
552E+0	3.689364677311E+9	1.531E-3	103.8E+0
553E+0	3.689364678174E+9	1.562E-3	104.05E+0
554E+0	3.68936467904E+9	1.574E-3	104E+0
555E+0	3.689364679904E+9	1.576E-3	104.05E+0
556E+0	3.68936468077E+9	1.5735E-3	104.2E+0
557E+0	3.689364681636E+9	1.581E-3	104.25E+0
558E+0	3.689364682504E+9	1.582E-3	104.15E+0
559E+0	3.689364683367E+9	1.578E-3	104.05E+0
560E+0	3.689364684232E+9	1.577E-3	103.95E+0
561E+0	3.689364685097E+9	1.578E-3	103.75E+0
562E+0	3.689364685964E+9	1.583E-3	103.85E+0
563E+0	3.689364686827E+9	1.5905E-3	103.95E+0
564E+0	3.689364687691E+9	1.591E-3	104.1E+0
565E+0	3.689364688557E+9	1.5985E-3	103.95E+0
566E+0	3.689364689422E+9	1.6085E-3	104E+0
567E+0	3.689364690287E+9	1.5995E-3	103.9E+0
568E+0	3.68936469115E+9	1.5925E-3	103.8E+0
569E+0	3.689364692017E+9	1.587E-3	103.85E+0
570E+0	3.689364692881E+9	1.5925E-3	104E+0
571E+0	3.689364693749E+9	1.597E-3	104.2E+0
572E+0	3.689364694614E+9	1.6055E-3	104.35E+0
573E+0	3.689364695479E+9	1.5995E-3	104.25E+0
574E+0	3.689364696344E+9	1.599E-3	104.15E+0
575E+0	3.68936469721E+9	1.6005E-3	104.05E+0
576E+0	3.689364698074E+9	1.5965E-3	104E+0
577E+0	3.689364698939E+9	1.598E-3	104E+0
578E+0	3.689364699803E+9	1.592E-3	103.95E+0
579E+0	3.689364700667E+9	1.588E-3	103.85E+0
580E+0	3.689364701534E+9	1.588E-3	103.85E+0
581E+0	3.689364702398E+9	1.5935E-3	103.95E+0
582E+0	3.689364703263E+9	1.6E-3	104E+0
583E+0	3.689364704127E+9	1.605E-3	103.9E+0
584E+0	3.689364704992E+9	1.6075E-3	103.9E+0
585E+0	3.689364705858E+9	1.6065E-3	103.8E+0
586E+0	3.689364706725E+9	1.6095E-3	103.85E+0
587E+0	3.689364707591E+9	1.6145E-3	103.9E+0
588E+0	3.689364708455E+9	1.5575E-3	103.85E+0
589E+0	3.689364709321E+9	1.3105E-3	103.7E+0
590E+0	3.689364710185E+9	1.1875E-3	103.6E+0
591E+0	3.689364711051E+9	1.194E-3	103.4E+0
592E+0	3.689364711917E+9	1.1595E-3	103.35E+0
593E+0	3.689364712784E+9	1.194E-3	104.45E+0
594E+0	3.68936471365E+9	1.1995E-3	104.95E+0
595E+0	3.689364714514E+9	1.1985E-3	105.1E+0
596E+0	3.689364715379E+9	1.1915E-3	105.05E+0
597E+0	3.689364716244E+9	1.202E-3	105E+0
598E+0	3.689364717109E+9	1.205E-3	104.5E+0
599E+0	3.689364717974E+9	1.172E-3	104.35E+0
600E+0	3.689364718837E+9	1.1595E-3	104.55E+0
601E+0	3.689364719702E+9	1.122E-3	104.7E+0
602E+0	3.689364720567E+9	1.1015E-3	104.25E+0
603E+0	3.689364721432E+9	1.0655E-3	103.25E+0
604E+0	3.689364722296E+9	1.068E-3	102.85E+0
605E+0	3.689364723161E+9	1.0805E-3	104.65E+0
606E+0	3.689364724027E+9	1.0995E-3	105.95E+0
607E+0	3.689364724892E+9	1.1375E-3	106.75E+0
608E+0	3.689364725757E+9	1.163E-3	107.05E+0
609E+0	3.689364726621E+9	1.1345E-3	106.55E+0
610E+0	3.689364727486E+9	1.151E-3	106.25E+0
611E+0	3.68936472835E+9	1.1515E-3	106.3E+0
612E+0	3.689364729217E+9	1.1715E-3	106.45E+0
613E+0	3.689364730082E+9	1.1545E-3	106.55E+0
614E+0	3.689364730949E+9	1.1535E-3	106.6E+0
615E+0	3.689364731814E+9	1.1565E-3	106.7E+0
616E+0	3.689364732679E+9	1.197E-3	106.1E+0
617E+0	3.689364733542E+9	1.23E-3	106.2E+0
618E+0	3.689364734408E+9	1.252E-3	106E+0
619E+0	3.689364735272E+9	1.2865E-3	105.85E+0
620E+0	3.689364736137E+9	1.3285E-3	105.6E+0
621E+0	3.689364737003E+9	1.3265E-3	105.4E+0
622E+0	3.689364737867E+9	1.31E-3	105.45E+0
623E+0	3.689364738732E+9	1.32E-3	105.45E+0
624E+0	3.689364739597E+9	1.309E-3	105.25E+0
625E+0	3.689364740462E+9	1.2805E-3	104.7E+0
626E+0	3.689364741327E+9	1.253E-3	104.6E+0
627E+0	3.689364742192E+9	1.2215E-3	105.05E+0
628E+0	3.689364743057E+9	1.1685E-3	105.5E+0
629E+0	3.689364743922E+9	1.137E-3	106E+0
630E+0	3.689364744787E+9	1.137E-3	106.2E+0
631E+0	3.689364745651E+9	1.152E-3	106.35E+0
632E+0	3.689364746515E+9	1.1925E-3	106.35E+0
633E+0	3.68936474738E+9	1.2005E-3	105.9E+0
634E+0	3.689364748245E+9	1.1745E-3	105.2E+0
635E+0	3.689364749111E+9	1.1545E-3	104.75E+0
636E+0	3.689364749977E+9	1.1405E-3	104.6E+0
637E+0	3.689364750839E+9	1.1305E-3	104.65E+0
638E+0	3.689364751706E+9	1.134E-3	104.8E+0
639E+0	3.689364752575E+9	1.116E-3	104.85E+0
640E+0	3.689364753444E+9	1.0645E-3	103.95E+0
641E+0	3.689364754311E+9	1.0245E-3	102.85E+0
642E+0	3.689364755177E+9	1.027E-3	102.35E+0
643E+0	3.689364756042E+9	1.076E-3	103.05E+0
644E+0	3.689364756907E+9	1.116E-3	103.95E+0
645E+0	3.689364757772E+9	1.1585E-3	106E+0
646E+0	3.689364758635E+9	1.18E-3	107.45E+0
647E+0	3.689364759501E+9	1.207E-3	108.05E+0
648E+0	3.689364760368E+9	1.248E-3	108.2E+0
649E+0	3.689364761234E+9	1.2855E-3	108.4E+0
650E+0	3.6893647621E+9	1.303E-3	108.5E+0
651E+0	3.689364762963E+9	1.3035E-3	108.65E+0
652E+0	3.68936476383E+9	1.303E-3	109.05E+0
653E+0	3.689364764694E+9	1.3025E-3	109.15E+0
654E+0	3.68936476556E+9	1.3015E-3	109.25E+0
655E+0	3.689364766426E+9	1.281E-3	109.45E+0
656E+0	3.689364767294E+9	1.2635E-3	109.6E+0
657E+0	3.689364768157E+9	1.249E-3	109.55E+0
658E+0	3.689364769022E+9	1.241E-3	109.15E+0
659E+0	3.689364769887E+9	1.226E-3	109.2E+0
660E+0	3.689364770751E+9	1.222E-3	109.15E+0
661E+0	3.689364771616E+9	1.2255E-3	109.15E+0
662E+0	3.689364772481E+9	1.2395E-3	109E+0
663E+0	3.689364773347E+9	1.2705E-3	108.8E+0
664E+0	3.689364774211E+9	1.2845E-3	108.75E+0
665E+0	3.689364775075E+9	1.2995E-3	108.75E+0
666E+0	3.689364775941E+9	1.3105E-3	108.8E+0
667E+0	3.689364776804E+9	1.3135E-3	108.9E+0
668E+0	3.689364777672E+9	1.249E-3	108.85E+0
669E+0	3.689364778539E+9	1.157E-3	109.05E+0
670E+0	3.689364779402E+9	1.1025E-3	109.25E+0
671E+0	3.689364780268E+9	1.0745E-3	109.7E+0
672E+0	3.689364781133E+9	1.077E-3	109.8E+0
673E+0	3.689364781999E+9	1.0825E-3	109.8E+0
674E+0	3.689364782864E+9	1.093E-3	109.7E+0
675E+0	3.689364783733E+9	1.0775E-3	109.85E+0
676E+0	3.689364784599E+9	1.071E-3	109.8E+0
677E+0	3.689364785463E+9	1.0385E-3	110.5E+0
678E+0	3.689364786328E+9	1.0075E-3	111E+0
679E+0	3.689364787191E+9	994E-6	111.25E+0
680E+0	3.689364788056E+9	985E-6	111.25E+0
681E+0	3.68936478892E+9	996.5E-6	111.05E+0
682E+0	3.689364789786E+9	1.0245E-3	110.55E+0
683E+0	3.68936479065E+9	1.0575E-3	110.35E+0
684E+0	3.689364791515E+9	1.0795E-3	110.2E+0
685E+0	3.68936479238E+9	1.0935E-3	110.25E+0
686E+0	3.689364793245E+9	1.1205E-3	110.05E+0
687E+0	3.68936479411E+9	1.1525E-3	109.85E+0
688E+0	3.689364794975E+9	1.1545E-3	109.9E+0
689E+0	3.689364795838E+9	1.1365E-3	110.1E+0
690E+0	3.689364796704E+9	1.1265E-3	110.15E+0
691E+0	3.689364797569E+9	1.1375E-3	109.95E+0
692E+0	3.689364798434E+9	1.1585E-3	109.3E+0
693E+0	3.6893647993E+9	1.1305E-3	108.2E+0
694E+0	3.689364800168E+9	1.0995E-3	106.9E+0
695E+0	3.689364801032E+9	1.086E-3	105.85E+0
696E+0	3.689364801898E+9	1.0695E-3	105.4E+0
697E+0	3.689364802762E+9	1.075E-3	105.85E+0
698E+0	3.689364803626E+9	1.0875E-3	106.8E+0
699E+0	3.689364804492E+9	1.104E-3	107.25E+0
700E+0	3.689364805357E+9	1.11E-3	107.1E+0
701E+0	3.689364806221E+9	1.122E-3	107.25E+0
702E+0	3.689364807086E+9	1.1255E-3	107.65E+0
703E+0	3.689364807952E+9	1.133E-3	107.95E+0
704E+0	3.689364808816E+9	1.1365E-3	108.05E+0
705E+0	3.68936480968E+9	1.1305E-3	108.15E+0
706E+0	3.689364810545E+9	1.1335E-3	108.2E+0
707E+0	3.68936481141E+9	1.069E-3	108.2E+0
708E+0	3.689364812276E+9	1.0175E-3	108.1E+0
709E+0	3.689364813139E+9	994.5E-6	107.85E+0
710E+0	3.689364814005E+9	990.5E-6	107.7E+0
711E+0	3.689364814869E+9	986.5E-6	107.85E+0
712E+0	3.689364815733E+9	978.5E-6	107.95E+0
713E+0	3.689364816599E+9	965.5E-6	108.2E+0
714E+0	3.689364817466E+9	962E-6	108.3E+0
715E+0	3.689364818329E+9	981.5E-6	108.05E+0
716E+0	3.689364819193E+9	1.022E-3	107.65E+0
717E+0	3.689364820058E+9	1.057E-3	107.95E+0
718E+0	3.689364820923E+9	1.065E-3	108.55E+0
719E+0	3.689364821788E+9	1.0885E-3	108.75E+0
720E+0	3.689364822654E+9	1.0895E-3	109.15E+0
721E+0	3.689364823518E+9	1.097E-3	109.35E+0
722E+0	3.689364824383E+9	1.115E-3	109.3E+0
723E+0	3.689364825248E+9	1.128E-3	108.9E+0
724E+0	3.689364826116E+9	1.1185E-3	108.65E+0
725E+0	3.689364826982E+9	1.1115E-3	108.45E+0
726E+0	3.689364827847E+9	1.102E-3	108.75E+0
727E+0	3.689364828711E+9	1.11E-3	108.85E+0
728E+0	3.689364829576E+9	1.103E-3	108.8E+0
729E+0	3.68936483044E+9	1.0855E-3	108.45E+0
730E+0	3.689364831305E+9	1.0735E-3	108.05E+0
731E+0	3.689364832171E+9	1.0825E-3	107.55E+0
732E+0	3.689364833035E+9	1.1415E-3	106.95E+0
733E+0	3.6893648339E+9	1.166E-3	106.7E+0
734E+0	3.689364834765E+9	1.2575E-3	105.75E+0
735E+0	3.689364835628E+9	1.3645E-3	105.7E+0
736E+0	3.689364836494E+9	1.428E-3	105.5E+0
737E+0	3.68936483736E+9	1.424E-3	105E+0
738E+0	3.689364838224E+9	1.411E-3	105E+0
739E+0	3.689364839088E+9	1.4005E-3	105.15E+0
740E+0	3.689364839953E+9	1.402E-3	105.1E+0
741E+0	3.689364840817E+9	1.44E-3	105.2E+0
742E+0	3.689364841682E+9	1.4335E-3	105.2E+0
743E+0	3.689364842548E+9	1.467E-3	105.05E+0
744E+0	3.689364843412E+9	1.56E-3	105E+0
745E+0	3.689364844277E+9	1.569E-3	105.05E+0
746E+0	3.689364845143E+9	1.564E-3	104.95E+0
747E+0	3.689364846008E+9	1.558E-3	104.95E+0
748E+0	3.689364846873E+9	1.5985E-3	105.1E+0
749E+0	3.689364847738E+9	1.6075E-3	105.05E+0
750E+0	3.689364848601E+9	1.597E-3	104.8E+0
751E+0	3.689364849467E+9	1.5745E-3	104.9E+0
752E+0	3.689364850331E+9	1.5545E-3	104.75E+0
753E+0	3.6893648512E+9	1.542E-3	105E+0
754E+0	3.689364852066E+9	1.539E-3	105.2E+0
755E+0	3.68936485293E+9	1.5495E-3	105.3E+0
756E+0	3.689364853795E+9	1.5625E-3	105.3E+0
757E+0	3.689364854659E+9	1.5605E-3	105.25E+0
758E+0	3.689364855525E+9	1.558E-3	105.3E+0
759E+0	3.689364856388E+9	1.5305E-3	105.15E+0
760E+0	3.689364857254E+9	1.503E-3	105.1E+0
761E+0	3.689364858118E+9	1.5055E-3	104.95E+0
762E+0	3.689364858985E+9	1.509E-3	104.95E+0
763E+0	3.689364859848E+9	1.518E-3	104.85E+0
764E+0	3.689364860714E+9	1.516E-3	104.9E+0
765E+0	3.68936486158E+9	1.523E-3	105E+0
766E+0	3.689364862446E+9	1.522E-3	104.9E+0
767E+0	3.689364863312E+9	1.5225E-3	104.8E+0
768E+0	3.689364864176E+9	1.512E-3	104.3E+0
769E+0	3.689364865042E+9	1.514E-3	104.25E+0
770E+0	3.689364865906E+9	1.5575E-3	105E+0
771E+0	3.689364866772E+9	1.5165E-3	105.1E+0
772E+0	3.689364867636E+9	1.4375E-3	105E+0
773E+0	3.689364868501E+9	1.402E-3	105.25E+0
774E+0	3.689364869365E+9	1.3965E-3	104.95E+0
775E+0	3.68936487023E+9	1.3765E-3	104.95E+0
776E+0	3.689364871095E+9	1.3615E-3	104.85E+0
777E+0	3.68936487196E+9	1.3645E-3	105E+0
778E+0	3.689364872824E+9	1.4185E-3	104.85E+0
779E+0	3.689364873689E+9	1.4545E-3	104.9E+0
780E+0	3.689364874554E+9	1.471E-3	105E+0
781E+0	3.689364875419E+9	1.475E-3	105.15E+0
782E+0	3.689364876284E+9	1.4245E-3	104.95E+0
783E+0	3.689364877149E+9	1.4215E-3	105.05E+0
784E+0	3.689364878014E+9	1.4465E-3	105E+0
785E+0	3.689364878878E+9	1.5235E-3	105.05E+0
786E+0	3.689364879743E+9	1.559E-3	105.4E+0
787E+0	3.689364880608E+9	1.559E-3	105.45E+0
788E+0	3.689364881474E+9	1.544E-3	104.8E+0
789E+0	3.689364882338E+9	1.5185E-3	104.85E+0
790E+0	3.689364883203E+9	1.502E-3	105E+0
791E+0	3.689364884067E+9	1.5355E-3	105.15E+0
792E+0	3.689364884933E+9	1.589E-3	105.85E+0
793E+0	3.689364885797E+9	1.6095E-3	106.05E+0
794E+0	3.689364886663E+9	1.6175E-3	106.25E+0
795E+0	3.689364887531E+9	1.6235E-3	106.35E+0
796E+0	3.689364888396E+9	1.6305E-3	106.4E+0
797E+0	3.68936488926E+9	1.632E-3	106.3E+0
798E+0	3.689364890127E+9	1.5545E-3	105.65E+0
799E+0	3.689364890994E+9	1.505E-3	105.15E+0
800E+0	3.689364891859E+9	1.4845E-3	104.95E+0
801E+0	3.689364892726E+9	1.478E-3	104.65E+0
802E+0	3.689364893589E+9	1.4675E-3	104.35E+0
803E+0	3.689364894454E+9	1.464E-3	104.35E+0
804E+0	3.68936489532E+9	1.4625E-3	104.35E+0
805E+0	3.689364896185E+9	1.4625E-3	104.5E+0
806E+0	3.689364897049E+9	1.47E-3	104.25E+0
807E+0	3.689364897913E+9	1.4675E-3	104.25E+0
808E+0	3.689364898779E+9	1.4615E-3	104.3E+0
809E+0	3.689364899644E+9	1.4545E-3	104.45E+0
810E+0	3.689364900509E+9	1.454E-3	104.35E+0
811E+0	3.689364901372E+9	1.4585E-3	104.45E+0
812E+0	3.689364902238E+9	1.4585E-3	104.35E+0
813E+0	3.689364903102E+9	1.464E-3	104.3E+0
814E+0	3.689364903967E+9	1.4705E-3	104.3E+0
815E+0	3.689364904831E+9	1.4805E-3	104.5E+0
816E+0	3.689364905695E+9	1.5055E-3	104.55E+0
817E+0	3.689364906563E+9	1.505E-3	104.7E+0
818E+0	3.689364907426E+9	1.4885E-3	104.75E+0
819E+0	3.68936490829E+9	1.515E-3	104.95E+0
820E+0	3.689364909156E+9	1.5035E-3	104.85E+0
821E+0	3.689364910021E+9	1.494E-3	104.7E+0
822E+0	3.689364910885E+9	1.508E-3	104.65E+0
823E+0	3.68936491175E+9	1.542E-3	104.65E+0
824E+0	3.689364912614E+9	1.6325E-3	104.95E+0
825E+0	3.68936491348E+9	1.663E-3	105.65E+0
826E+0	3.689364914344E+9	1.6275E-3	105.95E+0
827E+0	3.689364915209E+9	1.623E-3	106.05E+0
828E+0	3.689364916075E+9	1.5955E-3	105.9E+0
829E+0	3.68936491694E+9	1.56E-3	105.5E+0
830E+0	3.689364917805E+9	1.548E-3	105.5E+0
831E+0	3.689364918668E+9	1.549E-3	105.45E+0
832E+0	3.689364919533E+9	1.569E-3	105.65E+0
833E+0	3.689364920397E+9	1.5885E-3	105.6E+0
834E+0	3.689364921263E+9	1.6215E-3	106.05E+0
835E+0	3.689364922129E+9	1.634E-3	106.3E+0
836E+0	3.689364922992E+9	1.6335E-3	106.4E+0
837E+0	3.689364923859E+9	1.6335E-3	106.5E+0
838E+0	3.689364924723E+9	1.6515E-3	106.6E+0
839E+0	3.689364925588E+9	1.6525E-3	106.25E+0
840E+0	3.689364926453E+9	1.657E-3	106.1E+0
841E+0	3.689364927317E+9	1.66E-3	106.1E+0
842E+0	3.689364928182E+9	1.647E-3	105.85E+0
843E+0	3.689364929046E+9	1.6645E-3	106.05E+0
844E+0	3.689364929913E+9	1.681E-3	106.15E+0
845E+0	3.689364930777E+9	1.681E-3	106.05E+0
846E+0	3.689364931641E+9	1.662E-3	105.9E+0
847E+0	3.689364932506E+9	1.68E-3	106.1E+0
848E+0	3.689364933372E+9	1.688E-3	106.15E+0
849E+0	3.689364934238E+9	1.6735E-3	105.95E+0
850E+0	3.689364935105E+9	1.6405E-3	105.7E+0
851E+0	3.689364935968E+9	1.6455E-3	106.3E+0
852E+0	3.689364936834E+9	1.6455E-3	106.6E+0
853E+0	3.689364937699E+9	1.6445E-3	106.55E+0
854E+0	3.689364938564E+9	1.6455E-3	106.5E+0
855E+0	3.689364939433E+9	1.643E-3	106.5E+0
856E+0	3.689364940298E+9	1.632E-3	106.5E+0
857E+0	3.689364941162E+9	1.6145E-3	106.15E+0
858E+0	3.689364942027E+9	1.596E-3	106E+0
859E+0	3.689364942893E+9	1.592E-3	105.95E+0
860E+0	3.689364943756E+9	1.59E-3	105.95E+0
861E+0	3.689364944622E+9	1.6075E-3	105.95E+0
862E+0	3.689364945487E+9	1.6225E-3	105.85E+0
863E+0	3.689364946352E+9	1.607E-3	105.6E+0
864E+0	3.689364947216E+9	1.599E-3	105.55E+0
865E+0	3.689364948082E+9	1.6145E-3	105.4E+0
866E+0	3.689364948946E+9	1.6095E-3	105.45E+0
867E+0	3.689364949811E+9	1.618E-3	105.65E+0
868E+0	3.689364950674E+9	1.596E-3	105.45E+0
869E+0	3.68936495154E+9	1.5625E-3	105.05E+0
870E+0	3.689364952405E+9	1.563E-3	105.3E+0
871E+0	3.68936495327E+9	1.57E-3	105.3E+0
872E+0	3.689364954134E+9	1.5705E-3	105.4E+0
873E+0	3.689364955002E+9	1.5705E-3	105.45E+0
874E+0	3.689364955867E+9	1.575E-3	105.5E+0
875E+0	3.689364956734E+9	1.5665E-3	105.3E+0
876E+0	3.689364957602E+9	1.54E-3	105.15E+0
877E+0	3.689364958468E+9	1.515E-3	104.95E+0
878E+0	3.689364959332E+9	1.4745E-3	104.9E+0
879E+0	3.689364960197E+9	1.4545E-3	104.95E+0
880E+0	3.689364961063E+9	1.493E-3	105.25E+0
881E+0	3.689364961926E+9	1.4835E-3	105.3E+0
882E+0	3.689364962792E+9	1.462E-3	105.25E+0
883E+0	3.689364963661E+9	1.4745E-3	105.05E+0
884E+0	3.689364964524E+9	1.476E-3	105.05E+0
885E+0	3.689364965391E+9	1.4785E-3	104.9E+0
886E+0	3.689364966255E+9	1.4915E-3	104.95E+0
887E+0	3.689364967119E+9	1.5165E-3	104.85E+0
888E+0	3.689364967984E+9	1.5145E-3	104.85E+0
889E+0	3.689364968849E+9	1.502E-3	104.85E+0
890E+0	3.689364969714E+9	1.5005E-3	104.75E+0
891E+0	3.68936497058E+9	1.5005E-3	104.7E+0
892E+0	3.689364971444E+9	1.494E-3	104.7E+0
893E+0	3.689364972308E+9	1.495E-3	104.65E+0
894E+0	3.689364973173E+9	1.495E-3	104.55E+0
895E+0	3.689364974038E+9	1.4925E-3	104.65E+0
896E+0	3.689364974904E+9	1.4875E-3	104.6E+0
897E+0	3.689364975768E+9	1.4905E-3	104.65E+0
898E+0	3.689364976632E+9	1.4875E-3	104.8E+0
899E+0	3.689364977497E+9	1.487E-3	104.75E+0
900E+0	3.689364978362E+9	1.4895E-3	104.85E+0
901E+0	3.689364979229E+9	1.49E-3	104.95E+0
902E+0	3.689364980092E+9	1.483E-3	105E+0
903E+0	3.689364980957E+9	1.4595E-3	105.15E+0
904E+0	3.68936498182E+9	1.4185E-3	105.3E+0
905E+0	3.689364982687E+9	1.403E-3	105.1E+0
906E+0	3.689364983551E+9	1.3945E-3	104.9E+0
907E+0	3.689364984416E+9	1.3755E-3	104.9E+0
908E+0	3.68936498528E+9	1.377E-3	104.6E+0
909E+0	3.689364986145E+9	1.383E-3	104.55E+0
910E+0	3.68936498701E+9	1.3915E-3	104.5E+0
911E+0	3.689364987875E+9	1.385E-3	104.55E+0
912E+0	3.68936498874E+9	1.4005E-3	104.6E+0
913E+0	3.689364989605E+9	1.3915E-3	104.75E+0
914E+0	3.689364990469E+9	1.3725E-3	104.8E+0
915E+0	3.689364991334E+9	1.389E-3	104.7E+0
916E+0	3.689364992199E+9	1.3815E-3	104.7E+0
917E+0	3.689364993065E+9	1.3675E-3	104.85E+0
918E+0	3.689364993928E+9	1.3625E-3	104.9E+0
919E+0	3.689364994792E+9	1.3615E-3	105.1E+0
920E+0	3.689364995658E+9	1.353E-3	105.15E+0
921E+0	3.689364996522E+9	1.3105E-3	105.3E+0
922E+0	3.689364997388E+9	1.282E-3	105.5E+0
923E+0	3.689364998254E+9	1.271E-3	105.3E+0
924E+0	3.689364999117E+9	1.244E-3	105.75E+0
925E+0	3.689364999983E+9	1.2225E-3	106.05E+0
926E+0	3.689365000848E+9	1.2225E-3	105.8E+0
927E+0	3.689365001712E+9	1.2385E-3	105.85E+0
928E+0	3.689365002577E+9	1.262E-3	105.85E+0
929E+0	3.689365003442E+9	1.2915E-3	105.6E+0
930E+0	3.689365004307E+9	1.2965E-3	105.45E+0
931E+0	3.689365005172E+9	1.2975E-3	105.35E+0
932E+0	3.68936500604E+9	1.2845E-3	105.55E+0
933E+0	3.689365006906E+9	1.2965E-3	105.6E+0
934E+0	3.689365007771E+9	1.324E-3	105.3E+0
935E+0	3.689365008636E+9	1.344E-3	105.2E+0
936E+0	3.6893650095E+9	1.3535E-3	105.2E+0
937E+0	3.689365010365E+9	1.3555E-3	105.1E+0
938E+0	3.68936501123E+9	1.3585E-3	104.85E+0
939E+0	3.689365012097E+9	1.3675E-3	104.9E+0
940E+0	3.689365012964E+9	1.3645E-3	105.1E+0
941E+0	3.689365013828E+9	1.363E-3	105.25E+0
942E+0	3.689365014694E+9	1.3555E-3	105.3E+0
943E+0	3.689365015556E+9	1.347E-3	105.35E+0
944E+0	3.689365016423E+9	1.3425E-3	105.35E+0
945E+0	3.689365017287E+9	1.3445E-3	105.2E+0
946E+0	3.689365018152E+9	1.3545E-3	105.1E+0
947E+0	3.689365019017E+9	1.353E-3	105.05E+0
948E+0	3.689365019881E+9	1.3625E-3	104.9E+0
949E+0	3.689365020746E+9	1.3835E-3	105E+0
950E+0	3.689365021613E+9	1.389E-3	104.8E+0
951E+0	3.689365022481E+9	1.3915E-3	104.75E+0
952E+0	3.689365023349E+9	1.3985E-3	104.75E+0
953E+0	3.689365024213E+9	1.397E-3	104.85E+0
954E+0	3.689365025078E+9	1.3835E-3	104.85E+0
955E+0	3.689365025943E+9	1.3585E-3	105E+0
956E+0	3.68936502681E+9	1.3585E-3	104.95E+0
957E+0	3.689365027677E+9	1.3735E-3	104.85E+0
958E+0	3.689365028543E+9	1.38E-3	104.8E+0
959E+0	3.689365029406E+9	1.3915E-3	104.75E+0
960E+0	3.689365030272E+9	1.3965E-3	104.75E+0
961E+0	3.689365031137E+9	1.3855E-3	104.85E+0
962E+0	3.689365032002E+9	1.3725E-3	104.85E+0
963E+0	3.689365032866E+9	1.3555E-3	104.9E+0
964E+0	3.689365033732E+9	1.3495E-3	105E+0
965E+0	3.689365034597E+9	1.3365E-3	104.85E+0
966E+0	3.689365035461E+9	1.3315E-3	104.85E+0
967E+0	3.689365036325E+9	1.3065E-3	105.25E+0
968E+0	3.689365037191E+9	1.3E-3	105.35E+0
969E+0	3.689365038056E+9	1.2925E-3	105.35E+0
970E+0	3.689365038924E+9	1.291E-3	105.25E+0
971E+0	3.689365039789E+9	1.291E-3	105.25E+0
972E+0	3.689365040654E+9	1.2855E-3	105.35E+0
973E+0	3.689365041518E+9	1.3E-3	105.15E+0
974E+0	3.689365042385E+9	1.3135E-3	105.05E+0
975E+0	3.689365043253E+9	1.311E-3	105.2E+0
976E+0	3.689365044117E+9	1.318E-3	105.3E+0
977E+0	3.689365044983E+9	1.332E-3	105.4E+0
978E+0	3.689365045847E+9	1.344E-3	105.25E+0
979E+0	3.689365046712E+9	1.337E-3	105.15E+0
980E+0	3.689365047576E+9	1.3365E-3	105.05E+0
981E+0	3.68936504844E+9	1.328E-3	105.25E+0
982E+0	3.689365049305E+9	1.3305E-3	105.35E+0
983E+0	3.689365050171E+9	1.306E-3	105.6E+0
984E+0	3.689365051036E+9	1.219E-3	106.25E+0
985E+0	3.689365051901E+9	1.1545E-3	106.5E+0
986E+0	3.689365052766E+9	1.1285E-3	106.5E+0
987E+0	3.689365053631E+9	1.1085E-3	106.6E+0
988E+0	3.689365054496E+9	1.11E-3	106.6E+0
989E+0	3.689365055363E+9	1.1215E-3	106.25E+0
990E+0	3.68936505623E+9	1.1095E-3	106.35E+0
991E+0	3.689365057094E+9	1.1085E-3	106.55E+0
992E+0	3.689365057958E+9	1.146E-3	106.15E+0
993E+0	3.689365058824E+9	1.173E-3	105.9E+0
994E+0	3.689365059687E+9	1.18E-3	105.9E+0
995E+0	3.689365060554E+9	1.182E-3	105.9E+0
996E+0	3.689365061418E+9	1.1895E-3	105.65E+0
997E+0	3.689365062284E+9	1.187E-3	105.7E+0
998E+0	3.689365063148E+9	1.177E-3	105.7E+0
999E+0	3.689365064013E+9	1.1715E-3	105.85E+0
1E+3	3.689365064878E+9	1.1985E-3	105.65E+0
1.001E+3	3.689365065743E+9	1.218E-3	105.5E+0
1.002E+3	3.689365066606E+9	1.245E-3	105.65E+0
1.003E+3	3.689365067472E+9	1.246E-3	105.45E+0
1.004E+3	3.689365068335E+9	1.2515E-3	105.45E+0
1.005E+3	3.689365069201E+9	1.244E-3	105.7E+0
1.006E+3	3.689365070067E+9	1.24E-3	106E+0
1.007E+3	3.689365070936E+9	1.254E-3	105.75E+0
1.008E+3	3.6893650718E+9	1.2895E-3	105.35E+0
1.009E+3	3.689365072664E+9	1.3065E-3	105.35E+0
1.01E+3	3.689365073531E+9	1.314E-3	105.3E+0
1.011E+3	3.689365074399E+9	1.307E-3	105.25E+0
1.012E+3	3.689365075263E+9	1.274E-3	105.45E+0
1.013E+3	3.689365076127E+9	1.2325E-3	105.7E+0
1.014E+3	3.689365076993E+9	1.2135E-3	105.6E+0
1.015E+3	3.689365077857E+9	1.189E-3	105.8E+0
1.016E+3	3.689365078722E+9	1.191E-3	105.65E+0
1.017E+3	3.689365079587E+9	1.1935E-3	105.9E+0
1.018E+3	3.689365080451E+9	1.193E-3	106.05E+0
1.019E+3	3.689365081317E+9	1.1895E-3	106.05E+0
1.02E+3	3.689365082182E+9	1.1855E-3	106.05E+0
1.021E+3	3.689365083045E+9	1.1785E-3	106.15E+0
1.022E+3	3.689365083912E+9	1.1755E-3	106.1E+0
1.023E+3	3.689365084776E+9	1.1725E-3	106.15E+0
1.024E+3	3.68936508564E+9	1.149E-3	106.5E+0
1.025E+3	3.689365086504E+9	1.145E-3	106.55E+0
1.026E+3	3.689365087371E+9	1.1485E-3	106.6E+0
1.027E+3	3.689365088236E+9	1.147E-3	106.5E+0
1.028E+3	3.689365089104E+9	1.178E-3	106.1E+0
1.029E+3	3.689365089969E+9	1.204E-3	105.95E+0
1.03E+3	3.689365090835E+9	1.2065E-3	106.05E+0
1.031E+3	3.689365091699E+9	1.2005E-3	106.4E+0
1.032E+3	3.689365092563E+9	1.2205E-3	106.2E+0
1.033E+3	3.689365093428E+9	1.2185E-3	106.45E+0
1.034E+3	3.689365094292E+9	1.2095E-3	106.9E+0
1.035E+3	3.689365095159E+9	1.207E-3	106.6E+0
1.036E+3	3.689365096023E+9	1.2115E-3	106.55E+0
1.037E+3	3.689365096887E+9	1.2075E-3	106.55E+0
1.038E+3	3.689365097752E+9	1.1965E-3	106.6E+0
1.039E+3	3.689365098617E+9	1.2015E-3	106.8E+0
1.04E+3	3.689365099483E+9	1.2045E-3	107.05E+0
1.041E+3	3.689365100347E+9	1.2135E-3	106.8E+0
1.042E+3	3.689365101212E+9	1.26E-3	106.25E+0
1.043E+3	3.689365102076E+9	1.274E-3	106.1E+0
1.044E+3	3.689365102941E+9	1.2815E-3	105.85E+0
1.045E+3	3.689365103807E+9	1.2735E-3	105.6E+0
1.046E+3	3.689365104671E+9	1.2755E-3	105.5E+0
1.047E+3	3.689365105534E+9	1.2705E-3	105.5E+0
1.048E+3	3.6893651064E+9	1.2685E-3	105.45E+0
1.049E+3	3.689365107265E+9	1.2725E-3	105E+0
1.05E+3	3.689365108131E+9	1.291E-3	104.9E+0
1.051E+3	3.689365108995E+9	1.294E-3	105.1E+0
1.052E+3	3.68936510986E+9	1.31E-3	105.3E+0
1.053E+3	3.689365110726E+9	1.3E-3	105.35E+0
1.054E+3	3.68936511159E+9	1.31E-3	105.4E+0
1.055E+3	3.689365112454E+9	1.334E-3	105.2E+0
1.056E+3	3.689365113319E+9	1.358E-3	105E+0
1.057E+3	3.689365114184E+9	1.371E-3	105.15E+0
1.058E+3	3.689365115049E+9	1.359E-3	105.45E+0
1.059E+3	3.689365115915E+9	1.3675E-3	105.4E+0
1.06E+3	3.689365116783E+9	1.3855E-3	105.4E+0
1.061E+3	3.689365117647E+9	1.395E-3	105.55E+0
1.062E+3	3.689365118513E+9	1.385E-3	105.4E+0
1.063E+3	3.689365119376E+9	1.3745E-3	105.25E+0
1.064E+3	3.689365120241E+9	1.375E-3	105.1E+0
1.065E+3	3.689365121107E+9	1.376E-3	104.95E+0
1.066E+3	3.689365121972E+9	1.3615E-3	104.85E+0
1.067E+3	3.689365122836E+9	1.3615E-3	104.9E+0
1.068E+3	3.689365123701E+9	1.3525E-3	105E+0
1.069E+3	3.689365124566E+9	1.3565E-3	105E+0
1.07E+3	3.68936512543E+9	1.331E-3	105.05E+0
1.071E+3	3.689365126295E+9	1.325E-3	105.15E+0
1.072E+3	3.68936512716E+9	1.2995E-3	105.3E+0
1.073E+3	3.689365128024E+9	1.271E-3	105.4E+0
1.074E+3	3.68936512889E+9	1.266E-3	105.4E+0
1.075E+3	3.689365129754E+9	1.3085E-3	105.3E+0
1.076E+3	3.68936513062E+9	1.373E-3	105.15E+0
1.077E+3	3.689365131484E+9	1.4275E-3	105.05E+0
1.078E+3	3.689365132349E+9	1.4315E-3	105.2E+0
1.079E+3	3.689365133214E+9	1.443E-3	105.2E+0
1.08E+3	3.689365134079E+9	1.438E-3	105.25E+0
1.081E+3	3.689365134944E+9	1.464E-3	105.15E+0
1.082E+3	3.689365135808E+9	1.464E-3	105.2E+0
1.083E+3	3.689365136673E+9	1.471E-3	105.2E+0
1.084E+3	3.689365137537E+9	1.481E-3	105.25E+0
1.085E+3	3.689365138403E+9	1.486E-3	105.35E+0
1.086E+3	3.689365139268E+9	1.4895E-3	105.25E+0
1.087E+3	3.689365140132E+9	1.4695E-3	104.95E+0
1.088E+3	3.689365140997E+9	1.468E-3	104.9E+0
1.089E+3	3.689365141861E+9	1.4875E-3	105E+0
1.09E+3	3.689365142727E+9	1.4915E-3	104.95E+0
1.091E+3	3.689365143593E+9	1.5035E-3	104.85E+0
1.092E+3	3.689365144459E+9	1.5165E-3	104.95E+0
1.093E+3	3.689365145325E+9	1.522E-3	104.55E+0
1.094E+3	3.689365146189E+9	1.516E-3	104.7E+0
1.095E+3	3.689365147055E+9	1.5195E-3	105E+0
1.096E+3	3.68936514792E+9	1.5195E-3	105.1E+0
1.097E+3	3.689365148785E+9	1.5115E-3	105.15E+0
1.098E+3	3.689365149651E+9	1.496E-3	104.95E+0
1.099E+3	3.689365150514E+9	1.457E-3	104.85E+0
1.1E+3	3.689365151379E+9	1.404E-3	104.9E+0
1.101E+3	3.689365152244E+9	1.3775E-3	104.9E+0
1.102E+3	3.689365153109E+9	1.3715E-3	104.95E+0
1.103E+3	3.689365153973E+9	1.3735E-3	104.55E+0
1.104E+3	3.689365154839E+9	1.3685E-3	104.45E+0
1.105E+3	3.689365155708E+9	1.349E-3	104.55E+0
1.106E+3	3.689365156572E+9	1.3245E-3	104.7E+0
1.107E+3	3.689365157436E+9	1.3085E-3	104.75E+0
1.108E+3	3.689365158302E+9	1.306E-3	104.55E+0
1.109E+3	3.689365159167E+9	1.304E-3	104.5E+0
1.11E+3	3.689365160031E+9	1.311E-3	104.45E+0
1.111E+3	3.689365160896E+9	1.3085E-3	104.25E+0
1.112E+3	3.689365161761E+9	1.299E-3	104.45E+0
1.113E+3	3.689365162627E+9	1.2925E-3	104.5E+0
1.114E+3	3.689365163496E+9	1.2915E-3	104.3E+0
1.115E+3	3.68936516436E+9	1.289E-3	104.55E+0
1.116E+3	3.689365165224E+9	1.2875E-3	104.45E+0
1.117E+3	3.68936516609E+9	1.3035E-3	104.6E+0
1.118E+3	3.689365166954E+9	1.316E-3	104.65E+0
1.119E+3	3.68936516782E+9	1.3495E-3	104.95E+0
1.12E+3	3.689365168683E+9	1.3465E-3	104.8E+0
1.121E+3	3.689365169548E+9	1.372E-3	104.7E+0
1.122E+3	3.689365170414E+9	1.403E-3	104.65E+0
1.123E+3	3.689365171279E+9	1.447E-3	104.7E+0
1.124E+3	3.689365172145E+9	1.442E-3	104.55E+0
1.125E+3	3.689365173012E+9	1.429E-3	104.8E+0
1.126E+3	3.689365173877E+9	1.416E-3	104.75E+0
1.127E+3	3.689365174741E+9	1.417E-3	104.8E+0
1.128E+3	3.689365175606E+9	1.414E-3	104.85E+0
1.129E+3	3.68936517647E+9	1.4095E-3	104.85E+0
1.13E+3	3.689365177337E+9	1.4035E-3	104.9E+0
1.131E+3	3.689365178201E+9	1.4E-3	104.9E+0
1.132E+3	3.689365179066E+9	1.39E-3	105E+0
1.133E+3	3.689365179932E+9	1.3705E-3	105.15E+0
1.134E+3	3.689365180796E+9	1.3745E-3	105.15E+0
1.135E+3	3.68936518166E+9	1.3725E-3	105.05E+0
1.136E+3	3.689365182526E+9	1.367E-3	104.8E+0
1.137E+3	3.68936518339E+9	1.3625E-3	104.7E+0
1.138E+3	3.689365184255E+9	1.3735E-3	104.75E+0
1.139E+3	3.689365185119E+9	1.3675E-3	104.85E+0
1.14E+3	3.689365185985E+9	1.3615E-3	105.05E+0
1.141E+3	3.689365186848E+9	1.347E-3	105.15E+0
1.142E+3	3.689365187714E+9	1.3545E-3	105.15E+0
1.143E+3	3.689365188579E+9	1.3795E-3	105.05E+0
1.144E+3	3.689365189444E+9	1.3855E-3	105.15E+0
1.145E+3	3.689365190309E+9	1.404E-3	105E+0
1.146E+3	3.689365191174E+9	1.4155E-3	104.85E+0
1.147E+3	3.689365192037E+9	1.42E-3	104.8E+0
1.148E+3	3.689365192903E+9	1.43E-3	105E+0
1.149E+3	3.689365193768E+9	1.4095E-3	104.7E+0
1.15E+3	3.689365194632E+9	1.411E-3	104.6E+0
1.151E+3	3.689365195497E+9	1.452E-3	104.6E+0
1.152E+3	3.689365196363E+9	1.4695E-3	104.4E+0
1.153E+3	3.689365197228E+9	1.4755E-3	104.45E+0
1.154E+3	3.689365198092E+9	1.414E-3	104.55E+0
1.155E+3	3.689365198958E+9	1.319E-3	104.5E+0
1.156E+3	3.689365199826E+9	1.271E-3	104.7E+0
1.157E+3	3.689365200692E+9	1.2005E-3	105.45E+0
1.158E+3	3.689365201555E+9	1.156E-3	106.4E+0
1.159E+3	3.68936520242E+9	1.114E-3	106.95E+0
1.16E+3	3.689365203285E+9	1.087E-3	107.25E+0
1.161E+3	3.68936520415E+9	1.0745E-3	107.2E+0
1.162E+3	3.689365205015E+9	1.0815E-3	107.15E+0
1.163E+3	3.68936520588E+9	1.076E-3	107.25E+0
1.164E+3	3.689365206745E+9	1.0695E-3	107.3E+0
1.165E+3	3.689365207609E+9	1.0615E-3	107.1E+0
1.166E+3	3.689365208475E+9	1.07E-3	106.8E+0
1.167E+3	3.689365209342E+9	1.079E-3	106.7E+0
1.168E+3	3.689365210208E+9	1.0745E-3	106.8E+0
1.169E+3	3.689365211071E+9	1.0625E-3	106.95E+0
1.17E+3	3.689365211937E+9	1.047E-3	106.85E+0
1.171E+3	3.689365212802E+9	1.0535E-3	106.85E+0
1.172E+3	3.689365213666E+9	1.0535E-3	106.75E+0
1.173E+3	3.689365214532E+9	1.0605E-3	106.7E+0
1.174E+3	3.689365215397E+9	1.0805E-3	106.65E+0
1.175E+3	3.689365216262E+9	1.1105E-3	106.5E+0
1.176E+3	3.689365217126E+9	1.1305E-3	106.2E+0
1.177E+3	3.689365217992E+9	1.098E-3	106.35E+0
1.178E+3	3.689365218856E+9	1.0735E-3	106.45E+0
1.179E+3	3.689365219721E+9	1.0595E-3	106.6E+0
1.18E+3	3.689365220586E+9	1.0465E-3	106.65E+0
1.181E+3	3.689365221451E+9	1.052E-3	106.7E+0
1.182E+3	3.689365222314E+9	1.0675E-3	106.6E+0
1.183E+3	3.689365223181E+9	1.081E-3	106.55E+0
1.184E+3	3.689365224045E+9	1.0805E-3	106.55E+0
1.185E+3	3.68936522491E+9	1.069E-3	106.6E+0
1.186E+3	3.689365225775E+9	1.051E-3	106.55E+0
1.187E+3	3.689365226638E+9	1.048E-3	106.45E+0
1.188E+3	3.689365227504E+9	1.0495E-3	106.5E+0
1.189E+3	3.689365228368E+9	1.047E-3	106.85E+0
1.19E+3	3.689365229233E+9	1.0435E-3	107.05E+0
1.191E+3	3.689365230098E+9	1.0395E-3	107.1E+0
1.192E+3	3.689365230962E+9	1.037E-3	106.95E+0
1.193E+3	3.689365231828E+9	1.032E-3	107E+0
1.194E+3	3.689365232693E+9	1.0495E-3	107.05E+0
1.195E+3	3.689365233557E+9	1.087E-3	107.1E+0
1.196E+3	3.689365234425E+9	1.0755E-3	107.2E+0
1.197E+3	3.689365235291E+9	1.063E-3	107.1E+0
1.198E+3	3.689365236157E+9	1.0425E-3	107.25E+0
1.199E+3	3.689365237021E+9	1.04E-3	107.35E+0
1.2E+3	3.689365237887E+9	1.0555E-3	107.1E+0
1.201E+3	3.689365238751E+9	1.075E-3	107.05E+0
1.202E+3	3.689365239617E+9	1.074E-3	106.5E+0
1.203E+3	3.689365240482E+9	1.0705E-3	106.55E+0
1.204E+3	3.689365241346E+9	1.055E-3	106.5E+0
1.205E+3	3.689365242211E+9	1.051E-3	106.45E+0
1.206E+3	3.689365243076E+9	1.0575E-3	106.2E+0
1.207E+3	3.689365243939E+9	1.0735E-3	106.2E+0
1.208E+3	3.689365244804E+9	1.0785E-3	106.35E+0
1.209E+3	3.689365245668E+9	1.0705E-3	106.55E+0
1.21E+3	3.689365246534E+9	1.0925E-3	106.45E+0
1.211E+3	3.6893652474E+9	1.106E-3	106.55E+0
1.212E+3	3.689365248264E+9	1.101E-3	106.6E+0
1.213E+3	3.689365249128E+9	1.112E-3	106.55E+0
1.214E+3	3.689365249995E+9	1.121E-3	106.35E+0
1.215E+3	3.689365250858E+9	1.1085E-3	106.4E+0
1.216E+3	3.689365251723E+9	1.0935E-3	106.35E+0
1.217E+3	3.689365252587E+9	1.0785E-3	106.45E+0
1.218E+3	3.689365253451E+9	1.0705E-3	106.4E+0
1.219E+3	3.689365254317E+9	1.0685E-3	106.15E+0
1.22E+3	3.689365255182E+9	1.0625E-3	106.05E+0
1.221E+3	3.689365256047E+9	1.051E-3	106.15E+0
1.222E+3	3.689365256912E+9	1.059E-3	106.15E+0
1.223E+3	3.689365257778E+9	1.0625E-3	106.2E+0
1.224E+3	3.689365258642E+9	1.066E-3	106.2E+0
1.225E+3	3.689365259506E+9	1.0755E-3	106.1E+0
1.226E+3	3.689365260371E+9	1.0865E-3	105.95E+0
1.227E+3	3.689365261236E+9	1.0755E-3	106.1E+0
1.228E+3	3.6893652621E+9	1.0615E-3	106.3E+0
1.229E+3	3.689365262965E+9	1.0475E-3	106.55E+0
1.23E+3	3.689365263831E+9	1.0405E-3	106.55E+0
1.231E+3	3.689365264696E+9	1.0345E-3	106.6E+0
1.232E+3	3.689365265561E+9	1.0285E-3	106.7E+0
1.233E+3	3.689365266425E+9	1.033E-3	106.8E+0
1.234E+3	3.68936526729E+9	1.054E-3	106.6E+0
1.235E+3	3.689365268156E+9	1.0655E-3	106.6E+0
1.236E+3	3.689365269025E+9	1.0675E-3	106.55E+0
1.237E+3	3.689365269889E+9	1.0615E-3	106.55E+0
1.238E+3	3.689365270753E+9	1.0825E-3	106.55E+0
1.239E+3	3.689365271619E+9	1.1E-3	106.55E+0
1.24E+3	3.689365272487E+9	1.094E-3	106.1E+0
1.241E+3	3.689365273352E+9	1.1155E-3	105.9E+0
1.242E+3	3.689365274217E+9	1.1205E-3	105.95E+0
1.243E+3	3.689365275083E+9	1.0935E-3	106.2E+0
1.244E+3	3.689365275947E+9	1.0965E-3	106.15E+0
1.245E+3	3.689365276816E+9	1.0875E-3	106.35E+0
1.246E+3	3.68936527768E+9	1.0765E-3	106.25E+0
1.247E+3	3.689365278545E+9	1.0655E-3	106.4E+0
1.248E+3	3.689365279411E+9	1.0785E-3	106E+0
1.249E+3	3.689365280274E+9	1.0945E-3	106E+0
1.25E+3	3.68936528114E+9	1.1035E-3	105.85E+0
1.251E+3	3.689365282004E+9	1.123E-3	105.75E+0
1.252E+3	3.689365282868E+9	1.106E-3	105.9E+0
1.253E+3	3.689365283733E+9	1.102E-3	105.95E+0
1.254E+3	3.689365284598E+9	1.112E-3	105.85E+0
1.255E+3	3.689365285462E+9	1.12E-3	105.7E+0
1.256E+3	3.689365286328E+9	1.11E-3	105.9E+0
1.257E+3	3.689365287193E+9	1.116E-3	105.9E+0
1.258E+3	3.689365288058E+9	1.1315E-3	105.9E+0
1.259E+3	3.689365288924E+9	1.1365E-3	105.9E+0
1.26E+3	3.689365289788E+9	1.111E-3	106.1E+0
1.261E+3	3.689365290651E+9	1.1385E-3	105.65E+0
1.262E+3	3.689365291517E+9	1.1945E-3	105.5E+0
1.263E+3	3.689365292383E+9	1.2135E-3	106E+0
1.264E+3	3.689365293251E+9	1.218E-3	106.45E+0
1.265E+3	3.689365294115E+9	1.236E-3	106.55E+0
1.266E+3	3.689365294982E+9	1.237E-3	106.75E+0
1.267E+3	3.68936529585E+9	1.254E-3	106.95E+0
1.268E+3	3.689365296715E+9	1.2465E-3	106.95E+0
1.269E+3	3.689365297583E+9	1.2605E-3	107.05E+0
1.27E+3	3.689365298448E+9	1.2785E-3	106.9E+0
1.271E+3	3.689365299313E+9	1.2665E-3	107.25E+0
1.272E+3	3.689365300178E+9	1.2495E-3	107.5E+0
1.273E+3	3.689365301043E+9	1.232E-3	107.75E+0
1.274E+3	3.689365301907E+9	1.223E-3	107.95E+0
1.275E+3	3.689365302771E+9	1.2145E-3	108E+0
1.276E+3	3.689365303637E+9	1.2295E-3	107.9E+0
1.277E+3	3.689365304501E+9	1.262E-3	107.75E+0
1.278E+3	3.689365305366E+9	1.268E-3	107.7E+0
1.279E+3	3.689365306231E+9	1.255E-3	107.75E+0
1.28E+3	3.689365307096E+9	1.264E-3	107.5E+0
1.281E+3	3.68936530796E+9	1.2635E-3	107.5E+0
1.282E+3	3.689365308826E+9	1.292E-3	107.5E+0
1.283E+3	3.68936530969E+9	1.3085E-3	107.45E+0
1.284E+3	3.689365310554E+9	1.2895E-3	107.6E+0
1.285E+3	3.689365311421E+9	1.276E-3	107.7E+0
1.286E+3	3.68936531229E+9	1.324E-3	107.65E+0
1.287E+3	3.689365313156E+9	1.3255E-3	107.55E+0
1.288E+3	3.689365314022E+9	1.2885E-3	107.55E+0
1.289E+3	3.689365314888E+9	1.2605E-3	107.75E+0
1.29E+3	3.689365315752E+9	1.314E-3	107.5E+0
1.291E+3	3.689365316619E+9	1.324E-3	107.55E+0
1.292E+3	3.689365317487E+9	1.308E-3	107.6E+0
1.293E+3	3.689365318351E+9	1.285E-3	107.7E+0
1.294E+3	3.689365319215E+9	1.255E-3	107.65E+0
1.295E+3	3.689365320082E+9	1.254E-3	107.55E+0
1.296E+3	3.689365320946E+9	1.2845E-3	107.45E+0
1.297E+3	3.689365321811E+9	1.279E-3	107.5E+0
1.298E+3	3.689365322676E+9	1.258E-3	107.5E+0
1.299E+3	3.68936532354E+9	1.2425E-3	107.6E+0
1.3E+3	3.689365324404E+9	1.251E-3	107.65E+0
1.301E+3	3.68936532527E+9	1.236E-3	107.8E+0
1.302E+3	3.689365326135E+9	1.2145E-3	107.95E+0
1.303E+3	3.689365327E+9	1.2005E-3	108E+0
1.304E+3	3.689365327865E+9	1.1955E-3	108E+0
1.305E+3	3.689365328728E+9	1.171E-3	108.2E+0
1.306E+3	3.689365329594E+9	1.1715E-3	108.15E+0
1.307E+3	3.689365330458E+9	1.177E-3	108.2E+0
1.308E+3	3.689365331323E+9	1.19E-3	108.15E+0
1.309E+3	3.689365332188E+9	1.193E-3	108.1E+0
1.31E+3	3.689365333054E+9	1.1825E-3	108.05E+0
1.311E+3	3.689365333919E+9	1.179E-3	108E+0
1.312E+3	3.689365334783E+9	1.179E-3	108.05E+0
1.313E+3	3.689365335648E+9	1.194E-3	107.85E+0
1.314E+3	3.689365336512E+9	1.191E-3	107.9E+0
1.315E+3	3.689365337379E+9	1.1895E-3	107.9E+0
1.316E+3	3.689365338246E+9	1.188E-3	107.95E+0
1.317E+3	3.689365339111E+9	1.197E-3	107.75E+0
1.318E+3	3.689365339977E+9	1.2095E-3	107.55E+0
1.319E+3	3.689365340841E+9	1.21E-3	107.65E+0
1.32E+3	3.689365341707E+9	1.214E-3	107.65E+0
1.321E+3	3.689365342569E+9	1.227E-3	107.55E+0
1.322E+3	3.689365343437E+9	1.2385E-3	107.6E+0
1.323E+3	3.6893653443E+9	1.2315E-3	107.95E+0
1.324E+3	3.689365345167E+9	1.2125E-3	108E+0
1.325E+3	3.689365346034E+9	1.189E-3	108.2E+0
1.326E+3	3.689365346898E+9	1.161E-3	108.35E+0
1.327E+3	3.689365347763E+9	1.143E-3	108.15E+0
1.328E+3	3.689365348628E+9	1.1145E-3	107.65E+0
1.329E+3	3.689365349493E+9	1.106E-3	107.2E+0
1.33E+3	3.689365350358E+9	1.0985E-3	107.05E+0
1.331E+3	3.689365351222E+9	1.0955E-3	107E+0
1.332E+3	3.689365352088E+9	1.0935E-3	107.1E+0
1.333E+3	3.689365352953E+9	1.106E-3	107.05E+0
1.334E+3	3.689365353818E+9	1.1115E-3	106.7E+0
1.335E+3	3.689365354686E+9	1.112E-3	106.9E+0
1.336E+3	3.689365355551E+9	1.1275E-3	106.55E+0
1.337E+3	3.689365356417E+9	1.15E-3	106.5E+0
1.338E+3	3.689365357285E+9	1.1705E-3	106.45E+0
1.339E+3	3.689365358149E+9	1.173E-3	106.55E+0
1.34E+3	3.689365359014E+9	1.1835E-3	106.75E+0
1.341E+3	3.689365359879E+9	1.1865E-3	106.55E+0
1.342E+3	3.689365360745E+9	1.1825E-3	106.55E+0
1.343E+3	3.689365361609E+9	1.1915E-3	106.5E+0
1.344E+3	3.689365362472E+9	1.2055E-3	106.9E+0
1.345E+3	3.689365363339E+9	1.1885E-3	107.25E+0
1.346E+3	3.689365364202E+9	1.2005E-3	107.45E+0
1.347E+3	3.689365365067E+9	1.198E-3	107.75E+0
1.348E+3	3.689365365934E+9	1.2015E-3	108.05E+0
1.349E+3	3.689365366802E+9	1.193E-3	108.15E+0
1.35E+3	3.689365367666E+9	1.2005E-3	108.4E+0
1.351E+3	3.689365368531E+9	1.2015E-3	108.6E+0
1.352E+3	3.689365369395E+9	1.204E-3	108.55E+0
1.353E+3	3.68936537026E+9	1.194E-3	108.8E+0
1.354E+3	3.689365371125E+9	1.1935E-3	108.55E+0
1.355E+3	3.68936537199E+9	1.1995E-3	108.3E+0
1.356E+3	3.689365372857E+9	1.2005E-3	108.35E+0
1.357E+3	3.689365373722E+9	1.195E-3	108.4E+0
1.358E+3	3.689365374589E+9	1.1905E-3	108.45E+0
1.359E+3	3.689365375454E+9	1.183E-3	108.75E+0
1.36E+3	3.689365376319E+9	1.204E-3	108.8E+0
1.361E+3	3.689365377184E+9	1.226E-3	108.5E+0
1.362E+3	3.689365378049E+9	1.2735E-3	107.75E+0
1.363E+3	3.689365378914E+9	1.307E-3	107.3E+0
1.364E+3	3.689365379782E+9	1.3115E-3	107.3E+0
1.365E+3	3.689365380647E+9	1.288E-3	107.5E+0
1.366E+3	3.689365381511E+9	1.295E-3	107.5E+0
1.367E+3	3.689365382376E+9	1.314E-3	107.4E+0
1.368E+3	3.689365383242E+9	1.292E-3	107.65E+0
1.369E+3	3.689365384106E+9	1.2775E-3	107.85E+0
1.37E+3	3.689365384972E+9	1.2735E-3	107.75E+0
1.371E+3	3.689365385837E+9	1.268E-3	107.75E+0
1.372E+3	3.689365386699E+9	1.2565E-3	107.95E+0
1.373E+3	3.689365387566E+9	1.261E-3	108.05E+0
1.374E+3	3.689365388431E+9	1.2605E-3	108.05E+0
1.375E+3	3.689365389295E+9	1.276E-3	108.05E+0
1.376E+3	3.68936539016E+9	1.2925E-3	108.1E+0
1.377E+3	3.689365391025E+9	1.297E-3	108.05E+0
1.378E+3	3.689365391891E+9	1.289E-3	108.25E+0
1.379E+3	3.689365392755E+9	1.262E-3	108.75E+0
1.38E+3	3.68936539362E+9	1.2575E-3	108.9E+0
1.381E+3	3.689365394483E+9	1.291E-3	108.7E+0
1.382E+3	3.689365395348E+9	1.308E-3	108.9E+0
1.383E+3	3.689365396213E+9	1.2925E-3	109.15E+0
1.384E+3	3.689365397079E+9	1.3085E-3	109E+0
1.385E+3	3.689365397944E+9	1.3205E-3	108.75E+0
1.386E+3	3.689365398808E+9	1.3205E-3	108.7E+0
1.387E+3	3.689365399673E+9	1.3115E-3	108.85E+0
1.388E+3	3.689365400537E+9	1.2965E-3	109.15E+0
1.389E+3	3.689365401403E+9	1.298E-3	109.15E+0
1.39E+3	3.689365402268E+9	1.291E-3	109.3E+0
1.391E+3	3.689365403132E+9	1.284E-3	109.3E+0
1.392E+3	3.689365403998E+9	1.271E-3	109E+0
1.393E+3	3.689365404861E+9	1.282E-3	108.9E+0
1.394E+3	3.689365405727E+9	1.305E-3	108.8E+0
1.395E+3	3.689365406592E+9	1.313E-3	108.85E+0
1.396E+3	3.689365407456E+9	1.318E-3	108.85E+0
1.397E+3	3.689365408321E+9	1.314E-3	108.95E+0
1.398E+3	3.689365409186E+9	1.303E-3	109.4E+0
1.399E+3	3.68936541005E+9	1.3005E-3	109.55E+0
1.4E+3	3.689365410916E+9	1.3045E-3	109.5E+0
1.401E+3	3.68936541178E+9	1.3115E-3	109.45E+0
1.402E+3	3.689365412646E+9	1.316E-3	109.25E+0
1.403E+3	3.689365413509E+9	1.289E-3	108.7E+0
1.404E+3	3.689365414374E+9	1.2825E-3	108.65E+0
1.405E+3	3.689365415238E+9	1.2865E-3	108.7E+0
1.406E+3	3.689365416103E+9	1.284E-3	108.8E+0
1.407E+3	3.68936541697E+9	1.3005E-3	109.2E+0
1.408E+3	3.689365417834E+9	1.3155E-3	109.05E+0
1.409E+3	3.689365418698E+9	1.311E-3	108.4E+0
1.41E+3	3.689365419563E+9	1.322E-3	108.55E+0
1.411E+3	3.689365420428E+9	1.3315E-3	108.35E+0
1.412E+3	3.689365421294E+9	1.3425E-3	107.85E+0
1.413E+3	3.689365422158E+9	1.352E-3	107.55E+0
1.414E+3	3.689365423022E+9	1.3605E-3	107.75E+0
1.415E+3	3.689365423888E+9	1.409E-3	107.95E+0
1.416E+3	3.689365424753E+9	1.4095E-3	108E+0
1.417E+3	3.689365425618E+9	1.3945E-3	107.85E+0
1.418E+3	3.689365426483E+9	1.428E-3	107.6E+0
1.419E+3	3.689365427347E+9	1.46E-3	107.7E+0
1.42E+3	3.689365428213E+9	1.43E-3	107.75E+0
1.421E+3	3.689365429077E+9	1.4275E-3	107.75E+0
1.422E+3	3.689365429942E+9	1.44E-3	107.85E+0
1.423E+3	3.689365430806E+9	1.466E-3	107.7E+0
1.424E+3	3.689365431672E+9	1.465E-3	107.55E+0
1.425E+3	3.689365432537E+9	1.454E-3	106.8E+0
1.426E+3	3.689365433401E+9	1.4485E-3	106.95E+0
1.427E+3	3.689365434267E+9	1.447E-3	107.1E+0
1.428E+3	3.689365435136E+9	1.4445E-3	107.15E+0
1.429E+3	3.689365436E+9	1.44E-3	107.15E+0
1.43E+3	3.689365436865E+9	1.425E-3	107.2E+0
1.431E+3	3.689365437729E+9	1.411E-3	107.3E+0
1.432E+3	3.689365438593E+9	1.407E-3	107.3E+0
1.433E+3	3.68936543946E+9	1.4225E-3	107.25E+0
1.434E+3	3.689365440323E+9	1.424E-3	107.15E+0
1.435E+3	3.689365441188E+9	1.42E-3	107.15E+0
1.436E+3	3.689365442052E+9	1.4355E-3	106.95E+0
1.437E+3	3.689365442917E+9	1.439E-3	106.85E+0
1.438E+3	3.689365443784E+9	1.4125E-3	106.85E+0
1.439E+3	3.689365444648E+9	1.4115E-3	106.75E+0
1.44E+3	3.689365445512E+9	1.426E-3	106.75E+0
1.441E+3	3.689365446376E+9	1.4195E-3	106.8E+0
1.442E+3	3.689365447242E+9	1.4205E-3	106.8E+0
1.443E+3	3.689365448107E+9	1.4265E-3	106.9E+0
1.444E+3	3.689365448973E+9	1.427E-3	106.9E+0
1.445E+3	3.689365449836E+9	1.3885E-3	107E+0
1.446E+3	3.689365450701E+9	1.375E-3	107.2E+0
1.447E+3	3.689365451565E+9	1.3825E-3	107.05E+0
1.448E+3	3.689365452431E+9	1.3885E-3	107.15E+0
1.449E+3	3.689365453295E+9	1.3665E-3	107.4E+0
1.45E+3	3.68936545416E+9	1.3765E-3	107.3E+0
1.451E+3	3.689365455025E+9	1.387E-3	107.2E+0
1.452E+3	3.68936545589E+9	1.396E-3	106.9E+0
1.453E+3	3.689365456756E+9	1.392E-3	107E+0
1.454E+3	3.689365457619E+9	1.391E-3	106.95E+0
1.455E+3	3.689365458485E+9	1.396E-3	107.05E+0
1.456E+3	3.689365459355E+9	1.418E-3	106.8E+0
1.457E+3	3.689365460219E+9	1.426E-3	106.8E+0
1.458E+3	3.689365461085E+9	1.4355E-3	106.6E+0
1.459E+3	3.689365461947E+9	1.4285E-3	106.65E+0
1.46E+3	3.689365462814E+9	1.4175E-3	106.7E+0
1.461E+3	3.689365463678E+9	1.3985E-3	106.85E+0
1.462E+3	3.689365464542E+9	1.4005E-3	106.55E+0
1.463E+3	3.689365465407E+9	1.4085E-3	106.5E+0
1.464E+3	3.689365466273E+9	1.3975E-3	106.6E+0
1.465E+3	3.689365467138E+9	1.3825E-3	106.55E+0
1.466E+3	3.689365468001E+9	1.399E-3	105.9E+0
1.467E+3	3.689365468867E+9	1.406E-3	105.75E+0
1.468E+3	3.689365469733E+9	1.4425E-3	105.45E+0
1.469E+3	3.689365470597E+9	1.4285E-3	105.7E+0
1.47E+3	3.689365471464E+9	1.417E-3	105.55E+0
1.471E+3	3.689365472331E+9	1.41E-3	105.9E+0
1.472E+3	3.689365473194E+9	1.405E-3	105.85E+0
1.473E+3	3.689365474059E+9	1.401E-3	105.95E+0
1.474E+3	3.689365474925E+9	1.3965E-3	106.25E+0
1.475E+3	3.68936547579E+9	1.3995E-3	106.35E+0
1.476E+3	3.689365476653E+9	1.414E-3	106.4E+0
1.477E+3	3.689365477518E+9	1.41E-3	106.45E+0
1.478E+3	3.689365478385E+9	1.4275E-3	106.15E+0
1.479E+3	3.689365479249E+9	1.4155E-3	106.2E+0
1.48E+3	3.689365480113E+9	1.431E-3	106E+0
1.481E+3	3.689365480978E+9	1.4455E-3	106.05E+0
1.482E+3	3.689365481843E+9	1.448E-3	106E+0
1.483E+3	3.689365482708E+9	1.4485E-3	106.1E+0
1.484E+3	3.689365483574E+9	1.4465E-3	106.1E+0
1.485E+3	3.689365484438E+9	1.471E-3	105.9E+0
1.486E+3	3.689365485307E+9	1.4955E-3	105.8E+0
1.487E+3	3.689365486172E+9	1.497E-3	105.7E+0
1.488E+3	3.689365487036E+9	1.476E-3	106.05E+0
1.489E+3	3.6893654879E+9	1.453E-3	106.1E+0
1.49E+3	3.689365488765E+9	1.445E-3	106.2E+0
1.491E+3	3.68936548963E+9	1.4285E-3	106.3E+0
1.492E+3	3.689365490496E+9	1.4195E-3	106.5E+0
1.493E+3	3.68936549136E+9	1.435E-3	106.5E+0
1.494E+3	3.689365492223E+9	1.432E-3	106.45E+0
1.495E+3	3.68936549309E+9	1.4445E-3	106.5E+0
1.496E+3	3.689365493955E+9	1.448E-3	106.4E+0
1.497E+3	3.689365494819E+9	1.4205E-3	106.6E+0
1.498E+3	3.689365495684E+9	1.4095E-3	106.75E+0
1.499E+3	3.689365496548E+9	1.397E-3	106.75E+0
1.5E+3	3.689365497415E+9	1.3855E-3	107E+0
1.501E+3	3.689365498279E+9	1.389E-3	106.8E+0
1.502E+3	3.689365499143E+9	1.385E-3	106.9E+0
1.503E+3	3.689365500007E+9	1.377E-3	107E+0
1.504E+3	3.689365500875E+9	1.376E-3	106.95E+0
1.505E+3	3.689365501743E+9	1.375E-3	106.75E+0
1.506E+3	3.689365502607E+9	1.3315E-3	107.05E+0
1.507E+3	3.689365503471E+9	1.3205E-3	107.75E+0
1.508E+3	3.689365504335E+9	1.3005E-3	108.2E+0
1.509E+3	3.689365505203E+9	1.295E-3	108.45E+0
1.51E+3	3.689365506067E+9	1.2935E-3	108.4E+0
1.511E+3	3.689365506934E+9	1.291E-3	108.2E+0
1.512E+3	3.689365507799E+9	1.2585E-3	108.15E+0
1.513E+3	3.689365508664E+9	1.272E-3	108.25E+0
1.514E+3	3.689365509531E+9	1.28E-3	108.6E+0
1.515E+3	3.689365510394E+9	1.2835E-3	108.65E+0
1.516E+3	3.689365511258E+9	1.2785E-3	108.8E+0
1.517E+3	3.689365512125E+9	1.2695E-3	109E+0
1.518E+3	3.689365512991E+9	1.212E-3	107.55E+0
1.519E+3	3.689365513858E+9	1.1085E-3	105.65E+0
1.52E+3	3.689365514724E+9	1.0575E-3	106.65E+0
1.521E+3	3.689365515587E+9	1.0565E-3	108.65E+0
1.522E+3	3.689365516452E+9	1.066E-3	110.55E+0
1.523E+3	3.689365517317E+9	1.0945E-3	111.95E+0
1.524E+3	3.689365518182E+9	1.125E-3	112.25E+0
1.525E+3	3.689365519046E+9	1.133E-3	112.9E+0
1.526E+3	3.689365519912E+9	1.147E-3	112.85E+0
1.527E+3	3.689365520776E+9	1.164E-3	112.95E+0
1.528E+3	3.689365521642E+9	1.158E-3	113.4E+0
1.529E+3	3.689365522505E+9	1.184E-3	112.25E+0
1.53E+3	3.689365523371E+9	1.221E-3	110.8E+0
1.531E+3	3.689365524235E+9	1.2455E-3	110E+0
1.532E+3	3.689365525101E+9	1.2645E-3	109.45E+0
1.533E+3	3.689365525966E+9	1.267E-3	109.5E+0
1.534E+3	3.68936552683E+9	1.2675E-3	109.45E+0
1.535E+3	3.689365527696E+9	1.275E-3	109.45E+0
1.536E+3	3.68936552856E+9	1.287E-3	109.3E+0
1.537E+3	3.689365529425E+9	1.2915E-3	109.35E+0
1.538E+3	3.689365530289E+9	1.301E-3	108.95E+0
1.539E+3	3.689365531155E+9	1.299E-3	108.9E+0
1.54E+3	3.689365532019E+9	1.313E-3	108.95E+0
1.541E+3	3.689365532884E+9	1.3115E-3	109.1E+0
1.542E+3	3.689365533748E+9	1.303E-3	109.2E+0
1.543E+3	3.689365534614E+9	1.3155E-3	109.05E+0
1.544E+3	3.689365535477E+9	1.343E-3	108.9E+0
1.545E+3	3.689365536344E+9	1.3515E-3	108.9E+0
1.546E+3	3.689365537209E+9	1.351E-3	108.8E+0
1.547E+3	3.689365538073E+9	1.376E-3	108.3E+0
1.548E+3	3.689365538938E+9	1.367E-3	108.2E+0
1.549E+3	3.689365539802E+9	1.344E-3	108.4E+0
1.55E+3	3.689365540667E+9	1.3205E-3	108.65E+0
1.551E+3	3.689365541532E+9	1.3005E-3	108.8E+0
1.552E+3	3.689365542398E+9	1.2985E-3	108.7E+0
1.553E+3	3.689365543262E+9	1.298E-3	108.55E+0
1.554E+3	3.689365544126E+9	1.2745E-3	108.6E+0
1.555E+3	3.68936554499E+9	1.262E-3	109.15E+0
1.556E+3	3.689365545856E+9	1.265E-3	109.15E+0
1.557E+3	3.689365546721E+9	1.275E-3	108.85E+0
1.558E+3	3.689365547585E+9	1.2775E-3	108.7E+0
1.559E+3	3.689365548451E+9	1.195E-3	109.15E+0
1.56E+3	3.689365549315E+9	1.178E-3	109.5E+0
1.561E+3	3.689365550181E+9	1.176E-3	109.8E+0
1.562E+3	3.689365551043E+9	1.1755E-3	109.45E+0
1.563E+3	3.68936555191E+9	1.179E-3	109.3E+0
1.564E+3	3.689365552775E+9	1.167E-3	109.35E+0
1.565E+3	3.689365553639E+9	1.1665E-3	109.7E+0
1.566E+3	3.689365554504E+9	1.1965E-3	110.1E+0
1.567E+3	3.68936555537E+9	1.2645E-3	110.85E+0
1.568E+3	3.689365556238E+9	1.2735E-3	111.1E+0
1.569E+3	3.689365557103E+9	1.2895E-3	111.5E+0
1.57E+3	3.689365557967E+9	1.32E-3	111.35E+0
1.571E+3	3.689365558832E+9	1.3205E-3	111.65E+0
1.572E+3	3.689365559697E+9	1.323E-3	111.65E+0
1.573E+3	3.689365560562E+9	1.339E-3	112.05E+0
1.574E+3	3.689365561428E+9	1.3805E-3	111.85E+0
1.575E+3	3.689365562293E+9	1.3595E-3	112.2E+0
1.576E+3	3.689365563155E+9	1.4215E-3	111.15E+0
1.577E+3	3.689365564021E+9	1.421E-3	110.55E+0
1.578E+3	3.689365564887E+9	1.3905E-3	110.35E+0
1.579E+3	3.689365565751E+9	1.3545E-3	110.15E+0
1.58E+3	3.689365566616E+9	1.313E-3	110.6E+0
1.581E+3	3.68936556748E+9	1.277E-3	110.1E+0
1.582E+3	3.689365568345E+9	1.248E-3	109.5E+0
1.583E+3	3.68936556921E+9	1.2415E-3	109E+0
1.584E+3	3.689365570076E+9	1.2565E-3	109.2E+0
1.585E+3	3.689365570944E+9	1.3025E-3	109.25E+0
1.586E+3	3.68936557181E+9	1.324E-3	109.6E+0
1.587E+3	3.689365572678E+9	1.3285E-3	109.65E+0
1.588E+3	3.689365573542E+9	1.3235E-3	109.75E+0
1.589E+3	3.689365574406E+9	1.3235E-3	109.8E+0
1.59E+3	3.689365575272E+9	1.322E-3	110E+0
1.591E+3	3.689365576139E+9	1.3265E-3	110.15E+0
1.592E+3	3.689365577005E+9	1.3415E-3	109.75E+0
1.593E+3	3.689365577871E+9	1.3455E-3	109.6E+0
1.594E+3	3.689365578735E+9	1.3615E-3	109.55E+0
1.595E+3	3.6893655796E+9	1.3685E-3	109.6E+0
1.596E+3	3.689365580465E+9	1.377E-3	109.5E+0
1.597E+3	3.689365581331E+9	1.3845E-3	109.4E+0
1.598E+3	3.689365582195E+9	1.385E-3	109.55E+0
1.599E+3	3.68936558306E+9	1.3845E-3	109.5E+0
1.6E+3	3.689365583926E+9	1.3905E-3	109.2E+0
1.601E+3	3.68936558479E+9	1.3945E-3	109.05E+0
1.602E+3	3.689365585655E+9	1.4105E-3	108.8E+0
1.603E+3	3.689365586518E+9	1.4255E-3	108.7E+0
1.604E+3	3.689365587383E+9	1.3965E-3	108.95E+0
1.605E+3	3.68936558825E+9	1.37E-3	109.25E+0
1.606E+3	3.689365589113E+9	1.3665E-3	109.3E+0
1.607E+3	3.689365589978E+9	1.3615E-3	109.25E+0
1.608E+3	3.689365590844E+9	1.3485E-3	109.5E+0
1.609E+3	3.689365591709E+9	1.347E-3	109.55E+0
1.61E+3	3.689365592573E+9	1.3445E-3	109.5E+0
1.611E+3	3.689365593442E+9	1.345E-3	109.55E+0
1.612E+3	3.689365594306E+9	1.341E-3	109.6E+0
1.613E+3	3.689365595171E+9	1.349E-3	109.5E+0
1.614E+3	3.689365596036E+9	1.3555E-3	109.2E+0
1.615E+3	3.689365596903E+9	1.368E-3	109.05E+0
1.616E+3	3.689365597769E+9	1.3765E-3	108.9E+0
1.617E+3	3.689365598634E+9	1.377E-3	108.75E+0
1.618E+3	3.6893655995E+9	1.3705E-3	108.8E+0
1.619E+3	3.689365600364E+9	1.366E-3	108.8E+0
1.62E+3	3.689365601229E+9	1.3825E-3	108.8E+0
1.621E+3	3.689365602094E+9	1.393E-3	108.65E+0
1.622E+3	3.689365602958E+9	1.393E-3	108.7E+0
1.623E+3	3.689365603822E+9	1.3845E-3	108.65E+0
1.624E+3	3.689365604688E+9	1.3765E-3	108.7E+0
1.625E+3	3.689365605554E+9	1.375E-3	108.8E+0
1.626E+3	3.689365606422E+9	1.378E-3	108.65E+0
1.627E+3	3.689365607287E+9	1.368E-3	108.85E+0
1.628E+3	3.689365608153E+9	1.3615E-3	109E+0
1.629E+3	3.689365609017E+9	1.3665E-3	108.95E+0
1.63E+3	3.68936560988E+9	1.3685E-3	108.85E+0
1.631E+3	3.689365610747E+9	1.362E-3	109.05E+0
1.632E+3	3.689365611612E+9	1.3645E-3	109.15E+0
1.633E+3	3.689365612476E+9	1.366E-3	109.3E+0
1.634E+3	3.68936561334E+9	1.368E-3	109.05E+0
1.635E+3	3.689365614205E+9	1.37E-3	109.1E+0
1.636E+3	3.68936561507E+9	1.3645E-3	109.1E+0
1.637E+3	3.689365615934E+9	1.3645E-3	109.1E+0
1.638E+3	3.689365616801E+9	1.3715E-3	108.95E+0
1.639E+3	3.689365617664E+9	1.371E-3	109.15E+0
1.64E+3	3.689365618529E+9	1.3525E-3	109.5E+0
1.641E+3	3.689365619393E+9	1.3615E-3	109.55E+0
1.642E+3	3.68936562026E+9	1.375E-3	109.4E+0
1.643E+3	3.689365621128E+9	1.3785E-3	109.3E+0
1.644E+3	3.689365621993E+9	1.3735E-3	109.45E+0
