#2020-11-27
#15:52
#Balayage par: Administrateur
#ScanTask Size: 1201

#triax slit at 1mm(in) 2mm(out),amplifier 1ua/V,pm voltage =350V
#Instrument: Triax320@Triax320.lvclass Function:Position (nm); Parameters:*BeforeWait(ms):0*AfterWait(ms):0
#Instrument: SR530@SR530.lvclass Function:Read Mag & Phase (V,°); Parameters:*BeforeWait(ms):1000*AfterWait(ms):0BandFilter: On; LineFilter1x: On; LineFilter2x: On; Expand Ch1: Off; Expand Ch2: Off; Sensitivity: 50 µV; Pre Time: 300 ms; Post Time: 1 s; Dynamic Res.: Low; Reference Trigger: Negative; Channels Settings: R, Teta; Frequency: 320.000000; 

#Triax320.Position(nm)         	SR530.Mag(V)                  	SR530.Phase(°)                
400.0276E+0	0E+0	0E+0
400.5128E+0	260E-9	-84.5E+0
400.9979E+0	0E+0	0E+0
401.483E+0	0E+0	0E+0
401.968E+0	130E-9	0E+0
402.5223E+0	130E-9	0E+0
403.0072E+0	0E+0	0E+0
403.4922E+0	0E+0	0E+0
403.9771E+0	70E-9	0E+0
404.5312E+0	130E-9	0E+0
405.016E+0	170E-9	0E+0
405.5008E+0	60E-9	0E+0
405.9855E+0	150E-9	0E+0
406.4702E+0	520E-9	-167E+0
407.024E+0	310E-9	-151.3E+0
407.5086E+0	410E-9	-101.9E+0
407.9932E+0	150E-9	0E+0
408.4778E+0	0E+0	0E+0
409.0314E+0	60E-9	0E+0
409.5159E+0	70E-9	0E+0
410.0003E+0	400E-9	110.8E+0
410.4847E+0	100E-9	0E+0
410.9691E+0	0E+0	0E+0
411.5225E+0	0E+0	0E+0
412.0068E+0	530E-9	-121.5E+0
412.491E+0	520E-9	-134.4E+0
412.9752E+0	260E-9	-90E+0
413.5285E+0	30E-9	0E+0
414.0125E+0	70E-9	0E+0
414.4965E+0	0E+0	0E+0
414.9806E+0	0E+0	0E+0
415.5338E+0	210E-9	-9.1E+0
416.0176E+0	60E-9	0E+0
416.5015E+0	120E-9	0E+0
416.9854E+0	320E-9	-83.1E+0
417.4692E+0	0E+0	0E+0
418.0221E+0	0E+0	0E+0
418.5059E+0	0E+0	0E+0
418.9895E+0	700E-9	-90E+0
419.4732E+0	380E-9	-90E+0
420.026E+0	370E-9	-14.95E+0
420.5095E+0	360E-9	-90E+0
420.993E+0	80E-9	0E+0
421.4765E+0	150E-9	0E+0
422.029E+0	270E-9	-90E+0
422.5124E+0	200E-9	71.8E+0
422.9958E+0	0E+0	0E+0
423.4791E+0	370E-9	0E+0
424.0315E+0	30E-9	0E+0
424.5148E+0	0E+0	0E+0
424.9979E+0	120E-9	0E+0
425.4811E+0	0E+0	0E+0
426.0332E+0	150E-9	0E+0
426.5162E+0	170E-9	0E+0
426.9992E+0	300E-9	-72.25E+0
427.4824E+0	0E+0	0E+0
428.0343E+0	360E-9	129.3E+0
428.5172E+0	130E-9	0E+0
429E+0	620E-9	70.15E+0
429.483E+0	60E-9	0E+0
429.9656E+0	150E-9	0E+0
430.5174E+0	0E+0	0E+0
431.0002E+0	280E-9	107.75E+0
431.4828E+0	170E-9	0E+0
432.0344E+0	230E-9	90E+0
432.517E+0	130E-9	0E+0
432.9994E+0	70E-9	0E+0
433.482E+0	30E-9	0E+0
434.0334E+0	110E-9	0E+0
434.5158E+0	130E-9	0E+0
434.9982E+0	80E-9	0E+0
435.4805E+0	110E-9	0E+0
436.0317E+0	160E-9	0E+0
436.514E+0	0E+0	0E+0
436.9962E+0	220E-9	-120E+0
437.4783E+0	480E-9	-39.85E+0
438.0293E+0	130E-9	0E+0
438.5114E+0	30E-9	0E+0
438.9934E+0	380E-9	-80.4E+0
439.4754E+0	30E-9	0E+0
440.0263E+0	180E-9	0E+0
440.5082E+0	120E-9	0E+0
440.99E+0	0E+0	0E+0
441.4718E+0	210E-9	-93.6E+0
442.0224E+0	110E-9	0E+0
442.5042E+0	150E-9	0E+0
442.9858E+0	170E-9	0E+0
443.4676E+0	150E-9	0E+0
444.018E+0	200E-9	115.95E+0
444.4996E+0	0E+0	0E+0
444.981E+0	510E-9	-90E+0
445.5313E+0	200E-9	0E+0
446.0128E+0	0E+0	0E+0
446.4941E+0	410E-9	-136.55E+0
446.9755E+0	260E-9	-67.6E+0
447.5256E+0	110E-9	0E+0
448.0068E+0	130E-9	0E+0
448.488E+0	160E-9	0E+0
448.9692E+0	400E-9	-161.15E+0
449.519E+0	0E+0	0E+0
450.0002E+0	180E-9	0E+0
450.4812E+0	280E-9	180E+0
451.0309E+0	30E-9	0E+0
451.5119E+0	310E-9	133.8E+0
451.9929E+0	230E-9	-87E+0
452.4737E+0	130E-9	0E+0
453.0232E+0	210E-9	180E+0
453.504E+0	0E+0	0E+0
453.9848E+0	60E-9	0E+0
454.5341E+0	100E-9	0E+0
455.0148E+0	80E-9	0E+0
455.4954E+0	230E-9	50.85E+0
455.976E+0	0E+0	0E+0
456.5252E+0	210E-9	90E+0
457.0056E+0	150E-9	0E+0
457.486E+0	230E-9	180E+0
457.9664E+0	170E-9	0E+0
458.5154E+0	160E-9	0E+0
458.9956E+0	350E-9	0E+0
459.476E+0	200E-9	18.2E+0
460.0247E+0	130E-9	0E+0
460.5048E+0	120E-9	0E+0
460.985E+0	370E-9	-159.85E+0
461.5336E+0	80E-9	0E+0
462.0136E+0	0E+0	0E+0
462.4936E+0	120E-9	0E+0
462.9736E+0	0E+0	0E+0
463.522E+0	270E-9	-90E+0
464.0019E+0	0E+0	0E+0
464.4816E+0	150E-9	0E+0
465.03E+0	30E-9	0E+0
465.5097E+0	70E-9	0E+0
465.9894E+0	380E-9	3.5E+0
466.469E+0	110E-9	0E+0
467.017E+0	250E-9	-130.55E+0
467.4966E+0	150E-9	0E+0
467.976E+0	60E-9	0E+0
468.524E+0	130E-9	0E+0
469.0034E+0	380E-9	-95.75E+0
469.4828E+0	70E-9	0E+0
470.0305E+0	310E-9	90E+0
470.5098E+0	0E+0	0E+0
470.989E+0	110E-9	0E+0
471.4682E+0	0E+0	0E+0
472.0158E+0	30E-9	0E+0
472.4948E+0	150E-9	0E+0
472.9738E+0	220E-9	163.9E+0
473.5213E+0	0E+0	0E+0
474.0002E+0	280E-9	120E+0
474.479E+0	0E+0	0E+0
475.0264E+0	150E-9	0E+0
475.5052E+0	60E-9	0E+0
475.9839E+0	260E-9	0E+0
476.531E+0	0E+0	0E+0
477.0097E+0	70E-9	0E+0
477.4883E+0	110E-9	0E+0
477.9668E+0	70E-9	0E+0
478.5137E+0	120E-9	0E+0
478.9922E+0	150E-9	0E+0
479.4706E+0	0E+0	0E+0
480.0174E+0	210E-9	0E+0
480.4956E+0	310E-9	0E+0
480.974E+0	300E-9	-60E+0
481.5204E+0	60E-9	0E+0
481.9987E+0	210E-9	-176.4E+0
482.4768E+0	550E-9	-135.2E+0
483.0232E+0	80E-9	0E+0
483.5014E+0	130E-9	0E+0
483.9794E+0	100E-9	0E+0
484.5256E+0	250E-9	-11.55E+0
485.0034E+0	0E+0	0E+0
485.4812E+0	400E-9	-90E+0
486.0274E+0	250E-9	0E+0
486.5052E+0	170E-9	0E+0
486.9828E+0	130E-9	0E+0
487.5288E+0	160E-9	0E+0
488.0064E+0	30E-9	0E+0
488.484E+0	110E-9	0E+0
489.0297E+0	30E-9	0E+0
489.5072E+0	60E-9	0E+0
489.9847E+0	320E-9	-113.15E+0
490.5302E+0	370E-9	3.7E+0
491.0076E+0	260E-9	-90E+0
491.4848E+0	0E+0	0E+0
492.0303E+0	110E-9	0E+0
492.5074E+0	230E-9	-90E+0
492.9846E+0	0E+0	0E+0
493.5298E+0	110E-9	0E+0
494.0069E+0	130E-9	0E+0
494.4838E+0	110E-9	0E+0
495.029E+0	150E-9	0E+0
495.5059E+0	380E-9	-101.15E+0
495.9828E+0	110E-9	0E+0
496.5276E+0	0E+0	0E+0
497.0044E+0	160E-9	0E+0
497.4812E+0	0E+0	0E+0
498.026E+0	0E+0	0E+0
498.5025E+0	160E-9	0E+0
498.9791E+0	560E-9	180E+0
499.5236E+0	120E-9	0E+0
500E+0	110E-9	0E+0
500.4766E+0	60E-9	0E+0
501.021E+0	130E-9	0E+0
501.4973E+0	30E-9	0E+0
501.9736E+0	0E+0	0E+0
502.5178E+0	80E-9	0E+0
502.994E+0	0E+0	0E+0
503.4702E+0	0E+0	0E+0
504.0142E+0	230E-9	-83.6E+0
504.4902E+0	0E+0	0E+0
504.9662E+0	320E-9	-92.3E+0
505.5101E+0	0E+0	0E+0
505.986E+0	170E-9	0E+0
506.5298E+0	160E-9	0E+0
507.0056E+0	210E-9	65.7E+0
507.4813E+0	570E-9	113.05E+0
508.025E+0	0E+0	0E+0
508.5005E+0	0E+0	0E+0
508.9762E+0	160E-9	0E+0
509.5196E+0	250E-9	-68.35E+0
509.995E+0	150E-9	0E+0
510.4704E+0	60E-9	0E+0
511.0137E+0	310E-9	0E+0
511.489E+0	30E-9	0E+0
512.0322E+0	350E-9	100.3E+0
512.5074E+0	110E-9	0E+0
512.9826E+0	300E-9	-114.6E+0
513.5257E+0	360E-9	180E+0
514.0008E+0	110E-9	0E+0
514.4758E+0	0E+0	0E+0
515.0186E+0	0E+0	0E+0
515.4934E+0	160E-9	0E+0
515.9684E+0	0E+0	0E+0
516.511E+0	260E-9	90E+0
516.9858E+0	0E+0	0E+0
517.5283E+0	100E-9	0E+0
518.0031E+0	0E+0	0E+0
518.4776E+0	210E-9	65.7E+0
519.02E+0	260E-9	128.25E+0
519.4946E+0	270E-9	90E+0
519.969E+0	270E-9	15.85E+0
520.5112E+0	30E-9	0E+0
520.9856E+0	210E-9	96.75E+0
521.5276E+0	360E-9	90E+0
522.0019E+0	150E-9	0E+0
522.4761E+0	230E-9	90E+0
523.018E+0	150E-9	0E+0
523.4922E+0	320E-9	180E+0
524.0338E+0	160E-9	0E+0
524.5078E+0	0E+0	0E+0
524.9818E+0	130E-9	0E+0
525.5234E+0	370E-9	111.5E+0
525.9972E+0	280E-9	180E+0
526.471E+0	230E-9	-177E+0
527.0124E+0	350E-9	118.9E+0
527.4862E+0	100E-9	0E+0
528.0275E+0	400E-9	90E+0
528.501E+0	150E-9	0E+0
528.9746E+0	370E-9	56.5E+0
529.5157E+0	260E-9	180E+0
529.9892E+0	110E-9	0E+0
530.53E+0	580E-9	90E+0
531.0035E+0	260E-9	90E+0
531.4768E+0	320E-9	109.5E+0
532.0176E+0	630E-9	90E+0
532.4907E+0	170E-9	0E+0
533.0314E+0	0E+0	0E+0
533.5046E+0	550E-9	79.95E+0
533.9776E+0	400E-9	90E+0
534.518E+0	850E-9	90E+0
534.991E+0	230E-9	144.6E+0
535.5314E+0	400E-9	90E+0
536.0042E+0	130E-9	0E+0
536.4769E+0	0E+0	0E+0
537.0172E+0	830E-9	120.5E+0
537.4898E+0	680E-9	74.45E+0
538.03E+0	860E-9	104.9E+0
538.5024E+0	400E-9	106.35E+0
538.9749E+0	800E-9	103.55E+0
539.5149E+0	660E-9	90E+0
539.9872E+0	600E-9	90E+0
540.527E+0	520E-9	90E+0
540.9992E+0	620E-9	94.6E+0
541.4715E+0	600E-9	126.3E+0
542.0112E+0	830E-9	95.75E+0
542.4832E+0	570E-9	142.85E+0
543.0227E+0	400E-9	90E+0
543.4948E+0	910E-9	90E+0
543.9668E+0	730E-9	90E+0
544.506E+0	920E-9	95.5E+0
544.9779E+0	560E-9	91.3E+0
545.517E+0	900E-9	98.75E+0
545.9887E+0	1E-6	101.4E+0
546.5278E+0	170E-9	0E+0
546.9994E+0	410E-9	91.8E+0
547.471E+0	760E-9	90E+0
548.01E+0	1.12E-6	90E+0
548.4814E+0	860E-9	91.65E+0
549.02E+0	560E-9	90E+0
549.4914E+0	620E-9	120.7E+0
550.03E+0	1.11E-6	107.65E+0
550.5014E+0	1.11E-6	120.35E+0
550.9726E+0	870E-9	91.65E+0
551.511E+0	730E-9	120E+0
551.982E+0	1.13E-6	90E+0
552.5204E+0	1.26E-6	117.75E+0
552.9914E+0	1.41E-6	110.4E+0
553.5295E+0	1.38E-6	112.8E+0
554.0004E+0	810E-9	109.8E+0
554.4712E+0	1.05E-6	100.05E+0
555.0092E+0	1.38E-6	90E+0
555.4799E+0	1.38E-6	115.4E+0
556.0178E+0	1.46E-6	96.75E+0
556.4883E+0	1.5E-6	90E+0
557.0262E+0	1.37E-6	103.15E+0
557.4966E+0	1.2E-6	112.25E+0
557.9672E+0	1.12E-6	104E+0
558.5046E+0	1.9E-6	107.1E+0
558.9749E+0	1.41E-6	91.5E+0
559.5124E+0	1.37E-6	93.15E+0
559.9826E+0	1.33E-6	93.2E+0
560.52E+0	1.55E-6	110.65E+0
560.9899E+0	1.36E-6	90E+0
561.5272E+0	1.5E-6	103E+0
561.9972E+0	1.58E-6	117.9E+0
562.467E+0	1.92E-6	111.6E+0
563.004E+0	1.43E-6	90E+0
563.4738E+0	1.6E-6	109.65E+0
564.0107E+0	1.53E-6	93.3E+0
564.4804E+0	1.61E-6	113.3E+0
565.0172E+0	1.92E-6	104E+0
565.4868E+0	1.76E-6	94.9E+0
566.0234E+0	2.16E-6	100.2E+0
566.4928E+0	1.87E-6	99.55E+0
567.0293E+0	1.77E-6	110.05E+0
567.4986E+0	1.86E-6	94.25E+0
567.968E+0	1.55E-6	104.25E+0
568.5043E+0	1.95E-6	110.25E+0
568.9734E+0	1.71E-6	113.9E+0
569.5096E+0	1.96E-6	105.9E+0
569.9787E+0	1.82E-6	106.6E+0
570.5147E+0	2.11E-6	103.35E+0
570.9836E+0	2.25E-6	98.7E+0
571.5196E+0	2.55E-6	107.8E+0
571.9884E+0	2.27E-6	105.65E+0
572.5242E+0	2.18E-6	105.25E+0
572.993E+0	2.23E-6	101.25E+0
573.5286E+0	2.07E-6	90E+0
573.9972E+0	2.07E-6	115.3E+0
574.5327E+0	2.12E-6	108.15E+0
575.0012E+0	2.71E-6	96.05E+0
575.4696E+0	2.23E-6	107.05E+0
576.005E+0	2.58E-6	109.85E+0
576.4733E+0	2.48E-6	107.05E+0
577.0084E+0	2.51E-6	102.05E+0
577.4768E+0	2.22E-6	102.75E+0
578.0118E+0	2.22E-6	101.4E+0
578.4798E+0	2.55E-6	101.05E+0
579.0148E+0	2.6E-6	102.4E+0
579.4828E+0	3.01E-6	107.15E+0
580.0176E+0	2.63E-6	100.05E+0
580.4854E+0	2.61E-6	110.45E+0
581.02E+0	2.88E-6	103.35E+0
581.4879E+0	2.55E-6	108.5E+0
582.0222E+0	2.53E-6	102.5E+0
582.49E+0	2.82E-6	109.5E+0
583.0244E+0	3E-6	102.05E+0
583.492E+0	2.96E-6	94.4E+0
584.0262E+0	2.67E-6	97.75E+0
584.4936E+0	2.8E-6	100.3E+0
585.0277E+0	2.92E-6	107.5E+0
585.495E+0	3.4E-6	104.2E+0
586.029E+0	2.95E-6	106.25E+0
586.4962E+0	3.27E-6	100.6E+0
587.03E+0	3.03E-6	101.35E+0
587.497E+0	3E-6	101.85E+0
588.0308E+0	3.53E-6	104.4E+0
588.4977E+0	3.08E-6	101.2E+0
589.0312E+0	3.71E-6	106.7E+0
589.498E+0	3.81E-6	113.8E+0
590.0315E+0	3.41E-6	107.7E+0
590.4982E+0	3.93E-6	99.05E+0
591.0316E+0	3.91E-6	98.25E+0
591.4982E+0	3.6E-6	99.8E+0
592.0314E+0	3.73E-6	105.15E+0
592.4978E+0	3.63E-6	105.45E+0
593.0308E+0	3.58E-6	100.25E+0
593.4972E+0	4.1E-6	99.65E+0
594.03E+0	4.23E-6	103.8E+0
594.4963E+0	3.93E-6	103.5E+0
595.029E+0	4.06E-6	95.15E+0
595.4952E+0	4.17E-6	111.6E+0
596.0279E+0	4.31E-6	109.85E+0
596.4939E+0	4.81E-6	106.6E+0
597.0264E+0	4.45E-6	105.85E+0
597.4922E+0	4.38E-6	105.4E+0
598.0246E+0	3.87E-6	100.6E+0
598.4904E+0	4.77E-6	102.85E+0
599.0225E+0	4.55E-6	108.15E+0
599.4882E+0	4.8E-6	102.65E+0
600.0202E+0	4.65E-6	104.25E+0
600.4858E+0	4.63E-6	106.55E+0
601.0178E+0	4.37E-6	104.4E+0
601.4832E+0	4.61E-6	105.45E+0
602.015E+0	5.03E-6	105.7E+0
602.4802E+0	4.82E-6	100.85E+0
603.012E+0	4.71E-6	102.25E+0
603.477E+0	4.81E-6	103.6E+0
604.0087E+0	4.7E-6	108.45E+0
604.4737E+0	5.31E-6	104.85E+0
605.005E+0	5.3E-6	105.1E+0
605.47E+0	5.11E-6	107.5E+0
606.0012E+0	4.91E-6	104.15E+0
606.5324E+0	5.27E-6	103.3E+0
606.9972E+0	5.17E-6	103.5E+0
607.5282E+0	5.06E-6	106.1E+0
607.9928E+0	5.01E-6	98.45E+0
608.5238E+0	5.66E-6	103.35E+0
608.9882E+0	4.91E-6	101.9E+0
609.519E+0	5.33E-6	108.4E+0
609.9834E+0	5.73E-6	99.15E+0
610.514E+0	5.53E-6	106.65E+0
610.9782E+0	5.76E-6	110.15E+0
611.5087E+0	5.48E-6	104.75E+0
611.9729E+0	5.8E-6	102.85E+0
612.5032E+0	5.73E-6	102.45E+0
612.9672E+0	5.46E-6	103.6E+0
613.4974E+0	5.63E-6	106.85E+0
614.0275E+0	5.43E-6	107.8E+0
614.4914E+0	5.91E-6	104.05E+0
615.0213E+0	6.08E-6	105.2E+0
615.485E+0	6.23E-6	102.95E+0
616.0149E+0	6.16E-6	102E+0
616.4785E+0	6.21E-6	101.5E+0
617.0082E+0	6E-6	100.7E+0
617.4716E+0	6.3E-6	106.7E+0
618.0012E+0	6.92E-6	101.05E+0
618.5307E+0	5.82E-6	105.85E+0
618.994E+0	6.48E-6	100.65E+0
619.5232E+0	6.56E-6	100.85E+0
619.9864E+0	6.23E-6	103.55E+0
620.5156E+0	6.31E-6	105E+0
620.9787E+0	6.45E-6	104.7E+0
621.5078E+0	6.63E-6	101.5E+0
621.9706E+0	6.82E-6	103.9E+0
622.4994E+0	6.81E-6	104.75E+0
623.0283E+0	6.38E-6	102.1E+0
623.4912E+0	6.75E-6	100.6E+0
624.0199E+0	6.97E-6	101.85E+0
624.4824E+0	7.51E-6	105.55E+0
625.0109E+0	7.35E-6	106.1E+0
625.4734E+0	7.02E-6	103.55E+0
626.0018E+0	7.23E-6	104.2E+0
626.53E+0	7.08E-6	103.6E+0
626.9924E+0	7.08E-6	102.65E+0
627.5206E+0	7.32E-6	104.9E+0
627.9828E+0	7.27E-6	102.4E+0
628.5107E+0	7.2E-6	100.5E+0
628.9728E+0	7.33E-6	103.65E+0
629.5007E+0	7.16E-6	103.55E+0
630.0285E+0	7.61E-6	105.75E+0
630.4904E+0	7.68E-6	101.85E+0
631.018E+0	8.13E-6	101.8E+0
631.4798E+0	7.65E-6	106.7E+0
632.0074E+0	7.73E-6	103.8E+0
632.4688E+0	8.07E-6	104.3E+0
632.9962E+0	7.86E-6	106.55E+0
633.5236E+0	7.93E-6	103.1E+0
633.985E+0	8.21E-6	103.2E+0
634.5122E+0	8.12E-6	105.25E+0
634.9734E+0	7.93E-6	103.15E+0
635.5003E+0	8.17E-6	103.35E+0
636.0274E+0	8.02E-6	106.9E+0
636.4883E+0	7.93E-6	105.25E+0
637.0152E+0	8.36E-6	103.4E+0
637.4762E+0	8.73E-6	102.4E+0
638.0029E+0	8.57E-6	102.8E+0
638.5293E+0	8.27E-6	105.85E+0
638.9902E+0	8.92E-6	107.4E+0
639.5165E+0	8.5E-6	104.4E+0
639.9772E+0	8.42E-6	105.25E+0
640.5035E+0	8.03E-6	104.55E+0
641.0298E+0	8.18E-6	103.35E+0
641.4902E+0	8.46E-6	105.25E+0
642.0162E+0	8.6E-6	104E+0
642.4765E+0	9.47E-6	104.2E+0
643.0024E+0	9.47E-6	103.95E+0
643.5283E+0	9.05E-6	103.7E+0
643.9883E+0	9.26E-6	106.05E+0
644.514E+0	9.26E-6	106E+0
644.974E+0	9.25E-6	102.75E+0
645.4996E+0	9.13E-6	105.1E+0
646.025E+0	9.38E-6	102.8E+0
646.4848E+0	9.43E-6	104.5E+0
647.01E+0	9.18E-6	104E+0
647.4697E+0	9.7E-6	105E+0
647.9949E+0	9.78E-6	105.65E+0
648.52E+0	9.61E-6	103.65E+0
648.9794E+0	9.26E-6	103.5E+0
649.5043E+0	9.65E-6	105.25E+0
650.0292E+0	10.17E-6	104.5E+0
650.4884E+0	9.82E-6	105E+0
651.0132E+0	9.52E-6	101.45E+0
651.4722E+0	9.7E-6	103.8E+0
651.9968E+0	10.22E-6	103.1E+0
652.5213E+0	9.92E-6	105.6E+0
652.9802E+0	10.03E-6	104.4E+0
653.5046E+0	9.95E-6	104.85E+0
654.0288E+0	9.62E-6	103.05E+0
654.4875E+0	10.41E-6	103.3E+0
655.0116E+0	10.43E-6	102.6E+0
655.4702E+0	10.2E-6	104.25E+0
655.9943E+0	10.42E-6	101.5E+0
656.5182E+0	10.16E-6	103.6E+0
656.9765E+0	10.32E-6	102.55E+0
657.5002E+0	10.5E-6	103.9E+0
658.024E+0	10.11E-6	106.3E+0
658.482E+0	10.41E-6	103.2E+0
659.0056E+0	10.57E-6	103.75E+0
659.529E+0	10.41E-6	103.85E+0
659.987E+0	10.51E-6	103.55E+0
660.5102E+0	10.78E-6	103.5E+0
660.968E+0	10.58E-6	104.3E+0
661.4912E+0	10.73E-6	103.55E+0
662.0142E+0	10.42E-6	105.3E+0
662.4718E+0	10.55E-6	104.65E+0
662.9947E+0	10.97E-6	103.85E+0
663.5175E+0	11.13E-6	104.5E+0
663.975E+0	11.41E-6	104E+0
664.4978E+0	11.08E-6	106.4E+0
665.0202E+0	11.17E-6	105.25E+0
665.4774E+0	11.3E-6	103.55E+0
665.9999E+0	11.31E-6	102.95E+0
666.5222E+0	11.46E-6	106.35E+0
666.9792E+0	11.2E-6	104.3E+0
667.5015E+0	11.25E-6	102.95E+0
668.0234E+0	11.42E-6	104.1E+0
668.4803E+0	11.51E-6	102.85E+0
669.0022E+0	11.28E-6	104.5E+0
669.5242E+0	11.12E-6	105.9E+0
669.9808E+0	11.71E-6	103.55E+0
670.5024E+0	12.1E-6	105.05E+0
671.0242E+0	11.96E-6	103.9E+0
671.4806E+0	11.56E-6	104.25E+0
672.0022E+0	11.63E-6	105.1E+0
672.5235E+0	12.37E-6	104.35E+0
672.9797E+0	12.2E-6	104.75E+0
673.501E+0	12.12E-6	105.2E+0
674.0221E+0	11.92E-6	105.6E+0
674.4781E+0	11.58E-6	104.2E+0
674.999E+0	12.11E-6	104E+0
675.52E+0	12.33E-6	105.1E+0
675.9758E+0	12.37E-6	107.35E+0
676.4966E+0	12.87E-6	104.5E+0
677.0173E+0	12.56E-6	103.9E+0
677.473E+0	12.56E-6	106.35E+0
677.9934E+0	12.18E-6	103.85E+0
678.5139E+0	12.23E-6	104.85E+0
678.9693E+0	12.5E-6	104.35E+0
679.4895E+0	12.52E-6	102.4E+0
680.0098E+0	12.31E-6	102.85E+0
680.53E+0	12.51E-6	104.05E+0
680.985E+0	12.78E-6	103.9E+0
681.505E+0	12.88E-6	104.2E+0
682.025E+0	12.82E-6	103.4E+0
682.4798E+0	13.05E-6	103.95E+0
682.9995E+0	13.22E-6	103.4E+0
683.5193E+0	13.01E-6	103.1E+0
683.9739E+0	13.13E-6	102.95E+0
684.4934E+0	13.16E-6	102.35E+0
685.013E+0	13.41E-6	102.8E+0
685.5322E+0	13.58E-6	104.25E+0
685.9866E+0	12.92E-6	104.95E+0
686.5058E+0	13.35E-6	102.65E+0
687.025E+0	12.85E-6	102.75E+0
687.479E+0	13.56E-6	103.3E+0
687.998E+0	13.02E-6	102.7E+0
688.517E+0	13.98E-6	102.35E+0
688.9707E+0	13.46E-6	103.55E+0
689.4895E+0	13.87E-6	104.15E+0
690.0082E+0	13.56E-6	103.75E+0
690.5268E+0	13.28E-6	103.25E+0
690.9804E+0	14E-6	104.4E+0
691.4987E+0	13.67E-6	103.8E+0
692.017E+0	14E-6	105.4E+0
692.4704E+0	14.16E-6	102.95E+0
692.9887E+0	13.72E-6	103.65E+0
693.5067E+0	13.82E-6	105.7E+0
694.0247E+0	13.82E-6	104.9E+0
694.4778E+0	13.53E-6	103.35E+0
694.9957E+0	13.63E-6	103.5E+0
695.5134E+0	13.92E-6	104E+0
696.031E+0	13.97E-6	101.95E+0
696.4839E+0	14.05E-6	102.25E+0
697.0014E+0	14.37E-6	104.2E+0
697.5188E+0	14.15E-6	103.85E+0
697.9714E+0	14.32E-6	103.9E+0
698.4887E+0	14.71E-6	104.75E+0
699.0059E+0	14.6E-6	103.15E+0
699.523E+0	14.33E-6	104.05E+0
699.9754E+0	14.07E-6	105.15E+0
700.4922E+0	14.75E-6	104.35E+0
701.009E+0	14.52E-6	105.35E+0
701.5258E+0	14.76E-6	104.6E+0
701.978E+0	14.85E-6	105.2E+0
702.4946E+0	14.8E-6	102.35E+0
703.011E+0	14.62E-6	103.4E+0
703.5274E+0	14.82E-6	103.9E+0
703.9791E+0	14.52E-6	102.65E+0
704.4954E+0	14.63E-6	104.05E+0
705.0117E+0	14.97E-6	102.85E+0
705.5278E+0	14.57E-6	104E+0
705.9793E+0	14.68E-6	104.25E+0
706.4952E+0	15.15E-6	103.75E+0
707.011E+0	14.55E-6	102.6E+0
707.5266E+0	14.51E-6	103.7E+0
707.9778E+0	15.46E-6	104.95E+0
708.4934E+0	14.92E-6	104.5E+0
709.009E+0	15.05E-6	103.7E+0
709.5245E+0	15.35E-6	104.3E+0
709.9754E+0	14.91E-6	103.35E+0
710.4906E+0	14.97E-6	104E+0
711.0058E+0	15.18E-6	104.65E+0
711.5208E+0	15.61E-6	105.1E+0
711.9714E+0	15.32E-6	104.6E+0
712.4862E+0	15.23E-6	104E+0
713.0012E+0	15.71E-6	104.2E+0
713.5159E+0	15.03E-6	105.55E+0
714.0306E+0	15.61E-6	104.45E+0
714.481E+0	15.41E-6	104.55E+0
714.9952E+0	15.58E-6	105.75E+0
715.5098E+0	15.95E-6	105.9E+0
716.024E+0	15.75E-6	103.85E+0
716.4739E+0	15.75E-6	105.15E+0
716.9882E+0	15.96E-6	102.45E+0
717.5022E+0	16.27E-6	104.2E+0
718.0162E+0	16E-6	103.95E+0
718.5301E+0	15.9E-6	104.5E+0
718.9798E+0	15.58E-6	103.9E+0
719.4934E+0	15.8E-6	104.65E+0
720.007E+0	16.03E-6	103.4E+0
720.5206E+0	15.85E-6	103.8E+0
720.9698E+0	15.58E-6	105.35E+0
721.4832E+0	15.65E-6	104.7E+0
721.9966E+0	15.72E-6	103.65E+0
722.5098E+0	15.33E-6	103.75E+0
723.023E+0	15.51E-6	104.95E+0
723.4718E+0	15.9E-6	104.65E+0
723.9847E+0	15.91E-6	104.15E+0
724.4975E+0	15.92E-6	104.65E+0
725.0106E+0	16.05E-6	107.25E+0
725.5231E+0	16E-6	103.95E+0
725.9715E+0	15.92E-6	103.55E+0
726.4842E+0	15.61E-6	104.2E+0
726.9966E+0	15.87E-6	107.05E+0
727.509E+0	15.91E-6	104.9E+0
728.0212E+0	15.83E-6	104E+0
728.4694E+0	15.83E-6	103E+0
728.9815E+0	15.91E-6	103.65E+0
729.4934E+0	15.83E-6	102.9E+0
730.0054E+0	16.07E-6	103.65E+0
730.5173E+0	15.9E-6	103.2E+0
731.0288E+0	15.68E-6	103.4E+0
731.4766E+0	16.01E-6	102.8E+0
731.9882E+0	16.17E-6	102.15E+0
732.4998E+0	16.17E-6	104.1E+0
733.0112E+0	15.91E-6	103.8E+0
733.5225E+0	16.03E-6	104.35E+0
733.9698E+0	15.96E-6	103.45E+0
734.4808E+0	15.72E-6	104.6E+0
734.9919E+0	15.76E-6	103.75E+0
735.5028E+0	15.8E-6	104.65E+0
736.0138E+0	15.91E-6	102.8E+0
736.5245E+0	16.11E-6	105.75E+0
736.9714E+0	15.63E-6	103.2E+0
737.4819E+0	15.38E-6	103.05E+0
737.9925E+0	15.88E-6	103.1E+0
738.503E+0	16.27E-6	103E+0
739.0132E+0	16.01E-6	104.45E+0
739.5234E+0	15.55E-6	103.85E+0
739.9699E+0	16.16E-6	104.2E+0
740.4799E+0	16E-6	102.15E+0
740.9899E+0	15.75E-6	103.65E+0
741.4999E+0	16.02E-6	103.5E+0
742.0098E+0	16.13E-6	103.95E+0
742.5194E+0	16.38E-6	102.3E+0
743.029E+0	16.07E-6	102.7E+0
743.475E+0	16.5E-6	103.6E+0
743.9844E+0	15.97E-6	103.15E+0
744.4938E+0	15.75E-6	103.55E+0
745.003E+0	16.01E-6	103.95E+0
745.5122E+0	15.67E-6	103.7E+0
746.0214E+0	15.33E-6	103.1E+0
746.5302E+0	16.02E-6	102.85E+0
746.9757E+0	15.53E-6	103.55E+0
747.4845E+0	15.7E-6	104E+0
747.9931E+0	15.62E-6	104E+0
748.5018E+0	16.2E-6	103.8E+0
749.0102E+0	15.78E-6	105.65E+0
749.5188E+0	15.87E-6	104.7E+0
750.0273E+0	16.06E-6	105E+0
750.4719E+0	16.17E-6	104.95E+0
750.9802E+0	16.28E-6	103.8E+0
751.4884E+0	16.47E-6	104.3E+0
751.9963E+0	16.36E-6	104.1E+0
752.5043E+0	16.4E-6	104.45E+0
753.0122E+0	15.96E-6	103.65E+0
753.5199E+0	16.01E-6	102.6E+0
754.0275E+0	16.25E-6	104.5E+0
754.4715E+0	15.72E-6	102.9E+0
754.9791E+0	15.96E-6	102.45E+0
755.4866E+0	15.8E-6	102E+0
755.9938E+0	16.07E-6	104.8E+0
756.501E+0	16.13E-6	103.7E+0
757.0082E+0	16.42E-6	103.5E+0
757.5152E+0	16.38E-6	104.25E+0
758.0222E+0	16.35E-6	105.2E+0
758.529E+0	16.38E-6	102.7E+0
758.9724E+0	16E-6	103E+0
759.479E+0	16.28E-6	102.55E+0
759.9855E+0	16.48E-6	102.05E+0
760.4921E+0	16.86E-6	102.45E+0
760.9985E+0	16.96E-6	103.7E+0
761.5047E+0	16.56E-6	105.9E+0
762.011E+0	16.96E-6	103.25E+0
762.517E+0	16.67E-6	103.55E+0
763.0231E+0	16.57E-6	102.65E+0
763.529E+0	16.81E-6	103.2E+0
763.9715E+0	16.38E-6	103.4E+0
764.4773E+0	16.78E-6	104.75E+0
764.983E+0	17.01E-6	103.15E+0
765.4886E+0	16.4E-6	104.45E+0
765.9941E+0	16.43E-6	104.45E+0
766.4994E+0	16.46E-6	104.2E+0
767.0047E+0	15.91E-6	104.05E+0
767.5099E+0	16.26E-6	103.55E+0
768.015E+0	16.63E-6	103.8E+0
768.52E+0	16.61E-6	103.75E+0
769.025E+0	16.43E-6	105.3E+0
769.5298E+0	16.62E-6	104.05E+0
769.9714E+0	16.05E-6	104.25E+0
770.4762E+0	16.48E-6	105E+0
770.9806E+0	16.57E-6	104.7E+0
771.485E+0	16.27E-6	104.7E+0
771.9894E+0	15.8E-6	103.7E+0
772.4937E+0	16.21E-6	102.8E+0
772.9978E+0	16.11E-6	102.05E+0
773.5019E+0	16.43E-6	104.1E+0
774.0059E+0	16.47E-6	103.2E+0
774.5098E+0	16.36E-6	104.2E+0
775.0135E+0	16.67E-6	103.85E+0
775.5173E+0	16.65E-6	101.4E+0
776.0208E+0	16.33E-6	103.05E+0
776.5245E+0	16.48E-6	103.55E+0
777.0278E+0	16.68E-6	103.4E+0
777.5311E+0	16.5E-6	104.2E+0
777.9714E+0	16.67E-6	104.6E+0
778.4746E+0	16.41E-6	103.4E+0
778.9775E+0	16.3E-6	103.7E+0
779.4806E+0	16.47E-6	104.55E+0
779.9834E+0	16.47E-6	103.65E+0
780.4862E+0	16.27E-6	103.75E+0
780.9888E+0	16.22E-6	104.2E+0
781.4915E+0	16.31E-6	103.8E+0
781.9939E+0	16.26E-6	103.1E+0
782.4963E+0	15.98E-6	102.4E+0
782.9987E+0	16.62E-6	103.9E+0
783.5008E+0	16.18E-6	102.95E+0
784.003E+0	16.36E-6	104.1E+0
784.5047E+0	17.28E-6	104.5E+0
785.0067E+0	16.71E-6	103.75E+0
785.5086E+0	17.15E-6	104E+0
786.0102E+0	16.62E-6	103.55E+0
786.5119E+0	16.56E-6	103.6E+0
787.0134E+0	16.52E-6	104.55E+0
787.515E+0	16.76E-6	104.25E+0
788.0162E+0	16.75E-6	104.5E+0
788.5174E+0	16.61E-6	102.8E+0
789.0186E+0	16.67E-6	103.65E+0
789.5197E+0	16.81E-6	102.55E+0
790.0206E+0	16.32E-6	102.1E+0
790.5214E+0	16.16E-6	102.35E+0
791.0222E+0	15.82E-6	104.25E+0
791.5227E+0	15.87E-6	102.9E+0
792.0234E+0	16.01E-6	103.5E+0
792.5238E+0	16.38E-6	103.8E+0
793.0242E+0	16.11E-6	103.4E+0
793.5245E+0	16.28E-6	102.9E+0
794.0247E+0	15.31E-6	102.35E+0
794.5247E+0	15.73E-6	103.5E+0
795.0247E+0	15.58E-6	101.95E+0
795.5246E+0	16.25E-6	103.55E+0
796.0245E+0	16.31E-6	103.8E+0
796.5241E+0	16.28E-6	103.1E+0
797.0238E+0	16.06E-6	101.95E+0
797.5231E+0	16.42E-6	103.95E+0
798.0226E+0	16.31E-6	103.1E+0
798.5219E+0	15.93E-6	102.1E+0
799.021E+0	15.75E-6	103.35E+0
799.5202E+0	15.47E-6	102.9E+0
800.019E+0	15.86E-6	104.85E+0
800.518E+0	15.76E-6	103.3E+0
801.017E+0	15.03E-6	103.85E+0
801.5155E+0	15.08E-6	103.3E+0
802.0142E+0	15.12E-6	102.45E+0
802.5127E+0	15.28E-6	103.15E+0
803.0112E+0	15.01E-6	102.2E+0
803.5095E+0	14.93E-6	101.75E+0
804.0078E+0	15.12E-6	102.25E+0
804.5058E+0	14.61E-6	100.2E+0
805.0038E+0	15.17E-6	100.55E+0
805.5018E+0	15.01E-6	101.7E+0
805.9998E+0	14.7E-6	102.35E+0
806.4974E+0	14.5E-6	102.2E+0
806.995E+0	14.77E-6	102.2E+0
807.4925E+0	15.32E-6	101.85E+0
807.9899E+0	14.9E-6	101.9E+0
808.4873E+0	14.83E-6	101.75E+0
808.9846E+0	14.55E-6	101.55E+0
809.4818E+0	13.95E-6	101.3E+0
809.9787E+0	14.1E-6	103.85E+0
810.4757E+0	14.13E-6	102.5E+0
810.9726E+0	14.17E-6	101.55E+0
811.4694E+0	13.53E-6	100.95E+0
812.0281E+0	13.33E-6	102.3E+0
812.5246E+0	13.88E-6	101.75E+0
813.021E+0	13.3E-6	100.55E+0
813.5173E+0	13.47E-6	102.35E+0
814.0137E+0	13.4E-6	102.35E+0
814.5098E+0	12.87E-6	101.95E+0
815.0058E+0	13.36E-6	101.6E+0
815.5018E+0	13.16E-6	103.5E+0
815.9975E+0	12.82E-6	100.85E+0
816.4934E+0	12.71E-6	102.15E+0
816.989E+0	13.03E-6	102.6E+0
817.4846E+0	12.86E-6	102.05E+0
817.98E+0	12.93E-6	102.45E+0
818.4754E+0	12.67E-6	102E+0
818.9706E+0	12.55E-6	99.35E+0
819.5278E+0	12.63E-6	100.8E+0
820.0227E+0	12.7E-6	102.4E+0
820.5178E+0	12.28E-6	102.85E+0
821.0126E+0	12.7E-6	100.9E+0
821.5071E+0	12.03E-6	100.35E+0
822.0019E+0	11.87E-6	102.1E+0
822.4965E+0	11.9E-6	103.6E+0
822.9907E+0	12.17E-6	102.45E+0
823.485E+0	11.85E-6	102.65E+0
823.9794E+0	11.82E-6	101.15E+0
824.4734E+0	11.73E-6	101.9E+0
825.0294E+0	11.33E-6	104E+0
825.5234E+0	11.73E-6	103.75E+0
826.017E+0	11.22E-6	101.8E+0
826.5108E+0	11.1E-6	101.45E+0
827.0043E+0	11.16E-6	100.45E+0
827.498E+0	10.76E-6	103.1E+0
827.9914E+0	10.87E-6	102.15E+0
828.4846E+0	10.71E-6	102E+0
828.9778E+0	10.56E-6	105.5E+0
829.471E+0	10.32E-6	101.1E+0
830.0255E+0	10.38E-6	102.25E+0
830.5185E+0	10.48E-6	103.25E+0
831.0114E+0	10.23E-6	102.65E+0
831.504E+0	10.38E-6	102.8E+0
831.9966E+0	10.58E-6	103.25E+0
832.489E+0	10.22E-6	100.35E+0
832.9815E+0	10.13E-6	101.6E+0
833.4738E+0	10.28E-6	100.4E+0
834.0274E+0	10.16E-6	101.6E+0
834.5195E+0	9.71E-6	104.7E+0
835.0114E+0	9.96E-6	103.2E+0
835.5034E+0	9.66E-6	102.35E+0
835.9953E+0	9.93E-6	104.65E+0
836.4868E+0	9.85E-6	102.1E+0
836.9785E+0	9.92E-6	103.85E+0
837.4699E+0	9.75E-6	104.65E+0
838.0227E+0	9.87E-6	101.3E+0
838.5139E+0	9.36E-6	104.1E+0
839.0051E+0	9.35E-6	102.75E+0
839.496E+0	9.27E-6	101.95E+0
839.9871E+0	9.15E-6	101.15E+0
840.478E+0	9.22E-6	101.95E+0
841.0299E+0	9.35E-6	104.95E+0
841.5206E+0	9.18E-6	101.15E+0
842.011E+0	9.23E-6	103.4E+0
842.5016E+0	9.15E-6	101.55E+0
842.9918E+0	8.57E-6	103.55E+0
843.4822E+0	8.76E-6	104.8E+0
843.9722E+0	8.66E-6	103.45E+0
844.5234E+0	8.68E-6	103.25E+0
845.0132E+0	8.57E-6	103.05E+0
845.5031E+0	8.86E-6	103.95E+0
845.9928E+0	8.83E-6	100.85E+0
846.4824E+0	8.26E-6	103.4E+0
846.9718E+0	8.63E-6	100.85E+0
847.5223E+0	8.4E-6	102.35E+0
848.0116E+0	8.25E-6	101.45E+0
848.5008E+0	8.33E-6	101.6E+0
848.9899E+0	8.27E-6	103.8E+0
849.4788E+0	8.52E-6	105.75E+0
850.0288E+0	7.87E-6	107.85E+0
850.5174E+0	7.75E-6	105.25E+0
851.0059E+0	7.62E-6	103.15E+0
851.4946E+0	8.18E-6	101.75E+0
851.9831E+0	8.01E-6	98.1E+0
852.4714E+0	8.1E-6	105.3E+0
853.0204E+0	8.28E-6	105.65E+0
853.5086E+0	7.85E-6	103.3E+0
853.9966E+0	7.8E-6	105.15E+0
854.4844E+0	7.41E-6	104.7E+0
854.9722E+0	7.65E-6	102.2E+0
855.521E+0	7.8E-6	103.35E+0
856.0084E+0	7.3E-6	104.05E+0
856.496E+0	7.12E-6	104.55E+0
856.9832E+0	7.3E-6	102.75E+0
857.4704E+0	7.43E-6	101.55E+0
858.0186E+0	7.77E-6	103.3E+0
858.5056E+0	7.76E-6	105.35E+0
858.9926E+0	7.16E-6	105.2E+0
859.4794E+0	6.97E-6	102.8E+0
860.0268E+0	6.77E-6	104.4E+0
860.5135E+0	7.06E-6	102.2E+0
860.9999E+0	7.03E-6	102.85E+0
861.4864E+0	7.05E-6	105.9E+0
861.9726E+0	7.15E-6	103.95E+0
862.5194E+0	6.71E-6	103E+0
863.0055E+0	7.16E-6	105.3E+0
863.4915E+0	6.76E-6	102.9E+0
863.9774E+0	6.86E-6	105.25E+0
864.5238E+0	6.62E-6	102.35E+0
865.0096E+0	6.82E-6	104.3E+0
865.495E+0	6.73E-6	105.25E+0
865.9804E+0	6.7E-6	105.4E+0
866.5263E+0	6.67E-6	102.15E+0
867.0116E+0	6.57E-6	102.5E+0
867.4966E+0	6.52E-6	107.85E+0
867.9816E+0	6.2E-6	104.9E+0
868.527E+0	5.81E-6	103.35E+0
869.0118E+0	6.18E-6	104.65E+0
869.4966E+0	6.68E-6	104E+0
869.9811E+0	6.23E-6	108.2E+0
870.526E+0	6.3E-6	104.65E+0
871.0104E+0	5.96E-6	103.35E+0
871.4946E+0	5.83E-6	106.85E+0
871.9784E+0	6.08E-6	107.3E+0
872.5231E+0	5.92E-6	106.4E+0
873.007E+0	5.81E-6	102.35E+0
873.4906E+0	5.58E-6	104.65E+0
873.9743E+0	5.65E-6	99.95E+0
874.5184E+0	5.71E-6	104.2E+0
875.0018E+0	5.58E-6	99.25E+0
875.4852E+0	5.51E-6	99.5E+0
876.0286E+0	5.47E-6	105.55E+0
876.5118E+0	5.43E-6	101E+0
876.9948E+0	5.45E-6	103.15E+0
877.4778E+0	5.37E-6	105.3E+0
878.0208E+0	5.62E-6	106.15E+0
878.5034E+0	4.85E-6	100.25E+0
878.9859E+0	5.45E-6	104.2E+0
879.5288E+0	4.95E-6	106.85E+0
880.011E+0	5.38E-6	103.55E+0
880.4934E+0	4.95E-6	103.9E+0
880.9754E+0	5.06E-6	103.3E+0
881.5178E+0	4.75E-6	105.75E+0
881.9994E+0	4.81E-6	105.5E+0
882.4814E+0	4.98E-6	104.95E+0
883.0234E+0	5.08E-6	104.3E+0
883.5048E+0	4.87E-6	106.5E+0
883.9863E+0	4.91E-6	105.2E+0
884.5278E+0	4.68E-6	105.05E+0
885.009E+0	5.12E-6	103.1E+0
885.4902E+0	4.95E-6	101.85E+0
885.971E+0	4.7E-6	103.65E+0
886.5119E+0	4.66E-6	97.85E+0
886.9928E+0	4.32E-6	99.85E+0
887.4734E+0	4.76E-6	100.75E+0
888.014E+0	4.66E-6	104.7E+0
888.4944E+0	4.58E-6	102.2E+0
888.9747E+0	4.57E-6	105.65E+0
889.5151E+0	4.37E-6	105.8E+0
889.9952E+0	4.57E-6	107.5E+0
890.4751E+0	4.13E-6	106.35E+0
891.015E+0	4.08E-6	96.85E+0
891.4946E+0	4.31E-6	102E+0
891.9743E+0	4.05E-6	104E+0
892.5138E+0	3.93E-6	102.85E+0
892.9931E+0	4E-6	106.5E+0
893.4726E+0	4.21E-6	110.4E+0
894.0116E+0	3.82E-6	107.3E+0
894.4906E+0	4.01E-6	97.3E+0
895.0294E+0	4.13E-6	104.15E+0
895.5084E+0	3.87E-6	100.8E+0
895.987E+0	3.75E-6	100.6E+0
896.5254E+0	3.32E-6	107.55E+0
897.0039E+0	3.91E-6	106.15E+0
897.4824E+0	3.91E-6	107.8E+0
898.0203E+0	3.96E-6	104.8E+0
898.4986E+0	3.52E-6	103.55E+0
898.9766E+0	3.71E-6	105.8E+0
899.5142E+0	3.38E-6	108.5E+0
899.9922E+0	4.12E-6	106.85E+0
900.5294E+0	3.71E-6	99.9E+0
901.0071E+0	3.11E-6	103.5E+0
901.4844E+0	3.13E-6	107.4E+0
902.0214E+0	3.56E-6	101.1E+0
902.4988E+0	3.52E-6	107.05E+0
902.9759E+0	3.91E-6	101.65E+0
903.5126E+0	3.65E-6	106.1E+0
903.9894E+0	3.17E-6	99.75E+0
904.5258E+0	3.36E-6	104.45E+0
905.0024E+0	3.22E-6	97.8E+0
905.4791E+0	3.18E-6	108.3E+0
906.015E+0	3.16E-6	100.05E+0
906.4914E+0	3.17E-6	102.45E+0
907.0272E+0	3.21E-6	107.95E+0
907.5032E+0	2.88E-6	101.5E+0
907.979E+0	2.97E-6	103.85E+0
908.5144E+0	3.12E-6	99.45E+0
908.9902E+0	2.62E-6	100.7E+0
909.5254E+0	2.97E-6	102.4E+0
910.0007E+0	2.85E-6	97.55E+0
910.4762E+0	2.46E-6	98.75E+0
911.011E+0	2.85E-6	98.6E+0
911.4859E+0	2.65E-6	107.65E+0
912.0203E+0	2.71E-6	108.85E+0
912.4954E+0	3E-6	94.55E+0
913.0294E+0	2.46E-6	91.75E+0
913.5042E+0	2.6E-6	107.05E+0
913.9786E+0	2.82E-6	101.45E+0
914.5124E+0	2.37E-6	108.1E+0
914.9868E+0	2.66E-6	108.8E+0
915.5202E+0	2.4E-6	120.15E+0
915.9943E+0	2.95E-6	106.5E+0
916.5274E+0	2.27E-6	96.65E+0
917.0014E+0	2.23E-6	102.65E+0
917.475E+0	2.17E-6	97.6E+0
918.0079E+0	2.77E-6	108.65E+0
918.4814E+0	2.63E-6	100.2E+0
919.014E+0	2.03E-6	102.4E+0
919.4872E+0	2.26E-6	95.4E+0
920.0196E+0	2.45E-6	110E+0
920.4926E+0	2.3E-6	101.6E+0
921.0247E+0	1.68E-6	108E+0
921.4974E+0	2.18E-6	111.8E+0
922.0294E+0	2.21E-6	110.15E+0
922.5019E+0	2.02E-6	112E+0
922.9742E+0	1.9E-6	98E+0
923.5056E+0	2.01E-6	103.4E+0
923.9778E+0	2.31E-6	107.3E+0
924.509E+0	2.23E-6	106.35E+0
924.981E+0	1.76E-6	99.4E+0
925.5116E+0	1.63E-6	108.2E+0
925.9834E+0	1.83E-6	97.4E+0
926.5138E+0	1.97E-6	101.7E+0
926.9855E+0	2.12E-6	106.85E+0
927.5156E+0	1.52E-6	102.8E+0
927.987E+0	2.03E-6	102.4E+0
928.517E+0	1.58E-6	95E+0
928.9879E+0	1.63E-6	105.5E+0
929.5178E+0	1.56E-6	113.3E+0
929.9883E+0	1.16E-6	108.4E+0
930.518E+0	1.77E-6	90E+0
930.9884E+0	1.82E-6	92.75E+0
931.5178E+0	1.8E-6	110.75E+0
931.9879E+0	1.53E-6	109.8E+0
932.5168E+0	1.45E-6	99.45E+0
932.987E+0	1.9E-6	112.85E+0
933.5156E+0	1.63E-6	94.8E+0
933.9854E+0	1.26E-6	90.6E+0
934.5136E+0	1.27E-6	94E+0
934.9834E+0	1.3E-6	105.2E+0
935.5114E+0	1.27E-6	97.2E+0
935.9808E+0	1.32E-6	124.2E+0
936.5086E+0	1.31E-6	90E+0
936.9778E+0	1.33E-6	91.6E+0
937.5052E+0	1.5E-6	100E+0
937.9739E+0	1.18E-6	97.25E+0
938.5014E+0	1.31E-6	90E+0
939.0284E+0	1.21E-6	106.15E+0
939.497E+0	1E-6	118.8E+0
940.0238E+0	1.15E-6	99.85E+0
940.4922E+0	1.32E-6	103.65E+0
941.0186E+0	1.32E-6	98.3E+0
941.4866E+0	1.37E-6	104.2E+0
942.013E+0	1.18E-6	97.85E+0
942.4806E+0	1.32E-6	111.8E+0
943.0066E+0	1.06E-6	102.9E+0
943.4743E+0	1.32E-6	108.7E+0
943.9999E+0	1.02E-6	107.45E+0
944.5256E+0	1.2E-6	118.6E+0
944.9926E+0	1.25E-6	97.55E+0
945.5182E+0	1.11E-6	107.9E+0
945.985E+0	1.23E-6	119.7E+0
946.5099E+0	620E-9	101.55E+0
946.9766E+0	930E-9	90E+0
947.5014E+0	920E-9	88.45E+0
948.026E+0	950E-9	130.15E+0
948.4923E+0	1.1E-6	133.9E+0
949.0166E+0	950E-9	112.4E+0
949.4828E+0	550E-9	107.6E+0
950.0068E+0	1.26E-6	96.85E+0
950.4726E+0	830E-9	108.55E+0
950.9964E+0	850E-9	108E+0
951.52E+0	680E-9	114.05E+0
951.9856E+0	1.02E-6	118.35E+0
952.5088E+0	960E-9	106.6E+0
952.9742E+0	570E-9	90E+0
953.4971E+0	850E-9	90.8E+0
954.0202E+0	410E-9	123.95E+0
954.485E+0	930E-9	90E+0
955.0075E+0	900E-9	67.95E+0
955.4722E+0	330E-9	90E+0
955.9946E+0	350E-9	100.3E+0
956.5168E+0	780E-9	111.4E+0
956.981E+0	410E-9	90E+0
957.5028E+0	600E-9	90E+0
958.0247E+0	610E-9	103.25E+0
958.4886E+0	400E-9	91.85E+0
959.0102E+0	380E-9	101.15E+0
959.4735E+0	630E-9	111.9E+0
959.995E+0	620E-9	112.3E+0
960.516E+0	470E-9	126.5E+0
960.9791E+0	500E-9	132.45E+0
961.5E+0	260E-9	95.5E+0
962.0207E+0	330E-9	107.25E+0
962.4835E+0	470E-9	150.85E+0
963.0039E+0	760E-9	148.9E+0
963.5242E+0	200E-9	154.05E+0
963.9866E+0	330E-9	167.6E+0
964.5066E+0	530E-9	90E+0
965.0266E+0	630E-9	90E+0
965.4884E+0	560E-9	90E+0
966.0079E+0	130E-9	0E+0
966.5274E+0	570E-9	90E+0
966.989E+0	510E-9	104.1E+0
967.5082E+0	0E+0	0E+0
968.027E+0	330E-9	90E+0
968.4884E+0	350E-9	151.2E+0
969.0071E+0	220E-9	93.6E+0
969.5258E+0	260E-9	90E+0
969.9864E+0	780E-9	123.75E+0
970.5047E+0	620E-9	84.15E+0
971.023E+0	330E-9	81.75E+0
971.4832E+0	30E-9	0E+0
972.0011E+0	210E-9	114.3E+0
972.5188E+0	370E-9	116.65E+0
972.979E+0	660E-9	112.6E+0
973.4963E+0	110E-9	0E+0
974.0136E+0	530E-9	91.3E+0
974.4734E+0	730E-9	90E+0
974.9903E+0	410E-9	123.95E+0
975.5071E+0	210E-9	155.7E+0
976.0238E+0	470E-9	134.7E+0
976.483E+0	200E-9	0E+0
976.9994E+0	0E+0	0E+0
977.5156E+0	130E-9	0E+0
977.9744E+0	110E-9	0E+0
978.4903E+0	0E+0	0E+0
979.0062E+0	100E-9	0E+0
979.5218E+0	130E-9	0E+0
979.9799E+0	170E-9	90E+0
980.4954E+0	160E-9	0E+0
981.0106E+0	270E-9	180E+0
981.5258E+0	60E-9	0E+0
981.9834E+0	0E+0	0E+0
982.4983E+0	70E-9	0E+0
983.0128E+0	250E-9	180E+0
983.5274E+0	180E-9	0E+0
983.9844E+0	0E+0	0E+0
984.4988E+0	0E+0	0E+0
985.0128E+0	0E+0	0E+0
985.5266E+0	0E+0	0E+0
985.9834E+0	110E-9	0E+0
986.497E+0	80E-9	0E+0
987.0106E+0	500E-9	129.85E+0
987.5238E+0	450E-9	42.5E+0
987.9799E+0	170E-9	0E+0
988.4928E+0	350E-9	127.35E+0
989.0058E+0	0E+0	0E+0
989.5184E+0	120E-9	0E+0
989.9742E+0	130E-9	0E+0
990.4864E+0	0E+0	0E+0
990.9988E+0	350E-9	124.85E+0
991.511E+0	230E-9	90E+0
992.023E+0	70E-9	0E+0
992.4778E+0	0E+0	0E+0
992.9894E+0	530E-9	102.1E+0
993.5011E+0	110E-9	0E+0
994.0124E+0	0E+0	0E+0
994.5235E+0	0E+0	0E+0
994.9778E+0	0E+0	0E+0
995.4888E+0	200E-9	0E+0
995.9996E+0	0E+0	0E+0
996.5102E+0	0E+0	0E+0
997.0206E+0	160E-9	0E+0
997.4743E+0	380E-9	90E+0
997.9844E+0	260E-9	109.5E+0
998.4946E+0	150E-9	0E+0
999.0043E+0	0E+0	0E+0
999.5142E+0	430E-9	22.5E+0
1.0000235E+3	130E-9	0E+0
