#2020-12-10
#11:42
#Balayage par: lalg1702
#ScanTask Size: 10000

#Instrument: DMM34410A@Agilent34410A.lvclass Function:Read Function (Arb); Parameters:*BeforeWait(ms):0*AfterWait(ms):0

#Tools.Time(s)                 	DMM34410A.AgilentDMM(Arb)     
3.690463365474E+9
3.690463365574E+9
3.690463365674E+9
3.690463365773E+9
3.690463365874E+9
3.690463365974E+9
3.690463366076E+9
3.690463366174E+9
3.690463366274E+9
3.690463366375E+9
3.690463366474E+9
3.690463366574E+9
3.690463366673E+9
3.690463366774E+9
3.690463366874E+9
3.690463366974E+9
3.690463367074E+9
3.690463367175E+9
3.690463367284E+9
3.690463367385E+9
3.690463367483E+9
3.690463367585E+9
3.690463367684E+9
3.690463367783E+9
3.690463367884E+9
3.690463367984E+9
3.690463368086E+9
3.690463368185E+9
3.690463368285E+9
3.690463368385E+9
3.690463368486E+9
3.690463368585E+9
3.690463368685E+9
3.690463368785E+9
3.690463368885E+9
3.690463368984E+9
3.690463369085E+9
3.690463369184E+9
3.690463369283E+9
3.690463369385E+9
3.690463369484E+9
3.690463369585E+9
3.690463369685E+9
3.690463369786E+9
3.690463369884E+9
3.690463369984E+9
3.690463370084E+9
3.690463370183E+9
3.690463370284E+9
3.690463370384E+9
3.690463370484E+9
3.690463370583E+9
3.690463370684E+9
3.690463370784E+9
3.690463370884E+9
3.690463370985E+9
3.690463371084E+9
3.690463371185E+9
3.690463371283E+9
3.690463371384E+9
3.690463371483E+9
3.690463371586E+9
3.690463371684E+9
3.690463371784E+9
3.690463371883E+9
3.690463371984E+9
3.690463372084E+9
3.690463372185E+9
3.690463372283E+9
3.690463372385E+9
3.690463372484E+9
3.690463372583E+9
3.690463372686E+9
3.690463372785E+9
3.690463372885E+9
3.690463372984E+9
3.690463373084E+9
3.690463373185E+9
3.690463373284E+9
3.690463373383E+9
3.690463373485E+9
3.690463373584E+9
3.690463373683E+9
3.690463373784E+9
3.690463373884E+9
3.690463373984E+9
3.690463374084E+9
3.690463374184E+9
3.690463374286E+9
3.690463374384E+9
3.690463374484E+9
3.690463374584E+9
3.690463374684E+9
3.690463374783E+9
3.690463374884E+9
3.690463374984E+9
3.690463375084E+9
3.690463375183E+9
3.690463375283E+9
3.690463375384E+9
3.690463375485E+9
3.690463375583E+9
3.690463375686E+9
3.690463375785E+9
3.690463375884E+9
3.690463375985E+9
3.690463376086E+9
3.690463376184E+9
3.690463376284E+9
3.690463376383E+9
3.690463376485E+9
3.690463376585E+9
3.690463376684E+9
3.690463376784E+9
3.690463376884E+9
3.690463376985E+9
3.690463377084E+9
3.690463377185E+9
3.690463377284E+9
3.690463377385E+9
3.690463377485E+9
3.690463377584E+9
3.690463377684E+9
3.690463377783E+9
3.690463377884E+9
3.690463377985E+9
3.690463378145E+9
3.690463378254E+9
3.690463378355E+9
3.690463378455E+9
3.690463378554E+9
3.690463378657E+9
3.690463378754E+9
3.690463378853E+9
3.690463378955E+9
3.690463379054E+9
3.690463379153E+9
3.690463379255E+9
3.690463379355E+9
3.690463379455E+9
3.690463379554E+9
3.690463379654E+9
3.690463379755E+9
3.690463379855E+9
3.690463379954E+9
3.690463380054E+9
3.690463380155E+9
3.690463380254E+9
3.690463380355E+9
3.690463380454E+9
3.690463380556E+9
3.690463380654E+9
3.690463380755E+9
3.690463380853E+9
3.690463380955E+9
3.690463381055E+9
3.690463381155E+9
3.690463381254E+9
3.690463381353E+9
3.690463381454E+9
3.690463381554E+9
3.690463381654E+9
3.690463381754E+9
3.690463381893E+9
3.690463382025E+9
3.690463382126E+9
3.690463382225E+9
3.690463382325E+9
3.690463382424E+9
3.690463382525E+9
3.690463382626E+9
3.690463382724E+9
3.690463382824E+9
3.690463382925E+9
3.690463383025E+9
3.690463383125E+9
3.690463383224E+9
3.690463383324E+9
3.690463383425E+9
3.690463383526E+9
3.690463383626E+9
3.690463383726E+9
3.690463383824E+9
3.690463383924E+9
3.690463384025E+9
3.690463384124E+9
3.690463384225E+9
3.690463384326E+9
3.690463384425E+9
3.690463384525E+9
3.690463384623E+9
3.690463384724E+9
3.690463384825E+9
3.690463384925E+9
3.690463385025E+9
3.690463385125E+9
3.690463385225E+9
3.690463385324E+9
3.690463385424E+9
3.690463385524E+9
3.690463385624E+9
3.690463385725E+9
3.690463385824E+9
3.690463385925E+9
3.690463386025E+9
3.690463386125E+9
3.690463386225E+9
3.690463386323E+9
3.690463386423E+9
3.690463386525E+9
3.690463386625E+9
3.690463386724E+9
3.690463386825E+9
3.690463386925E+9
3.690463387025E+9
3.690463387126E+9
3.690463387226E+9
3.690463387324E+9
3.690463387425E+9
3.690463387525E+9
3.690463387624E+9
3.690463387726E+9
3.690463387825E+9
3.690463387924E+9
3.690463388025E+9
3.690463388125E+9
3.690463388226E+9
3.690463388324E+9
3.690463388425E+9
3.690463388525E+9
3.690463388625E+9
3.690463388724E+9
3.690463388825E+9
3.690463388924E+9
3.690463389026E+9
3.690463389125E+9
3.690463389225E+9
3.690463389324E+9
3.690463389425E+9
3.690463389524E+9
3.690463389626E+9
3.690463389725E+9
3.690463389825E+9
3.690463389925E+9
3.690463390024E+9
3.690463390125E+9
3.690463390225E+9
3.690463390325E+9
3.690463390423E+9
3.690463390525E+9
3.690463390624E+9
3.690463390725E+9
3.690463390824E+9
3.690463390924E+9
3.690463391025E+9
3.690463391124E+9
3.690463391224E+9
3.690463391325E+9
3.690463391424E+9
3.690463391526E+9
3.690463391624E+9
3.690463391723E+9
3.690463391826E+9
3.690463391935E+9
3.690463392035E+9
3.690463392136E+9
3.690463392236E+9
3.690463392335E+9
3.690463392434E+9
3.690463392535E+9
3.690463392635E+9
3.690463392735E+9
3.690463392833E+9
3.690463392955E+9
3.690463393054E+9
3.690463393154E+9
3.690463393253E+9
3.690463393354E+9
3.690463393532E+9
3.690463393634E+9
3.690463393734E+9
3.690463393834E+9
3.690463393934E+9
3.690463394034E+9
3.690463394135E+9
3.690463394236E+9
3.690463394333E+9
3.690463394435E+9
3.690463394534E+9
3.690463394634E+9
3.690463394734E+9
3.690463394834E+9
3.690463394934E+9
3.690463395034E+9
3.690463395133E+9
3.690463395234E+9
3.690463395334E+9
3.690463395434E+9
3.690463395535E+9
3.690463395634E+9
3.690463395734E+9
3.690463395834E+9
3.690463395934E+9
3.690463396034E+9
3.690463396134E+9
3.690463396235E+9
3.690463396334E+9
3.690463396434E+9
3.690463396534E+9
3.690463396633E+9
3.690463396734E+9
3.690463396834E+9
3.690463396934E+9
3.690463397034E+9
3.690463397135E+9
3.690463397234E+9
3.690463397334E+9
3.690463397436E+9
3.690463397534E+9
3.690463397634E+9
3.690463397733E+9
3.690463397834E+9
3.690463397934E+9
3.690463398034E+9
3.690463398133E+9
3.690463398235E+9
3.690463398334E+9
3.690463398434E+9
3.690463398534E+9
3.690463398634E+9
3.690463398734E+9
3.690463398833E+9
3.690463398934E+9
3.690463399034E+9
3.690463399185E+9
3.690463399283E+9
3.690463399385E+9
3.690463399484E+9
3.690463399584E+9
3.690463399684E+9
3.690463399784E+9
3.690463399884E+9
3.690463399984E+9
3.690463400134E+9
3.690463400234E+9
3.690463400334E+9
3.690463400434E+9
3.690463400533E+9
3.690463400634E+9
3.690463400735E+9
3.690463400834E+9
3.690463400935E+9
3.690463401035E+9
3.690463401134E+9
3.690463401234E+9
3.690463401333E+9
3.690463401434E+9
3.690463401534E+9
3.690463401634E+9
3.690463401734E+9
3.690463401834E+9
3.690463401934E+9
3.690463402035E+9
3.690463402134E+9
3.690463402234E+9
3.690463402334E+9
3.690463402436E+9
3.690463402535E+9
3.690463402636E+9
3.690463402735E+9
3.690463402835E+9
3.690463402936E+9
3.690463403036E+9
3.690463403134E+9
3.690463403237E+9
3.690463403344E+9
3.690463403444E+9
3.690463403544E+9
3.690463403645E+9
3.690463403745E+9
3.690463403845E+9
3.690463403945E+9
3.690463404068E+9
3.690463404164E+9
3.690463404264E+9
3.690463404364E+9
3.690463404464E+9
3.690463404564E+9
3.690463404663E+9
3.690463404765E+9
3.690463404865E+9
3.690463404964E+9
3.690463405063E+9
3.690463405164E+9
3.690463405265E+9
3.690463405365E+9
3.690463405463E+9
3.690463405565E+9
3.690463405665E+9
3.690463405765E+9
3.690463405865E+9
3.690463405964E+9
3.690463406064E+9
3.690463406164E+9
3.690463406265E+9
3.690463406364E+9
3.690463406464E+9
3.690463406564E+9
3.690463406664E+9
3.690463406765E+9
3.690463406864E+9
3.690463406963E+9
3.690463407064E+9
3.690463407164E+9
3.690463407265E+9
3.690463407363E+9
3.690463407464E+9
3.690463407565E+9
3.690463407663E+9
3.690463407766E+9
3.690463407865E+9
3.690463407963E+9
3.690463408063E+9
3.690463408164E+9
3.690463408265E+9
3.690463408365E+9
3.690463408464E+9
3.690463408564E+9
3.690463408664E+9
3.690463408764E+9
3.690463408864E+9
3.690463408966E+9
3.690463409065E+9
3.690463409165E+9
3.690463409264E+9
3.690463409363E+9
3.690463409466E+9
3.690463409564E+9
3.690463409664E+9
3.690463409765E+9
3.690463409865E+9
3.690463409964E+9
3.690463410065E+9
3.690463410164E+9
3.690463410266E+9
3.690463410364E+9
3.690463410464E+9
3.690463410565E+9
3.690463410666E+9
3.690463410764E+9
3.690463410866E+9
3.690463410964E+9
3.690463411066E+9
3.690463411166E+9
3.690463411265E+9
3.690463411364E+9
3.690463411463E+9
3.690463411565E+9
3.690463411664E+9
3.690463411765E+9
3.690463411866E+9
3.690463411963E+9
3.690463412064E+9
3.690463412166E+9
3.690463412267E+9
3.690463412364E+9
3.690463412464E+9
3.690463412565E+9
3.690463412664E+9
3.690463412765E+9
3.690463412866E+9
3.690463412964E+9
3.690463413064E+9
3.690463413165E+9
3.690463413265E+9
3.690463413365E+9
3.690463413465E+9
3.690463413564E+9
3.690463413666E+9
3.690463413767E+9
3.690463413865E+9
3.690463413964E+9
3.690463414065E+9
3.690463414165E+9
3.690463414263E+9
3.690463414364E+9
3.690463414464E+9
3.690463414564E+9
3.690463414664E+9
3.690463414764E+9
3.690463414864E+9
3.690463414964E+9
3.690463415064E+9
3.690463415163E+9
3.690463415265E+9
3.690463415365E+9
3.690463415464E+9
3.690463415563E+9
3.690463415665E+9
3.690463415764E+9
3.690463415864E+9
3.690463415963E+9
3.690463416064E+9
3.690463416165E+9
3.690463416265E+9
3.690463416364E+9
3.690463416464E+9
3.690463416564E+9
3.690463416665E+9
3.690463416766E+9
3.690463416865E+9
3.690463416964E+9
3.690463417065E+9
3.690463417164E+9
3.690463417264E+9
3.690463417364E+9
3.690463417465E+9
3.690463417564E+9
3.690463417664E+9
3.690463417765E+9
3.690463417865E+9
3.690463417964E+9
3.690463418065E+9
3.690463418164E+9
3.690463418264E+9
3.690463418364E+9
3.690463418465E+9
3.690463418565E+9
3.690463418664E+9
3.690463418764E+9
3.690463418864E+9
3.690463418963E+9
3.690463419065E+9
3.690463419164E+9
3.690463419264E+9
3.690463419364E+9
3.690463419464E+9
3.690463419564E+9
3.690463419663E+9
3.690463419765E+9
3.690463419864E+9
3.690463419964E+9
3.690463420063E+9
3.690463420164E+9
3.690463420264E+9
3.690463420365E+9
3.690463420465E+9
3.690463420565E+9
3.690463420666E+9
3.690463420766E+9
3.690463420864E+9
3.690463420964E+9
3.690463421064E+9
3.690463421163E+9
3.690463421265E+9
3.690463421364E+9
3.690463421464E+9
3.690463421563E+9
3.690463421666E+9
3.690463421765E+9
3.690463421865E+9
3.690463421965E+9
3.690463422064E+9
3.690463422165E+9
3.690463422266E+9
3.690463422364E+9
3.690463422464E+9
3.690463422565E+9
3.690463422664E+9
3.690463422765E+9
3.690463422865E+9
3.690463422965E+9
3.690463423064E+9
3.690463423165E+9
3.690463423265E+9
3.690463423364E+9
3.690463423464E+9
3.690463423565E+9
3.690463423664E+9
3.690463423764E+9
3.690463423864E+9
3.690463423965E+9
3.690463424065E+9
3.690463424165E+9
3.690463424268E+9
3.690463424365E+9
3.690463424466E+9
3.690463424565E+9
3.690463424664E+9
3.690463424764E+9
3.690463424864E+9
3.690463424964E+9
3.690463425064E+9
3.690463425164E+9
3.690463425264E+9
3.690463425364E+9
3.690463425464E+9
3.690463425564E+9
3.690463425664E+9
3.690463425764E+9
3.690463425865E+9
3.690463425964E+9
3.690463426064E+9
3.690463426164E+9
3.690463426266E+9
3.690463426364E+9
3.690463426464E+9
3.690463426567E+9
3.690463426663E+9
3.690463426765E+9
3.690463426864E+9
3.690463426965E+9
3.690463427064E+9
3.690463427164E+9
3.690463427265E+9
3.690463427364E+9
3.690463427465E+9
3.690463427565E+9
3.690463427665E+9
3.690463427767E+9
3.690463427864E+9
3.690463427964E+9
3.690463428064E+9
3.690463428164E+9
3.690463428265E+9
3.690463428363E+9
3.690463428464E+9
3.690463428564E+9
3.690463428665E+9
3.690463428764E+9
3.690463428864E+9
3.690463428964E+9
3.690463429065E+9
3.690463429164E+9
3.690463429264E+9
3.690463429365E+9
3.690463429464E+9
3.690463429564E+9
3.690463429665E+9
3.690463429765E+9
3.690463429866E+9
3.690463429964E+9
3.690463430063E+9
3.690463430164E+9
3.690463430264E+9
3.690463430365E+9
3.690463430464E+9
3.690463430564E+9
3.690463430664E+9
3.690463430765E+9
3.690463430864E+9
3.690463430965E+9
3.690463431064E+9
3.690463431164E+9
3.690463431264E+9
3.690463431364E+9
3.690463431464E+9
3.690463431599E+9
3.690463431705E+9
3.690463431812E+9
3.690463431914E+9
3.690463432014E+9
3.690463432113E+9
3.690463432214E+9
3.690463432314E+9
3.690463432414E+9
3.690463432514E+9
3.690463432615E+9
3.690463432715E+9
3.690463432814E+9
3.690463432914E+9
3.690463433014E+9
3.690463433113E+9
3.690463433214E+9
3.690463433314E+9
3.690463433414E+9
3.690463433515E+9
3.690463433615E+9
3.690463433715E+9
3.690463433814E+9
3.690463433914E+9
3.690463434015E+9
3.690463434114E+9
3.690463434214E+9
3.690463434314E+9
3.690463434414E+9
3.690463434514E+9
3.690463434614E+9
3.690463434714E+9
3.690463434815E+9
3.690463434914E+9
3.690463435013E+9
3.690463435114E+9
3.690463435215E+9
3.690463435313E+9
3.690463435413E+9
3.690463435514E+9
3.690463435614E+9
3.690463435714E+9
3.690463435814E+9
3.690463435915E+9
3.690463436016E+9
3.690463436114E+9
3.690463436214E+9
3.690463436314E+9
3.690463436414E+9
3.690463436514E+9
3.690463436615E+9
3.690463436714E+9
3.690463436814E+9
3.690463436916E+9
3.690463437015E+9
3.690463437113E+9
3.690463437214E+9
3.690463437314E+9
3.690463437425E+9
3.690463437525E+9
3.690463437625E+9
3.690463437724E+9
3.690463437824E+9
3.690463437925E+9
3.690463438024E+9
3.690463438125E+9
3.690463438225E+9
3.690463438324E+9
3.690463438424E+9
3.690463438524E+9
3.690463438624E+9
3.690463438724E+9
3.690463438825E+9
3.690463438924E+9
3.690463439023E+9
3.690463439125E+9
3.690463439224E+9
3.690463439325E+9
3.690463439425E+9
3.690463439524E+9
3.690463439624E+9
3.690463439725E+9
3.690463439825E+9
3.690463439924E+9
3.690463440025E+9
3.690463440124E+9
3.690463440223E+9
3.690463440324E+9
3.690463440424E+9
3.690463440524E+9
3.690463440625E+9
3.690463440725E+9
3.690463440824E+9
3.690463440923E+9
3.690463441024E+9
3.690463441124E+9
3.690463441224E+9
3.690463441323E+9
3.690463441424E+9
3.690463441524E+9
3.690463441624E+9
3.690463441724E+9
3.690463441825E+9
3.690463441926E+9
3.690463442024E+9
3.690463442124E+9
3.690463442224E+9
3.690463442325E+9
3.690463442424E+9
3.690463442524E+9
3.690463442624E+9
3.690463442725E+9
3.690463442824E+9
3.690463442925E+9
3.690463443025E+9
3.690463443124E+9
3.690463443223E+9
3.690463443324E+9
3.690463443425E+9
3.690463443524E+9
3.690463443625E+9
3.690463443724E+9
3.690463443824E+9
3.690463443924E+9
3.690463444025E+9
3.690463444125E+9
3.690463444224E+9
3.690463444323E+9
3.690463444425E+9
3.690463444524E+9
3.690463444662E+9
3.690463444764E+9
3.690463444864E+9
3.690463444964E+9
3.690463445064E+9
3.690463445165E+9
3.690463445265E+9
3.690463445364E+9
3.690463445466E+9
3.690463445564E+9
3.690463445664E+9
3.690463445764E+9
3.690463445863E+9
3.690463445964E+9
3.690463446134E+9
