#2021-02-11
#09:08
#Balayage par: lalg1702
#ScanTask Size: 101,6


#Ind Point(Point)              	ScanPar(Arb)                  	Temps Abs(ms)                 	Random Number(Arb)            	Crb 1 Dat(Arb)                
0E+0	3.695897300585E+9	0E+0	3.695897300585E+9	740.0353142787E-3	0E+0
1E+0	3.69589730059E+9	0E+0	3.69589730059E+9	953.7555861302E-3	49.5213842439E-3
2E+0	3.695897300595E+9	0E+0	3.695897300595E+9	553.803174167E-3	98.54796718603E-3
3E+0	3.695897300611E+9	0E+0	3.695897300611E+9	926.3077701361E-3	146.5898914157E-3
4E+0	3.695897300618E+9	0E+0	3.695897300618E+9	554.7163743991E-3	193.1671379064E-3
5E+0	3.695897300633E+9	0E+0	3.695897300634E+9	22.25017356674E-3	237.8143222078E-3
6E+0	3.695897300641E+9	0E+0	3.695897300641E+9	487.5352194461E-3	280.0853444127E-3
7E+0	3.695897300651E+9	0E+0	3.695897300651E+9	336.4924079039E-3	319.5578464401E-3
8E+0	3.695897300658E+9	0E+0	3.695897300658E+9	813.9256282332E-3	355.8374320976E-3
9E+0	3.695897300669E+9	0E+0	3.695897300669E+9	355.4804715761E-3	388.5616077578E-3
10E+0	3.695897300676E+9	0E+0	3.695897300676E+9	676.7379228242E-3	417.4034042747E-3
11E+0	3.695897300691E+9	0E+0	3.695897300691E+9	406.8181635537E-3	442.0746439513E-3
12E+0	3.695897300696E+9	0E+0	3.695897300696E+9	470.7515228112E-3	462.3288199161E-3
13E+0	3.695897300709E+9	0E+0	3.69589730071E+9	276.2258027908E-3	477.9635591377E-3
14E+0	3.695897300717E+9	0E+0	3.695897300717E+9	529.2477540428E-3	488.8226444703E-3
15E+0	3.695897300741E+9	0E+0	3.695897300741E+9	868.3424591493E-3	494.7975755225E-3
16E+0	3.695897300748E+9	0E+0	3.695897300748E+9	851.187347965E-3	495.8286527585E-3
17E+0	3.695897300765E+9	0E+0	3.695897300765E+9	862.0319462512E-3	491.9055739953E-3
18E+0	3.695897300771E+9	0E+0	3.695897300771E+9	395.2952505168E-3	483.0675373391E-3
19E+0	3.69589730079E+9	0E+0	3.69589730079E+9	407.3935719802E-3	469.4028495307E-3
20E+0	3.695897300797E+9	0E+0	3.695897300797E+9	115.4705600169E-3	451.0480436137E-3
21E+0	3.695897300814E+9	0E+0	3.695897300814E+9	921.8699413505E-3	428.1865147416E-3
22E+0	3.695897300821E+9	0E+0	3.695897300821E+9	766.4582324194E-3	401.0466877538E-3
23E+0	3.695897300843E+9	0E+0	3.695897300843E+9	336.9850513775E-3	369.8997348305E-3
24E+0	3.695897300848E+9	0E+0	3.695897300848E+9	205.8173369944E-3	335.0568660293E-3
25E+0	3.695897300852E+9	0E+0	3.695897300852E+9	402.043406138E-3	296.8662197778E-3
26E+0	3.695897300884E+9	0E+0	3.695897300884E+9	276.121166565E-3	255.7093843892E-3
27E+0	3.695897300889E+9	0E+0	3.695897300889E+9	516.1507233428E-3	211.997585358E-3
28E+0	3.695897300909E+9	0E+0	3.695897300909E+9	996.7736629687E-3	166.1675765311E-3
29E+0	3.695897300914E+9	0E+0	3.695897300914E+9	448.8078784503E-3	118.6772762072E-3
30E+0	3.695897300937E+9	0E+0	3.695897300937E+9	521.9218166114E-3	70.00119176886E-3
31E+0	3.695897300942E+9	0E+0	3.695897300942E+9	606.9684715055E-3	20.62567856171E-3
32E+0	3.695897300946E+9	0E+0	3.695897300946E+9	693.7958863395E-3	-28.95591960768E-3
33E+0	3.695897300961E+9	0E+0	3.695897300961E+9	388.9620560369E-3	-78.24819979991E-3
34E+0	3.695897300964E+9	0E+0	3.695897300965E+9	11.05941504238E-3	-126.7586498451E-3
35E+0	3.695897300978E+9	0E+0	3.695897300978E+9	327.5330322221E-3	-174.002569362E-3
36E+0	3.695897300991E+9	0E+0	3.695897300991E+9	709.1059083549E-3	-219.5079127233E-3
37E+0	3.695897300997E+9	0E+0	3.695897300997E+9	436.266903563E-3	-262.8200055804E-3
38E+0	3.695897301009E+9	0E+0	3.695897301009E+9	878.8607395091E-3	-303.5060878185E-3
39E+0	3.695897301014E+9	0E+0	3.695897301014E+9	556.2557807809E-3	-341.1596375529E-3
40E+0	3.695897301017E+9	0E+0	3.695897301017E+9	905.9154423715E-3	-375.4044329612E-3
41E+0	3.695897301028E+9	0E+0	3.695897301028E+9	716.9951937133E-3	-405.8983113676E-3
42E+0	3.695897301034E+9	0E+0	3.695897301034E+9	258.2343687972E-3	-432.336588019E-3
43E+0	3.695897301048E+9	0E+0	3.695897301048E+9	670.3237028061E-3	-454.4551003943E-3
44E+0	3.695897301053E+9	0E+0	3.695897301053E+9	689.1341009666E-3	-472.0328476294E-3
45E+0	3.695897301069E+9	0E+0	3.695897301069E+9	563.296758458E-3	-484.8941986843E-3
46E+0	3.695897301076E+9	0E+0	3.695897301076E+9	76.61071987537E-3	-492.9106471906E-3
47E+0	3.695897301088E+9	0E+0	3.695897301088E+9	853.2507892374E-3	-496.0020954448E-3
48E+0	3.695897301094E+9	0E+0	3.695897301094E+9	596.2461654862E-3	-494.1376547178E-3
49E+0	3.695897301113E+9	0E+0	3.695897301113E+9	672.3550753588E-3	-487.3359538851E-3
50E+0	3.69589730112E+9	0E+0	3.69589730112E+9	88.24346733505E-3	-475.664953293E-3
51E+0	3.695897301133E+9	0E+0	3.695897301133E+9	614.2557109848E-3	-459.2412657215E-3
52E+0	3.695897301158E+9	0E+0	3.695897301158E+9	490.7350213604E-3	-438.228991228E-3
53E+0	3.695897301163E+9	0E+0	3.695897301163E+9	874.0009138154E-3	-412.8380775133E-3
54E+0	3.695897301183E+9	0E+0	3.695897301183E+9	230.0776313064E-3	-383.3222221942E-3
55E+0	3.69589730119E+9	0E+0	3.69589730119E+9	657.8662199322E-3	-349.9763379404E-3
56E+0	3.695897301206E+9	0E+0	3.695897301206E+9	144.5107964808E-3	-313.1336058048E-3
57E+0	3.695897301213E+9	0E+0	3.695897301213E+9	153.1311488722E-3	-273.1621461881E-3
58E+0	3.695897301227E+9	0E+0	3.695897301227E+9	194.5004316914E-3	-230.4613407021E-3
59E+0	3.695897301232E+9	0E+0	3.695897301232E+9	570.9157846507E-3	-185.4578416802E-3
60E+0	3.695897301235E+9	0E+0	3.695897301235E+9	782.5354536414E-3	-138.6013092085E-3
61E+0	3.69589730126E+9	0E+0	3.69589730126E+9	504.7010589312E-3	-90.35991827067E-3
62E+0	3.695897301267E+9	0E+0	3.695897301267E+9	96.46356578141E-3	-41.21568089849E-3
63E+0	3.695897301282E+9	0E+0	3.695897301282E+9	669.1428366296E-3	8.340369933143E-3
64E+0	3.695897301286E+9	0E+0	3.695897301286E+9	776.0559840698E-3	57.81308654536E-3
65E+0	3.695897301301E+9	0E+0	3.695897301301E+9	256.2546970614E-3	106.7081539073E-3
66E+0	3.695897301308E+9	0E+0	3.695897301308E+9	224.48641919E-3	154.5370286684E-3
67E+0	3.69589730132E+9	0E+0	3.69589730132E+9	949.5855572904E-3	200.8218205222E-3
68E+0	3.695897301327E+9	0E+0	3.695897301327E+9	475.2214181093E-3	245.1000671282E-3
69E+0	3.69589730133E+9	0E+0	3.69589730133E+9	319.7376432805E-3	286.9293548828E-3
70E+0	3.695897301342E+9	0E+0	3.695897301342E+9	422.0456861193E-3	325.8917393696E-3
71E+0	3.69589730135E+9	0E+0	3.69589730135E+9	583.2962925703E-3	361.5979213221E-3
72E+0	3.695897301363E+9	0E+0	3.695897301363E+9	545.2285621691E-3	393.6911363732E-3
73E+0	3.695897301369E+9	0E+0	3.695897301369E+9	97.29939884841E-3	421.8507197266E-3
74E+0	3.695897301392E+9	0E+0	3.695897301392E+9	169.3639741874E-3	445.7953101338E-3
75E+0	3.695897301396E+9	0E+0	3.695897301396E+9	205.8407157719E-3	465.2856611625E-3
76E+0	3.6958973014E+9	0E+0	3.6958973014E+9	535.9615448793E-3	480.1270316678E-3
77E+0	3.695897301418E+9	0E+0	3.695897301418E+9	834.4994956722E-3	490.1711315816E-3
78E+0	3.695897301425E+9	0E+0	3.695897301425E+9	292.0893685005E-3	495.3176035777E-3
79E+0	3.695897301442E+9	0E+0	3.695897301442E+9	39.94521352001E-3	495.5150258091E-3
80E+0	3.695897301448E+9	0E+0	3.695897301448E+9	686.6519724243E-3	490.7614256981E-3
81E+0	3.695897301469E+9	0E+0	3.695897301469E+9	704.5185444262E-3	481.1042996456E-3
82E+0	3.695897301476E+9	0E+0	3.695897301476E+9	599.0968989212E-3	466.6401384631E-3
83E+0	3.695897301495E+9	0E+0	3.695897301495E+9	889.1554545491E-3	447.5134632677E-3
84E+0	3.695897301499E+9	0E+0	3.6958973015E+9	61.45393825047E-3	423.9153814756E-3
85E+0	3.695897301513E+9	0E+0	3.695897301513E+9	489.5681492223E-3	396.0816773197E-3
86E+0	3.69589730152E+9	0E+0	3.69589730152E+9	125.0530165494E-3	364.2904559711E-3
87E+0	3.695897301533E+9	0E+0	3.695897301533E+9	404.4212750791E-3	328.8593648049E-3
88E+0	3.695897301541E+9	0E+0	3.695897301541E+9	896.2340614059E-3	290.1424195721E-3
89E+0	3.695897301554E+9	0E+0	3.695897301554E+9	209.8486040659E-3	248.5264671911E-3
90E+0	3.695897301562E+9	0E+0	3.695897301562E+9	760.2458056819E-3	204.427320502E-3
91E+0	3.695897301577E+9	0E+0	3.695897301577E+9	823.2444799808E-3	158.2856036011E-3
92E+0	3.695897301584E+9	0E+0	3.695897301584E+9	456.1256323578E-3	110.5623492712E-3
93E+0	3.695897301598E+9	0E+0	3.695897301598E+9	778.4182748723E-3	61.73439249454E-3
94E+0	3.695897301605E+9	0E+0	3.695897301605E+9	405.5367369555E-3	12.28960607471E-3
95E+0	3.695897301619E+9	0E+0	3.695897301619E+9	39.25223155875E-3	-37.27797402662E-3
96E+0	3.695897301625E+9	0E+0	3.695897301625E+9	153.8481118888E-3	-86.47308493393E-3
97E+0	3.695897301638E+9	0E+0	3.695897301638E+9	546.0715842556E-3	-134.8041853608E-3
98E+0	3.695897301644E+9	0E+0	3.695897301644E+9	998.5346154678E-3	-181.7883669278E-3
99E+0	3.695897301658E+9	0E+0	3.695897301658E+9	470.1120933671E-3	-226.9561792238E-3
100E+0	3.695897301662E+9	0E+0	3.695897301662E+9	478.1073690552E-3	0E+0
0E+0	3.695897301677E+9	1E+0	3.695897301677E+9	114.7493986252E-3	0E+0
1E+0	3.695897301683E+9	1E+0	3.695897301683E+9	603.1323183873E-3	49.5213842439E-3
2E+0	3.695897301698E+9	1E+0	3.695897301698E+9	329.7036507924E-3	98.54796718603E-3
3E+0	3.695897301703E+9	1E+0	3.695897301703E+9	747.8412247638E-3	146.5898914157E-3
4E+0	3.69589730172E+9	1E+0	3.69589730172E+9	96.12278130419E-3	193.1671379064E-3
5E+0	3.695897301725E+9	1E+0	3.695897301725E+9	625.1760272636E-3	237.8143222078E-3
6E+0	3.695897301728E+9	1E+0	3.695897301728E+9	670.1483409317E-3	280.0853444127E-3
7E+0	3.69589730174E+9	1E+0	3.69589730174E+9	846.0674759683E-3	319.5578464401E-3
8E+0	3.695897301744E+9	1E+0	3.695897301744E+9	423.2108526275E-3	355.8374320976E-3
9E+0	3.695897301748E+9	1E+0	3.695897301748E+9	886.6326700886E-3	388.5616077578E-3
10E+0	3.695897301759E+9	1E+0	3.695897301759E+9	162.6862012537E-3	417.4034042747E-3
11E+0	3.695897301765E+9	1E+0	3.695897301765E+9	458.5075060759E-3	442.0746439513E-3
12E+0	3.695897301769E+9	1E+0	3.695897301769E+9	871.1542824873E-3	462.3288199161E-3
13E+0	3.695897301793E+9	1E+0	3.695897301793E+9	220.4156310038E-3	477.9635591377E-3
14E+0	3.695897301799E+9	1E+0	3.695897301799E+9	547.9300702024E-3	488.8226444703E-3
15E+0	3.695897301802E+9	1E+0	3.695897301803E+9	46.75092544123E-3	494.7975755225E-3
16E+0	3.695897301828E+9	1E+0	3.695897301828E+9	433.2505912439E-3	495.8286527585E-3
17E+0	3.695897301833E+9	1E+0	3.695897301833E+9	441.0865205914E-3	491.9055739953E-3
18E+0	3.69589730185E+9	1E+0	3.69589730185E+9	166.2631541584E-3	483.0675373391E-3
19E+0	3.695897301859E+9	1E+0	3.695897301859E+9	587.4817019939E-3	469.4028495307E-3
20E+0	3.695897301872E+9	1E+0	3.695897301872E+9	688.1218896288E-3	451.0480436137E-3
21E+0	3.695897301877E+9	1E+0	3.695897301877E+9	357.9854031245E-3	428.1865147416E-3
22E+0	3.695897301891E+9	1E+0	3.695897301891E+9	227.3476023346E-3	401.0466877538E-3
23E+0	3.695897301895E+9	1E+0	3.695897301895E+9	406.806847946E-3	369.8997348305E-3
24E+0	3.6958973019E+9	1E+0	3.6958973019E+9	640.579515926E-3	335.0568660293E-3
25E+0	3.695897301923E+9	1E+0	3.695897301923E+9	812.5533903053E-3	296.8662197778E-3
26E+0	3.695897301931E+9	1E+0	3.695897301931E+9	435.5969383421E-3	255.7093843892E-3
27E+0	3.695897301946E+9	1E+0	3.695897301946E+9	855.5358298746E-3	211.997585358E-3
28E+0	3.695897301951E+9	1E+0	3.695897301951E+9	908.9177635252E-3	166.1675765311E-3
29E+0	3.695897301978E+9	1E+0	3.695897301978E+9	76.33229133472E-3	118.6772762072E-3
30E+0	3.695897301983E+9	1E+0	3.695897301983E+9	445.2198250069E-3	70.00119176886E-3
31E+0	3.695897301987E+9	1E+0	3.695897301987E+9	550.8461391959E-3	20.62567856171E-3
32E+0	3.695897302007E+9	1E+0	3.695897302007E+9	520.5453916074E-3	-28.95591960768E-3
33E+0	3.695897302021E+9	1E+0	3.695897302021E+9	648.5906896059E-3	-78.24819979991E-3
34E+0	3.695897302025E+9	1E+0	3.695897302025E+9	174.0061852129E-3	-126.7586498451E-3
35E+0	3.695897302029E+9	1E+0	3.695897302029E+9	372.5519337258E-3	-174.002569362E-3
36E+0	3.695897302046E+9	1E+0	3.695897302046E+9	340.2198268421E-3	-219.5079127233E-3
37E+0	3.695897302054E+9	1E+0	3.695897302054E+9	418.3526021884E-3	-262.8200055804E-3
38E+0	3.695897302075E+9	1E+0	3.695897302075E+9	421.9410627659E-3	-303.5060878185E-3
39E+0	3.695897302083E+9	1E+0	3.695897302083E+9	471.7996811464E-3	-341.1596375529E-3
40E+0	3.695897302096E+9	1E+0	3.695897302096E+9	264.3745001761E-3	-375.4044329612E-3
41E+0	3.695897302102E+9	1E+0	3.695897302102E+9	603.9609960244E-3	-405.8983113676E-3
42E+0	3.695897302123E+9	1E+0	3.695897302123E+9	649.8059028782E-3	-432.336588019E-3
43E+0	3.695897302128E+9	1E+0	3.695897302128E+9	759.7952523116E-3	-454.4551003943E-3
44E+0	3.695897302131E+9	1E+0	3.695897302131E+9	640.113982049E-3	-472.0328476294E-3
45E+0	3.695897302144E+9	1E+0	3.695897302144E+9	125.976723828E-3	-484.8941986843E-3
46E+0	3.695897302149E+9	1E+0	3.695897302149E+9	200.6940135658E-3	-492.9106471906E-3
47E+0	3.695897302153E+9	1E+0	3.695897302153E+9	540.6655420058E-3	-496.0020954448E-3
48E+0	3.695897302171E+9	1E+0	3.695897302171E+9	739.373756535E-3	-494.1376547178E-3
49E+0	3.695897302177E+9	1E+0	3.695897302177E+9	131.6508922294E-3	-487.3359538851E-3
50E+0	3.695897302192E+9	1E+0	3.695897302192E+9	528.8875123745E-3	-475.664953293E-3
51E+0	3.695897302198E+9	1E+0	3.695897302198E+9	997.3509139899E-3	-459.2412657215E-3
52E+0	3.695897302213E+9	1E+0	3.695897302213E+9	297.8410310576E-3	-438.228991228E-3
53E+0	3.695897302219E+9	1E+0	3.695897302219E+9	892.9449563681E-3	-412.8380775133E-3
54E+0	3.695897302236E+9	1E+0	3.695897302236E+9	333.8220102736E-3	-383.3222221942E-3
55E+0	3.695897302244E+9	1E+0	3.695897302244E+9	402.1581695098E-3	-349.9763379404E-3
56E+0	3.695897302257E+9	1E+0	3.695897302257E+9	272.394309681E-3	-313.1336058048E-3
57E+0	3.695897302262E+9	1E+0	3.695897302262E+9	23.58331305876E-3	-273.1621461881E-3
58E+0	3.695897302277E+9	1E+0	3.695897302277E+9	58.48131823969E-3	-230.4613407021E-3
59E+0	3.695897302286E+9	1E+0	3.695897302286E+9	669.7053239117E-3	-185.4578416802E-3
60E+0	3.695897302304E+9	1E+0	3.695897302304E+9	969.2588581747E-3	-138.6013092085E-3
61E+0	3.695897302308E+9	1E+0	3.695897302308E+9	269.8212155275E-3	-90.35991827067E-3
62E+0	3.695897302311E+9	1E+0	3.695897302311E+9	500.4984699357E-3	-41.21568089849E-3
63E+0	3.695897302314E+9	1E+0	3.695897302314E+9	560.2741762508E-3	8.340369933143E-3
64E+0	3.695897302335E+9	1E+0	3.695897302335E+9	564.3588902773E-3	57.81308654536E-3
65E+0	3.695897302353E+9	1E+0	3.695897302353E+9	514.4387473326E-3	106.7081539073E-3
66E+0	3.695897302358E+9	1E+0	3.695897302358E+9	508.7257338173E-3	154.5370286684E-3
67E+0	3.695897302373E+9	1E+0	3.695897302373E+9	406.2501372485E-3	200.8218205222E-3
68E+0	3.695897302379E+9	1E+0	3.695897302379E+9	281.7113498546E-3	245.1000671282E-3
69E+0	3.695897302393E+9	1E+0	3.695897302393E+9	461.4987732959E-3	286.9293548828E-3
70E+0	3.695897302398E+9	1E+0	3.695897302398E+9	402.0866466385E-3	325.8917393696E-3
71E+0	3.695897302401E+9	1E+0	3.695897302401E+9	692.7858660111E-3	361.5979213221E-3
72E+0	3.695897302404E+9	1E+0	3.695897302404E+9	880.7632823061E-3	393.6911363732E-3
73E+0	3.695897302442E+9	1E+0	3.695897302442E+9	586.4837202968E-3	421.8507197266E-3
74E+0	3.695897302447E+9	1E+0	3.695897302447E+9	590.9880691228E-3	445.7953101338E-3
75E+0	3.695897302462E+9	1E+0	3.695897302462E+9	294.029344718E-3	465.2856611625E-3
76E+0	3.695897302467E+9	1E+0	3.695897302467E+9	242.4869341081E-3	480.1270316678E-3
77E+0	3.695897302471E+9	1E+0	3.695897302471E+9	538.7564045846E-3	490.1711315816E-3
78E+0	3.695897302496E+9	1E+0	3.695897302496E+9	427.9656967202E-3	495.3176035777E-3
79E+0	3.695897302503E+9	1E+0	3.695897302503E+9	127.0973359147E-3	495.5150258091E-3
80E+0	3.695897302528E+9	1E+0	3.695897302528E+9	767.264817045E-3	490.7614256981E-3
81E+0	3.695897302533E+9	1E+0	3.695897302533E+9	976.5788655418E-3	481.1042996456E-3
82E+0	3.695897302552E+9	1E+0	3.695897302552E+9	744.1440659182E-3	466.6401384631E-3
83E+0	3.695897302558E+9	1E+0	3.695897302558E+9	70.48026497757E-3	447.5134632677E-3
84E+0	3.695897302574E+9	1E+0	3.695897302574E+9	741.4892952523E-3	423.9153814756E-3
85E+0	3.695897302582E+9	1E+0	3.695897302582E+9	809.5579685444E-3	396.0816773197E-3
86E+0	3.695897302599E+9	1E+0	3.695897302599E+9	523.3782017637E-3	364.2904559711E-3
87E+0	3.695897302603E+9	1E+0	3.695897302603E+9	584.7340750887E-3	328.8593648049E-3
88E+0	3.695897302622E+9	1E+0	3.695897302622E+9	411.0059822996E-3	290.1424195721E-3
89E+0	3.695897302626E+9	1E+0	3.695897302626E+9	747.4805015357E-3	248.5264671911E-3
90E+0	3.695897302629E+9	1E+0	3.69589730263E+9	955.5244518341E-3	204.427320502E-3
91E+0	3.695897302642E+9	1E+0	3.695897302642E+9	51.22513397629E-3	158.2856036011E-3
92E+0	3.695897302647E+9	1E+0	3.695897302647E+9	169.4283984455E-3	110.5623492712E-3
93E+0	3.69589730265E+9	1E+0	3.69589730265E+9	825.7145281351E-3	61.73439249454E-3
94E+0	3.695897302665E+9	1E+0	3.695897302665E+9	712.4713005783E-3	12.28960607471E-3
95E+0	3.695897302672E+9	1E+0	3.695897302672E+9	937.3033334343E-3	-37.27797402662E-3
96E+0	3.695897302687E+9	1E+0	3.695897302687E+9	98.43744013204E-3	-86.47308493393E-3
97E+0	3.695897302691E+9	1E+0	3.695897302691E+9	377.1346093631E-3	-134.8041853608E-3
98E+0	3.695897302694E+9	1E+0	3.695897302694E+9	500.2360972586E-3	-181.7883669278E-3
99E+0	3.695897302708E+9	1E+0	3.695897302708E+9	757.0731435377E-3	-226.9561792238E-3
100E+0	3.695897302714E+9	1E+0	3.695897302714E+9	799.7989796579E-3	0E+0
0E+0	3.695897302734E+9	2E+0	3.695897302734E+9	822.3162870775E-3	0E+0
1E+0	3.695897302743E+9	2E+0	3.695897302743E+9	882.7758048914E-3	49.5213842439E-3
2E+0	3.695897302765E+9	2E+0	3.695897302765E+9	524.9016260205E-3	98.54796718603E-3
3E+0	3.695897302772E+9	2E+0	3.695897302772E+9	743.416435377E-3	146.5898914157E-3
4E+0	3.695897302795E+9	2E+0	3.695897302795E+9	287.6828914197E-3	193.1671379064E-3
5E+0	3.695897302801E+9	2E+0	3.695897302801E+9	730.9467262259E-3	237.8143222078E-3
6E+0	3.69589730282E+9	2E+0	3.69589730282E+9	770.6118868575E-3	280.0853444127E-3
7E+0	3.695897302827E+9	2E+0	3.695897302827E+9	179.5941137463E-3	319.5578464401E-3
8E+0	3.695897302853E+9	2E+0	3.695897302853E+9	384.8400052267E-3	355.8374320976E-3
9E+0	3.695897302858E+9	2E+0	3.695897302858E+9	326.8396343595E-3	388.5616077578E-3
10E+0	3.695897302862E+9	2E+0	3.695897302862E+9	486.2897634433E-3	417.4034042747E-3
11E+0	3.695897302877E+9	2E+0	3.695897302877E+9	859.9770058338E-3	442.0746439513E-3
12E+0	3.695897302882E+9	2E+0	3.695897302882E+9	102.9581502979E-3	462.3288199161E-3
13E+0	3.695897302885E+9	2E+0	3.695897302885E+9	183.4322413134E-3	477.9635591377E-3
14E+0	3.695897302923E+9	2E+0	3.695897302923E+9	834.1288184399E-3	488.8226444703E-3
15E+0	3.695897302929E+9	2E+0	3.695897302929E+9	734.8270564873E-3	494.7975755225E-3
16E+0	3.695897302948E+9	2E+0	3.695897302948E+9	61.92521760509E-3	495.8286527585E-3
17E+0	3.695897302954E+9	2E+0	3.695897302954E+9	725.9399283316E-3	491.9055739953E-3
18E+0	3.695897302971E+9	2E+0	3.695897302971E+9	878.7633697451E-3	483.0675373391E-3
19E+0	3.695897302976E+9	2E+0	3.695897302976E+9	468.2497232159E-3	469.4028495307E-3
20E+0	3.69589730298E+9	2E+0	3.69589730298E+9	11.04256103912E-3	451.0480436137E-3
21E+0	3.695897302995E+9	2E+0	3.695897302995E+9	861.8742574356E-3	428.1865147416E-3
22E+0	3.695897302999E+9	2E+0	3.695897302999E+9	812.0228387395E-3	401.0466877538E-3
23E+0	3.695897303028E+9	2E+0	3.695897303028E+9	481.0035261518E-3	369.8997348305E-3
24E+0	3.695897303034E+9	2E+0	3.695897303034E+9	249.4974705875E-3	335.0568660293E-3
25E+0	3.695897303048E+9	2E+0	3.695897303048E+9	75.49244999522E-3	296.8662197778E-3
26E+0	3.695897303057E+9	2E+0	3.695897303057E+9	181.41224448E-3	255.7093843892E-3
27E+0	3.695897303072E+9	2E+0	3.695897303072E+9	48.61942061308E-3	211.997585358E-3
28E+0	3.695897303079E+9	2E+0	3.695897303079E+9	366.5265920141E-3	166.1675765311E-3
29E+0	3.695897303093E+9	2E+0	3.695897303093E+9	514.2163826475E-3	118.6772762072E-3
30E+0	3.695897303098E+9	2E+0	3.695897303098E+9	395.1418564535E-3	70.00119176886E-3
31E+0	3.695897303101E+9	2E+0	3.695897303102E+9	239.3881088738E-3	20.62567856171E-3
32E+0	3.695897303118E+9	2E+0	3.695897303118E+9	654.0606826909E-3	-28.95591960768E-3
33E+0	3.695897303126E+9	2E+0	3.695897303126E+9	17.38548895892E-3	-78.24819979991E-3
34E+0	3.695897303152E+9	2E+0	3.695897303152E+9	527.4421715461E-3	-126.7586498451E-3
35E+0	3.695897303159E+9	2E+0	3.695897303159E+9	63.85356831113E-3	-174.002569362E-3
36E+0	3.695897303175E+9	2E+0	3.695897303175E+9	614.9223410634E-3	-219.5079127233E-3
37E+0	3.69589730318E+9	2E+0	3.69589730318E+9	47.85918132702E-3	-262.8200055804E-3
38E+0	3.695897303184E+9	2E+0	3.695897303184E+9	729.8556130575E-3	-303.5060878185E-3
39E+0	3.6958973032E+9	2E+0	3.6958973032E+9	415.0359879628E-3	-341.1596375529E-3
40E+0	3.695897303208E+9	2E+0	3.695897303208E+9	340.3755463956E-3	-375.4044329612E-3
41E+0	3.695897303232E+9	2E+0	3.695897303232E+9	85.23139574453E-3	-405.8983113676E-3
42E+0	3.695897303237E+9	2E+0	3.695897303237E+9	841.2784489959E-3	-432.336588019E-3
43E+0	3.695897303256E+9	2E+0	3.695897303256E+9	254.3465998576E-3	-454.4551003943E-3
44E+0	3.695897303262E+9	2E+0	3.695897303262E+9	239.6814094334E-3	-472.0328476294E-3
45E+0	3.695897303276E+9	2E+0	3.695897303276E+9	60.24757969909E-3	-484.8941986843E-3
46E+0	3.695897303282E+9	2E+0	3.695897303282E+9	747.5622847412E-3	-492.9106471906E-3
47E+0	3.695897303311E+9	2E+0	3.695897303311E+9	95.68903814736E-3	-496.0020954448E-3
48E+0	3.695897303318E+9	2E+0	3.695897303318E+9	738.1331465757E-3	-494.1376547178E-3
49E+0	3.695897303357E+9	2E+0	3.695897303357E+9	954.6969945442E-3	-487.3359538851E-3
50E+0	3.695897303364E+9	2E+0	3.695897303364E+9	261.9726311253E-3	-475.664953293E-3
51E+0	3.695897303386E+9	2E+0	3.695897303386E+9	720.4085649374E-3	-459.2412657215E-3
52E+0	3.695897303393E+9	2E+0	3.695897303393E+9	967.0472050122E-3	-438.228991228E-3
53E+0	3.695897303409E+9	2E+0	3.695897303409E+9	49.6143599514E-3	-412.8380775133E-3
54E+0	3.695897303414E+9	2E+0	3.695897303414E+9	778.2782522904E-3	-383.3222221942E-3
55E+0	3.695897303418E+9	2E+0	3.695897303418E+9	692.8090366184E-3	-349.9763379404E-3
56E+0	3.695897303439E+9	2E+0	3.695897303439E+9	70.51974656574E-3	-313.1336058048E-3
57E+0	3.695897303474E+9	2E+0	3.695897303474E+9	974.9019680137E-3	-273.1621461881E-3
58E+0	3.695897303479E+9	2E+0	3.695897303479E+9	886.9548980723E-3	-230.4613407021E-3
59E+0	3.695897303483E+9	2E+0	3.695897303483E+9	211.0431726895E-3	-185.4578416802E-3
60E+0	3.695897303498E+9	2E+0	3.695897303498E+9	643.726071731E-3	-138.6013092085E-3
61E+0	3.695897303519E+9	2E+0	3.695897303519E+9	70.83770419175E-3	-90.35991827067E-3
62E+0	3.695897303523E+9	2E+0	3.695897303523E+9	706.4524404005E-3	-41.21568089849E-3
63E+0	3.695897303527E+9	2E+0	3.695897303527E+9	492.7126940809E-3	8.340369933143E-3
64E+0	3.695897303541E+9	2E+0	3.695897303541E+9	695.1021592114E-3	57.81308654536E-3
65E+0	3.695897303546E+9	2E+0	3.695897303546E+9	304.5576701062E-3	106.7081539073E-3
66E+0	3.69589730355E+9	2E+0	3.69589730355E+9	665.3867706075E-3	154.5370286684E-3
67E+0	3.695897303566E+9	2E+0	3.695897303566E+9	535.6197347171E-3	200.8218205222E-3
68E+0	3.695897303572E+9	2E+0	3.695897303572E+9	247.470291458E-3	245.1000671282E-3
69E+0	3.695897303607E+9	2E+0	3.695897303607E+9	786.3988844553E-3	286.9293548828E-3
70E+0	3.695897303613E+9	2E+0	3.695897303613E+9	932.0950940464E-3	325.8917393696E-3
71E+0	3.695897303643E+9	2E+0	3.695897303643E+9	37.94296450233E-3	361.5979213221E-3
72E+0	3.695897303648E+9	2E+0	3.695897303648E+9	97.13261853278E-3	393.6911363732E-3
73E+0	3.695897303652E+9	2E+0	3.695897303652E+9	150.3368949091E-3	421.8507197266E-3
74E+0	3.695897303693E+9	2E+0	3.695897303693E+9	795.4943817323E-3	445.7953101338E-3
75E+0	3.695897303698E+9	2E+0	3.695897303698E+9	213.4912711515E-3	465.2856611625E-3
76E+0	3.695897303702E+9	2E+0	3.695897303702E+9	650.8892664827E-3	480.1270316678E-3
77E+0	3.695897303725E+9	2E+0	3.695897303725E+9	753.3426301497E-3	490.1711315816E-3
78E+0	3.695897303731E+9	2E+0	3.695897303731E+9	51.94301595069E-3	495.3176035777E-3
79E+0	3.695897303748E+9	2E+0	3.695897303748E+9	292.5492066068E-3	495.5150258091E-3
80E+0	3.695897303753E+9	2E+0	3.695897303753E+9	816.9513762004E-3	490.7614256981E-3
81E+0	3.695897303771E+9	2E+0	3.695897303771E+9	252.0281325029E-3	481.1042996456E-3
82E+0	3.695897303776E+9	2E+0	3.695897303776E+9	416.811062221E-3	466.6401384631E-3
83E+0	3.695897303779E+9	2E+0	3.695897303779E+9	971.2925118798E-3	447.5134632677E-3
84E+0	3.695897303796E+9	2E+0	3.695897303796E+9	516.6983237629E-3	423.9153814756E-3
85E+0	3.6958973038E+9	2E+0	3.6958973038E+9	328.0605082343E-3	396.0816773197E-3
86E+0	3.695897303805E+9	2E+0	3.695897303805E+9	895.7829081156E-3	364.2904559711E-3
87E+0	3.69589730382E+9	2E+0	3.69589730382E+9	699.4759980776E-3	328.8593648049E-3
88E+0	3.695897303825E+9	2E+0	3.695897303825E+9	626.5130472407E-3	290.1424195721E-3
89E+0	3.695897303845E+9	2E+0	3.695897303845E+9	339.5839614215E-3	248.5264671911E-3
90E+0	3.695897303861E+9	2E+0	3.695897303861E+9	198.4699207448E-3	204.427320502E-3
91E+0	3.695897303868E+9	2E+0	3.695897303868E+9	127.5311412827E-3	158.2856036011E-3
92E+0	3.695897303895E+9	2E+0	3.695897303895E+9	635.5536146815E-3	110.5623492712E-3
93E+0	3.695897303901E+9	2E+0	3.695897303901E+9	294.7494566241E-3	61.73439249454E-3
94E+0	3.695897303923E+9	2E+0	3.695897303923E+9	979.9430889987E-3	12.28960607471E-3
95E+0	3.695897303928E+9	2E+0	3.695897303928E+9	194.5228017557E-3	-37.27797402662E-3
96E+0	3.695897303963E+9	2E+0	3.695897303963E+9	295.6431307468E-3	-86.47308493393E-3
97E+0	3.695897303968E+9	2E+0	3.695897303968E+9	378.4277493064E-3	-134.8041853608E-3
98E+0	3.695897303986E+9	2E+0	3.695897303986E+9	516.4104976871E-3	-181.7883669278E-3
99E+0	3.695897303996E+9	2E+0	3.695897303996E+9	959.0201129031E-3	-226.9561792238E-3
100E+0	3.695897304019E+9	2E+0	3.695897304019E+9	299.2819510828E-3	0E+0
0E+0	3.695897304038E+9	3E+0	3.695897304038E+9	514.152473785E-3	0E+0
1E+0	3.695897304042E+9	3E+0	3.695897304042E+9	74.22601651093E-3	49.5213842439E-3
2E+0	3.695897304047E+9	3E+0	3.695897304047E+9	321.3333298609E-3	98.54796718603E-3
3E+0	3.695897304062E+9	3E+0	3.695897304063E+9	524.4018051318E-3	146.5898914157E-3
4E+0	3.695897304069E+9	3E+0	3.695897304069E+9	67.35927504822E-3	193.1671379064E-3
5E+0	3.695897304093E+9	3E+0	3.695897304093E+9	482.7961476068E-3	237.8143222078E-3
6E+0	3.695897304101E+9	3E+0	3.695897304101E+9	785.8291548343E-3	280.0853444127E-3
7E+0	3.69589730413E+9	3E+0	3.69589730413E+9	356.3081609147E-3	319.5578464401E-3
8E+0	3.695897304136E+9	3E+0	3.695897304136E+9	330.8461262104E-3	355.8374320976E-3
9E+0	3.695897304158E+9	3E+0	3.695897304158E+9	866.9088607351E-3	388.5616077578E-3
10E+0	3.695897304162E+9	3E+0	3.695897304162E+9	297.2620255863E-3	417.4034042747E-3
11E+0	3.695897304167E+9	3E+0	3.695897304167E+9	381.2348899154E-3	442.0746439513E-3
12E+0	3.695897304203E+9	3E+0	3.695897304203E+9	134.1199134361E-3	462.3288199161E-3
13E+0	3.695897304209E+9	3E+0	3.695897304209E+9	134.9149681331E-3	477.9635591377E-3
14E+0	3.695897304212E+9	3E+0	3.695897304212E+9	643.3046286902E-3	488.8226444703E-3
15E+0	3.695897304229E+9	3E+0	3.695897304229E+9	936.41701024E-3	494.7975755225E-3
16E+0	3.695897304233E+9	3E+0	3.695897304233E+9	650.5525432058E-3	495.8286527585E-3
17E+0	3.695897304237E+9	3E+0	3.695897304237E+9	236.1182918764E-3	491.9055739953E-3
18E+0	3.695897304256E+9	3E+0	3.695897304256E+9	866.3690036034E-3	483.0675373391E-3
19E+0	3.695897304262E+9	3E+0	3.695897304262E+9	416.6297777178E-3	469.4028495307E-3
20E+0	3.695897304266E+9	3E+0	3.695897304266E+9	13.455509697E-3	451.0480436137E-3
21E+0	3.695897304294E+9	3E+0	3.695897304294E+9	978.0924695808E-3	428.1865147416E-3
22E+0	3.695897304323E+9	3E+0	3.695897304323E+9	970.9955352225E-3	401.0466877538E-3
23E+0	3.695897304328E+9	3E+0	3.695897304328E+9	979.7983851742E-3	369.8997348305E-3
24E+0	3.695897304331E+9	3E+0	3.695897304331E+9	437.8335760483E-3	335.0568660293E-3
25E+0	3.695897304347E+9	3E+0	3.695897304347E+9	250.614235191E-3	296.8662197778E-3
26E+0	3.695897304354E+9	3E+0	3.695897304354E+9	45.95095452626E-3	255.7093843892E-3
27E+0	3.695897304373E+9	3E+0	3.695897304373E+9	584.484986607E-3	211.997585358E-3
28E+0	3.695897304377E+9	3E+0	3.695897304377E+9	131.6895857674E-3	166.1675765311E-3
29E+0	3.695897304381E+9	3E+0	3.695897304381E+9	975.4318125934E-3	118.6772762072E-3
30E+0	3.695897304413E+9	3E+0	3.695897304413E+9	635.1118214114E-3	70.00119176886E-3
31E+0	3.695897304419E+9	3E+0	3.695897304419E+9	179.3204336978E-3	20.62567856171E-3
32E+0	3.695897304439E+9	3E+0	3.695897304439E+9	792.4242928149E-3	-28.95591960768E-3
33E+0	3.695897304444E+9	3E+0	3.695897304444E+9	678.1071122716E-3	-78.24819979991E-3
34E+0	3.695897304448E+9	3E+0	3.695897304448E+9	166.4406557819E-3	-126.7586498451E-3
35E+0	3.695897304467E+9	3E+0	3.695897304467E+9	632.9998721181E-3	-174.002569362E-3
36E+0	3.695897304473E+9	3E+0	3.695897304473E+9	907.37037313E-3	-219.5079127233E-3
37E+0	3.695897304493E+9	3E+0	3.695897304493E+9	402.7550232818E-3	-262.8200055804E-3
38E+0	3.695897304501E+9	3E+0	3.695897304501E+9	950.0404308287E-3	-303.5060878185E-3
39E+0	3.695897304527E+9	3E+0	3.695897304527E+9	55.05355836252E-3	-341.1596375529E-3
40E+0	3.695897304532E+9	3E+0	3.695897304532E+9	22.41210602518E-3	-375.4044329612E-3
41E+0	3.695897304549E+9	3E+0	3.695897304549E+9	244.9243327538E-3	-405.8983113676E-3
42E+0	3.695897304557E+9	3E+0	3.695897304557E+9	605.3729181564E-3	-432.336588019E-3
43E+0	3.695897304576E+9	3E+0	3.695897304577E+9	730.5993472113E-3	-454.4551003943E-3
44E+0	3.695897304583E+9	3E+0	3.695897304583E+9	735.0809143536E-3	-472.0328476294E-3
45E+0	3.695897304609E+9	3E+0	3.695897304609E+9	266.2717625953E-3	-484.8941986843E-3
46E+0	3.695897304619E+9	3E+0	3.695897304619E+9	789.4759061108E-3	-492.9106471906E-3
47E+0	3.695897304633E+9	3E+0	3.695897304633E+9	84.58579765868E-3	-496.0020954448E-3
48E+0	3.695897304642E+9	3E+0	3.695897304642E+9	450.9253614258E-3	-494.1376547178E-3
49E+0	3.695897304667E+9	3E+0	3.695897304667E+9	398.9582346252E-3	-487.3359538851E-3
50E+0	3.695897304697E+9	3E+0	3.695897304697E+9	962.7446689086E-3	-475.664953293E-3
51E+0	3.695897304701E+9	3E+0	3.695897304701E+9	317.9008835953E-3	-459.2412657215E-3
52E+0	3.695897304722E+9	3E+0	3.695897304722E+9	326.7629111578E-3	-438.228991228E-3
53E+0	3.695897304727E+9	3E+0	3.695897304728E+9	582.3925134028E-3	-412.8380775133E-3
54E+0	3.695897304731E+9	3E+0	3.695897304731E+9	605.2787620131E-3	-383.3222221942E-3
55E+0	3.695897304749E+9	3E+0	3.695897304749E+9	498.2496669043E-3	-349.9763379404E-3
56E+0	3.695897304758E+9	3E+0	3.695897304758E+9	201.2322206641E-3	-313.1336058048E-3
57E+0	3.695897304779E+9	3E+0	3.69589730478E+9	796.0648655632E-3	-273.1621461881E-3
58E+0	3.695897304785E+9	3E+0	3.695897304785E+9	152.9229271648E-3	-230.4613407021E-3
59E+0	3.695897304815E+9	3E+0	3.695897304815E+9	199.9339304283E-3	-185.4578416802E-3
60E+0	3.695897304823E+9	3E+0	3.695897304823E+9	31.50021435261E-3	-138.6013092085E-3
61E+0	3.695897304853E+9	3E+0	3.695897304853E+9	308.1059308972E-3	-90.35991827067E-3
62E+0	3.695897304861E+9	3E+0	3.695897304861E+9	446.0380034181E-3	-41.21568089849E-3
63E+0	3.695897304882E+9	3E+0	3.695897304882E+9	480.7972001192E-3	8.340369933143E-3
64E+0	3.695897304887E+9	3E+0	3.695897304887E+9	281.9510898824E-3	57.81308654536E-3
65E+0	3.695897304907E+9	3E+0	3.695897304907E+9	7.530760617047E-3	106.7081539073E-3
66E+0	3.695897304913E+9	3E+0	3.695897304913E+9	782.2577378583E-3	154.5370286684E-3
67E+0	3.695897304938E+9	3E+0	3.695897304938E+9	412.2922805991E-3	200.8218205222E-3
68E+0	3.695897304943E+9	3E+0	3.695897304943E+9	396.9751988719E-3	245.1000671282E-3
69E+0	3.695897304946E+9	3E+0	3.695897304946E+9	524.4392838777E-3	286.9293548828E-3
70E+0	3.695897304964E+9	3E+0	3.695897304964E+9	473.643734179E-3	325.8917393696E-3
71E+0	3.69589730497E+9	3E+0	3.69589730497E+9	989.7425644129E-3	361.5979213221E-3
72E+0	3.695897304991E+9	3E+0	3.695897304991E+9	159.2459511991E-3	393.6911363732E-3
73E+0	3.695897304998E+9	3E+0	3.695897304998E+9	112.5818624435E-3	421.8507197266E-3
74E+0	3.695897305017E+9	3E+0	3.695897305017E+9	792.9313519081E-3	445.7953101338E-3
75E+0	3.695897305025E+9	3E+0	3.695897305025E+9	993.4797861435E-3	465.2856611625E-3
76E+0	3.695897305065E+9	3E+0	3.695897305065E+9	946.5704551538E-3	480.1270316678E-3
77E+0	3.695897305113E+9	3E+0	3.695897305113E+9	33.63794087843E-3	490.1711315816E-3
78E+0	3.695897305122E+9	3E+0	3.695897305122E+9	872.7056249209E-3	495.3176035777E-3
79E+0	3.695897305159E+9	3E+0	3.695897305159E+9	49.12296268791E-3	495.5150258091E-3
80E+0	3.695897305165E+9	3E+0	3.695897305165E+9	767.1603193327E-3	490.7614256981E-3
81E+0	3.695897305185E+9	3E+0	3.695897305185E+9	421.5405590478E-3	481.1042996456E-3
82E+0	3.695897305192E+9	3E+0	3.695897305192E+9	191.1323200945E-3	466.6401384631E-3
83E+0	3.695897305221E+9	3E+0	3.695897305221E+9	953.0357449085E-3	447.5134632677E-3
84E+0	3.695897305225E+9	3E+0	3.695897305225E+9	54.81537707592E-3	423.9153814756E-3
85E+0	3.695897305247E+9	3E+0	3.695897305247E+9	164.4390759092E-3	396.0816773197E-3
86E+0	3.695897305253E+9	3E+0	3.695897305253E+9	688.7104504526E-3	364.2904559711E-3
87E+0	3.695897305276E+9	3E+0	3.695897305276E+9	461.8388531699E-3	328.8593648049E-3
88E+0	3.695897305282E+9	3E+0	3.695897305282E+9	822.3058782989E-3	290.1424195721E-3
89E+0	3.695897305285E+9	3E+0	3.695897305285E+9	215.7189514421E-3	248.5264671911E-3
90E+0	3.695897305313E+9	3E+0	3.695897305313E+9	86.96970528939E-3	204.427320502E-3
91E+0	3.695897305319E+9	3E+0	3.695897305319E+9	601.3298918187E-3	158.2856036011E-3
92E+0	3.69589730534E+9	3E+0	3.69589730534E+9	711.7156978771E-3	110.5623492712E-3
93E+0	3.695897305345E+9	3E+0	3.695897305345E+9	254.6180491575E-3	61.73439249454E-3
94E+0	3.695897305349E+9	3E+0	3.695897305349E+9	6.899244877177E-3	12.28960607471E-3
95E+0	3.695897305368E+9	3E+0	3.695897305368E+9	892.8179156147E-3	-37.27797402662E-3
96E+0	3.695897305377E+9	3E+0	3.695897305377E+9	230.541015955E-3	-86.47308493393E-3
97E+0	3.695897305407E+9	3E+0	3.695897305407E+9	994.7033116133E-3	-134.8041853608E-3
98E+0	3.695897305412E+9	3E+0	3.695897305412E+9	54.58730949107E-3	-181.7883669278E-3
99E+0	3.69589730543E+9	3E+0	3.695897305431E+9	940.8038530578E-3	-226.9561792238E-3
100E+0	3.695897305436E+9	3E+0	3.695897305436E+9	470.612231602E-3	0E+0
0E+0	3.695897305457E+9	4E+0	3.695897305457E+9	959.4246101353E-3	0E+0
1E+0	3.695897305462E+9	4E+0	3.695897305462E+9	36.08773312076E-3	49.5213842439E-3
2E+0	3.695897305466E+9	4E+0	3.695897305466E+9	849.8560878704E-3	98.54796718603E-3
3E+0	3.695897305498E+9	4E+0	3.695897305499E+9	715.7090840234E-3	146.5898914157E-3
4E+0	3.695897305508E+9	4E+0	3.695897305508E+9	192.1330732611E-3	193.1671379064E-3
5E+0	3.695897305537E+9	4E+0	3.695897305537E+9	565.593242975E-3	237.8143222078E-3
6E+0	3.695897305558E+9	4E+0	3.695897305558E+9	900.3614184778E-3	280.0853444127E-3
7E+0	3.695897305564E+9	4E+0	3.695897305564E+9	966.5756217273E-3	319.5578464401E-3
8E+0	3.695897305567E+9	4E+0	3.695897305567E+9	187.5468482411E-3	355.8374320976E-3
9E+0	3.695897305613E+9	4E+0	3.695897305613E+9	371.6895668508E-3	388.5616077578E-3
10E+0	3.695897305616E+9	4E+0	3.695897305616E+9	463.787633541E-3	417.4034042747E-3
11E+0	3.695897305651E+9	4E+0	3.695897305651E+9	313.9523564649E-3	442.0746439513E-3
12E+0	3.695897305694E+9	4E+0	3.695897305694E+9	380.6060718219E-3	462.3288199161E-3
13E+0	3.695897305723E+9	4E+0	3.695897305723E+9	441.5113264443E-3	477.9635591377E-3
14E+0	3.695897305728E+9	4E+0	3.695897305728E+9	309.8969849903E-3	488.8226444703E-3
15E+0	3.695897305732E+9	4E+0	3.695897305732E+9	303.9275523736E-3	494.7975755225E-3
16E+0	3.695897305757E+9	4E+0	3.695897305757E+9	424.191467546E-3	495.8286527585E-3
17E+0	3.695897305781E+9	4E+0	3.695897305781E+9	798.3046244141E-3	491.9055739953E-3
18E+0	3.695897305788E+9	4E+0	3.695897305788E+9	525.3263904663E-3	483.0675373391E-3
19E+0	3.695897305825E+9	4E+0	3.695897305825E+9	919.5641010423E-3	469.4028495307E-3
20E+0	3.695897305831E+9	4E+0	3.695897305831E+9	109.0149654215E-3	451.0480436137E-3
21E+0	3.695897305851E+9	4E+0	3.695897305852E+9	887.9929660347E-3	428.1865147416E-3
22E+0	3.69589730586E+9	4E+0	3.69589730586E+9	817.3705513575E-3	401.0466877538E-3
23E+0	3.695897305881E+9	4E+0	3.695897305881E+9	979.8326126423E-3	369.8997348305E-3
24E+0	3.695897305887E+9	4E+0	3.695897305887E+9	624.5162279538E-3	335.0568660293E-3
25E+0	3.695897305917E+9	4E+0	3.695897305917E+9	951.9881139475E-3	296.8662197778E-3
26E+0	3.695897305924E+9	4E+0	3.695897305924E+9	813.869918169E-3	255.7093843892E-3
27E+0	3.695897305958E+9	4E+0	3.695897305958E+9	334.3546471831E-3	211.997585358E-3
28E+0	3.695897305964E+9	4E+0	3.695897305964E+9	876.2346798842E-3	166.1675765311E-3
29E+0	3.695897305968E+9	4E+0	3.695897305969E+9	395.6723368635E-3	118.6772762072E-3
30E+0	3.695897305991E+9	4E+0	3.695897305991E+9	531.4214786796E-3	70.00119176886E-3
31E+0	3.695897305994E+9	4E+0	3.695897305994E+9	899.292406992E-3	20.62567856171E-3
32E+0	3.695897306012E+9	4E+0	3.695897306012E+9	493.2629082089E-3	-28.95591960768E-3
33E+0	3.695897306019E+9	4E+0	3.695897306019E+9	965.6031309294E-3	-78.24819979991E-3
34E+0	3.695897306042E+9	4E+0	3.695897306042E+9	352.2283208142E-3	-126.7586498451E-3
35E+0	3.695897306048E+9	4E+0	3.695897306048E+9	326.8379804123E-3	-174.002569362E-3
36E+0	3.695897306052E+9	4E+0	3.695897306052E+9	773.8977268683E-3	-219.5079127233E-3
37E+0	3.695897306072E+9	4E+0	3.695897306072E+9	821.4198644801E-3	-262.8200055804E-3
38E+0	3.695897306077E+9	4E+0	3.695897306077E+9	507.5747755778E-3	-303.5060878185E-3
39E+0	3.69589730608E+9	4E+0	3.69589730608E+9	382.7582809118E-3	-341.1596375529E-3
40E+0	3.695897306098E+9	4E+0	3.695897306098E+9	59.73008288332E-3	-375.4044329612E-3
41E+0	3.695897306107E+9	4E+0	3.695897306107E+9	500.4941931772E-3	-405.8983113676E-3
42E+0	3.695897306127E+9	4E+0	3.695897306127E+9	826.0805051991E-3	-432.336588019E-3
43E+0	3.695897306132E+9	4E+0	3.695897306132E+9	231.3051824331E-3	-454.4551003943E-3
44E+0	3.695897306136E+9	4E+0	3.695897306136E+9	211.1350491876E-3	-472.0328476294E-3
45E+0	3.695897306157E+9	4E+0	3.695897306157E+9	328.2825939939E-3	-484.8941986843E-3
46E+0	3.69589730616E+9	4E+0	3.69589730616E+9	384.5588420184E-3	-492.9106471906E-3
47E+0	3.695897306178E+9	4E+0	3.695897306178E+9	364.3157026529E-3	-496.0020954448E-3
48E+0	3.695897306182E+9	4E+0	3.695897306182E+9	724.4891230068E-3	-494.1376547178E-3
49E+0	3.6958973062E+9	4E+0	3.6958973062E+9	753.2976666825E-3	-487.3359538851E-3
50E+0	3.695897306207E+9	4E+0	3.695897306207E+9	892.7473978615E-3	-475.664953293E-3
51E+0	3.695897306226E+9	4E+0	3.695897306226E+9	796.0972664625E-3	-459.2412657215E-3
52E+0	3.695897306231E+9	4E+0	3.695897306231E+9	275.9814805098E-3	-438.228991228E-3
53E+0	3.695897306233E+9	4E+0	3.695897306233E+9	33.29406832032E-3	-412.8380775133E-3
54E+0	3.695897306251E+9	4E+0	3.695897306251E+9	608.6270309489E-3	-383.3222221942E-3
55E+0	3.695897306258E+9	4E+0	3.695897306258E+9	45.21406464172E-3	-349.9763379404E-3
56E+0	3.69589730628E+9	4E+0	3.69589730628E+9	887.7706185036E-3	-313.1336058048E-3
57E+0	3.695897306285E+9	4E+0	3.695897306286E+9	657.9743370037E-3	-273.1621461881E-3
58E+0	3.695897306318E+9	4E+0	3.695897306318E+9	658.4097010659E-3	-230.4613407021E-3
59E+0	3.695897306323E+9	4E+0	3.695897306323E+9	542.7289573175E-3	-185.4578416802E-3
60E+0	3.695897306343E+9	4E+0	3.695897306343E+9	408.1501655489E-3	-138.6013092085E-3
61E+0	3.695897306348E+9	4E+0	3.695897306348E+9	953.158712341E-3	-90.35991827067E-3
62E+0	3.69589730635E+9	4E+0	3.69589730635E+9	717.3427680091E-3	-41.21568089849E-3
63E+0	3.695897306372E+9	4E+0	3.695897306372E+9	162.0269176923E-3	8.340369933143E-3
64E+0	3.695897306376E+9	4E+0	3.695897306376E+9	65.5670137097E-3	57.81308654536E-3
65E+0	3.69589730638E+9	4E+0	3.69589730638E+9	844.3606453214E-3	106.7081539073E-3
66E+0	3.695897306398E+9	4E+0	3.695897306398E+9	556.9726499809E-3	154.5370286684E-3
67E+0	3.695897306407E+9	4E+0	3.695897306407E+9	413.6696067582E-3	200.8218205222E-3
68E+0	3.695897306425E+9	4E+0	3.695897306425E+9	458.7393629657E-3	245.1000671282E-3
69E+0	3.69589730643E+9	4E+0	3.69589730643E+9	936.8597408514E-3	286.9293548828E-3
70E+0	3.695897306433E+9	4E+0	3.695897306433E+9	655.2243650317E-3	325.8917393696E-3
71E+0	3.695897306453E+9	4E+0	3.695897306453E+9	84.31524779209E-3	361.5979213221E-3
72E+0	3.695897306456E+9	4E+0	3.695897306456E+9	840.6195809961E-3	393.6911363732E-3
73E+0	3.69589730646E+9	4E+0	3.69589730646E+9	969.8112783213E-3	421.8507197266E-3
74E+0	3.695897306463E+9	4E+0	3.695897306463E+9	293.872023519E-3	445.7953101338E-3
75E+0	3.695897306481E+9	4E+0	3.695897306481E+9	501.154910692E-3	465.2856611625E-3
76E+0	3.695897306487E+9	4E+0	3.695897306487E+9	234.879547564E-3	480.1270316678E-3
77E+0	3.695897306508E+9	4E+0	3.695897306508E+9	54.6079564938E-3	490.1711315816E-3
78E+0	3.695897306513E+9	4E+0	3.695897306513E+9	509.8668316357E-3	495.3176035777E-3
79E+0	3.695897306515E+9	4E+0	3.695897306515E+9	375.5269985792E-3	495.5150258091E-3
80E+0	3.695897306518E+9	4E+0	3.695897306518E+9	73.93277614445E-3	490.7614256981E-3
81E+0	3.695897306536E+9	4E+0	3.695897306536E+9	500.9963368865E-3	481.1042996456E-3
82E+0	3.695897306542E+9	4E+0	3.695897306542E+9	494.1080582001E-3	466.6401384631E-3
83E+0	3.69589730657E+9	4E+0	3.69589730657E+9	914.8027980616E-3	447.5134632677E-3
84E+0	3.695897306577E+9	4E+0	3.695897306577E+9	871.0398275836E-3	423.9153814756E-3
85E+0	3.695897306599E+9	4E+0	3.695897306599E+9	567.7028335398E-3	396.0816773197E-3
86E+0	3.695897306604E+9	4E+0	3.695897306605E+9	458.2184685846E-3	364.2904559711E-3
87E+0	3.695897306632E+9	4E+0	3.695897306632E+9	17.62165532113E-3	328.8593648049E-3
88E+0	3.695897306639E+9	4E+0	3.695897306639E+9	75.22020784392E-3	290.1424195721E-3
89E+0	3.695897306658E+9	4E+0	3.695897306658E+9	452.7802781052E-3	248.5264671911E-3
90E+0	3.695897306664E+9	4E+0	3.695897306664E+9	790.6820407054E-3	204.427320502E-3
91E+0	3.695897306667E+9	4E+0	3.695897306667E+9	876.3588440879E-3	158.2856036011E-3
92E+0	3.695897306684E+9	4E+0	3.695897306684E+9	863.8495625763E-3	110.5623492712E-3
93E+0	3.69589730669E+9	4E+0	3.69589730669E+9	35.11316880259E-3	61.73439249454E-3
94E+0	3.695897306712E+9	4E+0	3.695897306712E+9	676.5203961993E-3	12.28960607471E-3
95E+0	3.695897306717E+9	4E+0	3.695897306717E+9	224.4335385431E-3	-37.27797402662E-3
96E+0	3.69589730672E+9	4E+0	3.69589730672E+9	660.7495643388E-3	-86.47308493393E-3
97E+0	3.695897306764E+9	4E+0	3.695897306764E+9	247.47084748E-3	-134.8041853608E-3
98E+0	3.69589730677E+9	4E+0	3.69589730677E+9	349.3190014417E-3	-181.7883669278E-3
99E+0	3.695897306793E+9	4E+0	3.695897306793E+9	814.6419005384E-3	-226.9561792238E-3
100E+0	3.6958973068E+9	4E+0	3.6958973068E+9	86.0846235813E-3	0E+0
0E+0	3.695897306837E+9	5E+0	3.695897306837E+9	124.5813103656E-3	0E+0
1E+0	3.695897306843E+9	5E+0	3.695897306843E+9	483.2303139543E-3	49.5213842439E-3
2E+0	3.695897306869E+9	5E+0	3.695897306869E+9	936.7345897205E-3	98.54796718603E-3
3E+0	3.695897306875E+9	5E+0	3.695897306875E+9	150.3244371465E-3	146.5898914157E-3
4E+0	3.695897306897E+9	5E+0	3.695897306897E+9	783.7408017412E-3	193.1671379064E-3
5E+0	3.695897306902E+9	5E+0	3.695897306902E+9	716.7421247725E-3	237.8143222078E-3
6E+0	3.695897306934E+9	5E+0	3.695897306934E+9	576.8097470558E-3	280.0853444127E-3
7E+0	3.695897306941E+9	5E+0	3.695897306941E+9	209.0690317354E-3	319.5578464401E-3
8E+0	3.695897306966E+9	5E+0	3.695897306966E+9	641.3296434583E-3	355.8374320976E-3
9E+0	3.695897306975E+9	5E+0	3.695897306975E+9	856.1741341049E-3	388.5616077578E-3
10E+0	3.695897307016E+9	5E+0	3.695897307016E+9	19.78565027329E-3	417.4034042747E-3
11E+0	3.695897307026E+9	5E+0	3.695897307026E+9	713.1240875741E-3	442.0746439513E-3
12E+0	3.695897307058E+9	5E+0	3.695897307058E+9	113.3334179193E-3	462.3288199161E-3
13E+0	3.695897307062E+9	5E+0	3.695897307062E+9	511.6256692363E-3	477.9635591377E-3
14E+0	3.695897307082E+9	5E+0	3.695897307082E+9	592.7155567799E-3	488.8226444703E-3
15E+0	3.695897307089E+9	5E+0	3.695897307089E+9	859.057297983E-3	494.7975755225E-3
16E+0	3.695897307123E+9	5E+0	3.695897307123E+9	313.5302945414E-3	495.8286527585E-3
17E+0	3.695897307129E+9	5E+0	3.695897307129E+9	109.2692412322E-3	491.9055739953E-3
18E+0	3.695897307132E+9	5E+0	3.695897307132E+9	402.8296742307E-3	483.0675373391E-3
19E+0	3.695897307163E+9	5E+0	3.695897307163E+9	349.1625114832E-3	469.4028495307E-3
20E+0	3.695897307183E+9	5E+0	3.695897307183E+9	672.615975411E-3	451.0480436137E-3
21E+0	3.69589730719E+9	5E+0	3.69589730719E+9	302.5033973031E-3	428.1865147416E-3
22E+0	3.695897307211E+9	5E+0	3.695897307211E+9	489.5642999583E-3	401.0466877538E-3
23E+0	3.695897307217E+9	5E+0	3.695897307217E+9	725.1616542597E-3	369.8997348305E-3
24E+0	3.695897307241E+9	5E+0	3.695897307241E+9	535.0588367308E-3	335.0568660293E-3
25E+0	3.695897307246E+9	5E+0	3.695897307246E+9	936.912016446E-3	296.8662197778E-3
26E+0	3.695897307251E+9	5E+0	3.695897307251E+9	482.3534432467E-3	255.7093843892E-3
27E+0	3.695897307275E+9	5E+0	3.695897307275E+9	237.4169360262E-3	211.997585358E-3
28E+0	3.695897307326E+9	5E+0	3.695897307326E+9	344.8505668549E-3	166.1675765311E-3
29E+0	3.695897307329E+9	5E+0	3.695897307329E+9	730.2501196837E-3	118.6772762072E-3
30E+0	3.695897307333E+9	5E+0	3.695897307333E+9	813.6941671518E-3	70.00119176886E-3
31E+0	3.695897307359E+9	5E+0	3.695897307359E+9	52.40586160087E-3	20.62567856171E-3
32E+0	3.695897307363E+9	5E+0	3.695897307363E+9	812.8995202617E-3	-28.95591960768E-3
33E+0	3.695897307367E+9	5E+0	3.695897307367E+9	253.9880041607E-3	-78.24819979991E-3
34E+0	3.69589730739E+9	5E+0	3.69589730739E+9	528.3685263757E-3	-126.7586498451E-3
35E+0	3.695897307395E+9	5E+0	3.695897307395E+9	834.6424583036E-3	-174.002569362E-3
36E+0	3.695897307398E+9	5E+0	3.695897307398E+9	808.0338286925E-3	-219.5079127233E-3
37E+0	3.695897307421E+9	5E+0	3.695897307421E+9	782.2465339549E-3	-262.8200055804E-3
38E+0	3.695897307426E+9	5E+0	3.695897307426E+9	626.1675078349E-3	-303.5060878185E-3
39E+0	3.69589730745E+9	5E+0	3.69589730745E+9	458.2958124442E-3	-341.1596375529E-3
40E+0	3.695897307458E+9	5E+0	3.695897307458E+9	399.2651920955E-3	-375.4044329612E-3
41E+0	3.695897307478E+9	5E+0	3.695897307478E+9	783.6593035088E-3	-405.8983113676E-3
42E+0	3.695897307483E+9	5E+0	3.695897307483E+9	70.09521664719E-3	-432.336588019E-3
43E+0	3.695897307522E+9	5E+0	3.695897307522E+9	728.5088145993E-3	-454.4551003943E-3
44E+0	3.695897307528E+9	5E+0	3.695897307528E+9	696.3433397901E-3	-472.0328476294E-3
45E+0	3.695897307532E+9	5E+0	3.695897307532E+9	860.9436238582E-3	-484.8941986843E-3
46E+0	3.695897307552E+9	5E+0	3.695897307552E+9	246.9750796281E-3	-492.9106471906E-3
47E+0	3.695897307556E+9	5E+0	3.695897307556E+9	554.3279230644E-3	-496.0020954448E-3
48E+0	3.695897307562E+9	5E+0	3.695897307562E+9	779.3251769652E-3	-494.1376547178E-3
49E+0	3.695897307591E+9	5E+0	3.695897307591E+9	316.892617823E-3	-487.3359538851E-3
50E+0	3.695897307596E+9	5E+0	3.695897307596E+9	391.1782047935E-3	-475.664953293E-3
51E+0	3.695897307598E+9	5E+0	3.695897307598E+9	278.0316576881E-3	-459.2412657215E-3
52E+0	3.69589730762E+9	5E+0	3.69589730762E+9	460.5794369226E-3	-438.228991228E-3
53E+0	3.695897307626E+9	5E+0	3.695897307626E+9	455.2710827472E-3	-412.8380775133E-3
54E+0	3.695897307649E+9	5E+0	3.695897307649E+9	14.40661092738E-3	-383.3222221942E-3
55E+0	3.695897307658E+9	5E+0	3.695897307658E+9	708.4609348461E-3	-349.9763379404E-3
56E+0	3.695897307681E+9	5E+0	3.695897307681E+9	288.3151891593E-3	-313.1336058048E-3
57E+0	3.695897307688E+9	5E+0	3.695897307688E+9	926.4668108926E-3	-273.1621461881E-3
58E+0	3.695897307728E+9	5E+0	3.695897307728E+9	705.1182277307E-3	-230.4613407021E-3
59E+0	3.695897307732E+9	5E+0	3.695897307732E+9	682.4698265951E-3	-185.4578416802E-3
60E+0	3.695897307735E+9	5E+0	3.695897307735E+9	838.9833582526E-3	-138.6013092085E-3
61E+0	3.695897307758E+9	5E+0	3.695897307758E+9	123.7169442202E-3	-90.35991827067E-3
62E+0	3.695897307763E+9	5E+0	3.695897307763E+9	600.4082257338E-3	-41.21568089849E-3
63E+0	3.695897307794E+9	5E+0	3.695897307794E+9	662.2364227371E-3	8.340369933143E-3
64E+0	3.695897307799E+9	5E+0	3.695897307799E+9	386.6855851374E-3	57.81308654536E-3
65E+0	3.695897307804E+9	5E+0	3.695897307804E+9	811.2280478669E-3	106.7081539073E-3
66E+0	3.695897307851E+9	5E+0	3.695897307851E+9	930.2314402871E-3	154.5370286684E-3
67E+0	3.695897307883E+9	5E+0	3.695897307883E+9	55.02449234911E-3	200.8218205222E-3
68E+0	3.695897307889E+9	5E+0	3.695897307889E+9	153.6161564145E-3	245.1000671282E-3
69E+0	3.695897307912E+9	5E+0	3.695897307912E+9	357.2635135709E-3	286.9293548828E-3
70E+0	3.695897307919E+9	5E+0	3.695897307919E+9	422.4346989504E-3	325.8917393696E-3
71E+0	3.695897307945E+9	5E+0	3.695897307945E+9	765.7819048529E-3	361.5979213221E-3
72E+0	3.695897307953E+9	5E+0	3.695897307953E+9	887.8508549171E-3	393.6911363732E-3
73E+0	3.695897307989E+9	5E+0	3.695897307989E+9	939.370904704E-3	421.8507197266E-3
74E+0	3.695897307993E+9	5E+0	3.695897307993E+9	119.6962259002E-6	445.7953101338E-3
75E+0	3.695897307998E+9	5E+0	3.695897307998E+9	355.5213420171E-3	465.2856611625E-3
76E+0	3.695897308018E+9	5E+0	3.695897308018E+9	980.812524757E-3	480.1270316678E-3
77E+0	3.695897308025E+9	5E+0	3.695897308025E+9	599.5781282741E-3	490.1711315816E-3
78E+0	3.695897308045E+9	5E+0	3.695897308045E+9	678.2221319928E-3	495.3176035777E-3
79E+0	3.69589730805E+9	5E+0	3.69589730805E+9	591.6709924898E-3	495.5150258091E-3
80E+0	3.695897308076E+9	5E+0	3.695897308076E+9	149.8521360858E-3	490.7614256981E-3
81E+0	3.695897308082E+9	5E+0	3.695897308082E+9	100.1919223802E-3	481.1042996456E-3
82E+0	3.695897308085E+9	5E+0	3.695897308085E+9	698.6632577438E-3	466.6401384631E-3
83E+0	3.695897308109E+9	5E+0	3.695897308109E+9	52.95047560864E-3	447.5134632677E-3
84E+0	3.695897308114E+9	5E+0	3.695897308114E+9	644.875984463E-3	423.9153814756E-3
85E+0	3.695897308135E+9	5E+0	3.695897308135E+9	135.0079150498E-3	396.0816773197E-3
86E+0	3.695897308144E+9	5E+0	3.695897308144E+9	944.0135883915E-3	364.2904559711E-3
87E+0	3.695897308172E+9	5E+0	3.695897308172E+9	832.0010919524E-3	328.8593648049E-3
88E+0	3.695897308176E+9	5E+0	3.695897308176E+9	32.12469946886E-3	290.1424195721E-3
89E+0	3.695897308179E+9	5E+0	3.69589730818E+9	382.6837758493E-3	248.5264671911E-3
90E+0	3.695897308227E+9	5E+0	3.695897308227E+9	13.69576079375E-3	204.427320502E-3
91E+0	3.695897308232E+9	5E+0	3.695897308232E+9	22.0725294657E-3	158.2856036011E-3
92E+0	3.695897308236E+9	5E+0	3.695897308236E+9	90.276663791E-3	110.5623492712E-3
93E+0	3.695897308265E+9	5E+0	3.695897308265E+9	417.2979230706E-3	61.73439249454E-3
94E+0	3.69589730831E+9	5E+0	3.695897308311E+9	354.5631477491E-3	12.28960607471E-3
95E+0	3.695897308317E+9	5E+0	3.695897308317E+9	612.5087406957E-3	-37.27797402662E-3
96E+0	3.695897308345E+9	5E+0	3.695897308345E+9	535.8069555051E-3	-86.47308493393E-3
97E+0	3.695897308349E+9	5E+0	3.695897308349E+9	298.488323634E-3	-134.8041853608E-3
98E+0	3.695897308391E+9	5E+0	3.695897308391E+9	270.5871762357E-3	-181.7883669278E-3
99E+0	3.695897308397E+9	5E+0	3.695897308397E+9	28.29946913976E-3	-226.9561792238E-3
100E+0	3.695897308425E+9	5E+0	3.695897308425E+9	627.0568583761E-3	0E+0
