#2021-12-14
#11:10:35 AM
#Balayage par: dphy-morrislab
#Description Keyword: 
#ScanTask Size: 50000
##Instrument: Tools@Tools.lvclass; Function:Minuteur (s); Parameters: *BeforeWait(ms): 0;*AfterWait(ms): 0; 
#Instrument: LSCI332@LSCI332.lvclass; Function:Read_InputB&Heater (K,S,%,W); Parameters: *BeforeWait(ms): 0;*AfterWait(ms): 0; Input A Parameters: Sensor Type: 7.5V 1mA; Compensation: OFF; Curve Number: 28; Filtering : On; Filter Points: 45; Window %: 7; Input B Parameters: Sensor Type: Silicon Diode; Compensation: OFF; Curve Number: 2; Filtering : OFF; Filter Points: 8; Window %: 1; Heat Range: Off; Heater Power: 0.00W; Heater Output: 0.00%; Heater Resistance: 50 Ohms; Loop 1 Parameters: Ctrl Input: B; Ctrl Mode: Manual PID; Setpoint Units: Kelvin; Heater Units: Current; Power Up Enable: NO; Proportional Val: 40.00; Integral Val: 30.00; Derivative Val: 0; Setpoint: 310.00; Ramp Mode: OFF; Ramp Rate 1.00K/min; Manual Output: 0.00;  Loop 2 Parameters: Ctrl Input: A; Ctrl Mode: Manual PID; Setpoint Units: Sensor Units; Heater Units: Current; Power Up Enable: NO; Proportional Val: 50.00; Integral Val: 20.00; Derivative Val: 0; Setpoint: 0.00; Ramp Mode: OFF; Ramp Rate 0.00K/min; Manual Output: 0.00;  
#
#Tools.Time(s)                 	LSCI332.Temp(K)               	LSCI332.Sensor(U)             	LSCI332.Heater(%)             	LSCI332.Heater(W)             
3.722343040838E+9	269.73E+0	628.9E-3	0E+0	0E+0
3.722343045877E+9	266.07E+0	637.2E-3	0E+0	0E+0
3.722343050984E+9	262.44E+0	645.5E-3	0E+0	0E+0
3.722343056017E+9	258.84E+0	653.6E-3	0E+0	0E+0
3.722343061047E+9	255.28E+0	661.6E-3	0E+0	0E+0
3.722343066087E+9	251.72E+0	669.7E-3	0E+0	0E+0
3.722343071117E+9	248.14E+0	677.6E-3	0E+0	0E+0
3.722343076193E+9	244.6E+0	685.6E-3	0E+0	0E+0
3.722343081267E+9	241.1E+0	693.5E-3	0E+0	0E+0
3.722343086367E+9	237.56E+0	701.4E-3	0E+0	0E+0
3.722343091396E+9	234.04E+0	709.1E-3	0E+0	0E+0
3.722343096427E+9	230.61E+0	716.7E-3	0E+0	0E+0
3.722343101467E+9	227.2E+0	724.3E-3	0E+0	0E+0
3.722343106498E+9	223.73E+0	731.9E-3	0E+0	0E+0
3.722343111527E+9	220.34E+0	739.3E-3	0E+0	0E+0
3.722343116567E+9	216.96E+0	746.8E-3	0E+0	0E+0
3.722343121607E+9	213.54E+0	754.3E-3	0E+0	0E+0
3.722343126638E+9	210.18E+0	761.6E-3	0E+0	0E+0
3.722343131667E+9	206.84E+0	768.9E-3	0E+0	0E+0
3.722343136698E+9	203.51E+0	776.1E-3	0E+0	0E+0
3.722343141727E+9	200.15E+0	783.4E-3	0E+0	0E+0
3.722343146767E+9	196.89E+0	790.4E-3	0E+0	0E+0
3.722343151798E+9	193.53E+0	797.6E-3	0E+0	0E+0
3.722343156829E+9	190.26E+0	804.7E-3	0E+0	0E+0
3.722343161868E+9	187.01E+0	811.6E-3	0E+0	0E+0
3.722343166898E+9	183.77E+0	818.7E-3	0E+0	0E+0
3.722343171927E+9	180.45E+0	825.6E-3	0E+0	0E+0
3.722343176968E+9	177.22E+0	832.4E-3	0E+0	0E+0
3.722343182007E+9	174.03E+0	839.3E-3	0E+0	0E+0
3.722343187038E+9	170.77E+0	846.1E-3	0E+0	0E+0
3.722343192068E+9	167.55E+0	852.8E-3	0E+0	0E+0
3.722343197108E+9	164.36E+0	859.4E-3	0E+0	0E+0
3.722343202137E+9	161.13E+0	866.2E-3	0E+0	0E+0
3.722343207168E+9	157.98E+0	872.7E-3	0E+0	0E+0
3.722343212208E+9	154.81E+0	879.2E-3	0E+0	0E+0
3.722343217238E+9	151.61E+0	885.8E-3	0E+0	0E+0
3.722343222267E+9	148.49E+0	892.2E-3	0E+0	0E+0
3.722343227297E+9	145.36E+0	898.6E-3	0E+0	0E+0
3.722343232337E+9	142.23E+0	904.9E-3	0E+0	0E+0
3.722343237369E+9	139.03E+0	911.4E-3	0E+0	0E+0
3.722343242397E+9	135.89E+0	917.7E-3	0E+0	0E+0
3.722343247437E+9	132.66E+0	924.1E-3	0E+0	0E+0
3.722343252468E+9	129.52E+0	930.3E-3	0E+0	0E+0
3.722343257498E+9	126.39E+0	936.5E-3	0E+0	0E+0
3.722343262537E+9	123.25E+0	942.8E-3	0E+0	0E+0
3.722343267567E+9	120.08E+0	948.8E-3	0E+0	0E+0
3.722343272597E+9	116.98E+0	954.9E-3	0E+0	0E+0
3.722343277637E+9	113.87E+0	960.8E-3	0E+0	0E+0
3.722343282668E+9	110.72E+0	966.8E-3	0E+0	0E+0
3.722343287698E+9	107.64E+0	972.7E-3	0E+0	0E+0
3.722343292737E+9	104.62E+0	978.4E-3	0E+0	0E+0
3.722343297779E+9	101.58E+0	984E-3	0E+0	0E+0
3.722343302808E+9	98.592E+0	989.6E-3	0E+0	0E+0
3.722343307848E+9	95.6E+0	995.1E-3	0E+0	0E+0
3.722343312877E+9	92.559E+0	1.0006E+0	0E+0	0E+0
3.722343317908E+9	89.541E+0	1.0061E+0	0E+0	0E+0
3.722343322939E+9	86.561E+0	1.0114E+0	0E+0	0E+0
3.722343327968E+9	83.442E+0	1.0169E+0	0E+0	0E+0
3.722343332999E+9	80.367E+0	1.0223E+0	0E+0	0E+0
3.72234333803E+9	77.252E+0	1.0278E+0	0E+0	0E+0
3.722343343068E+9	74.092E+0	1.0332E+0	0E+0	0E+0
3.722343348098E+9	70.811E+0	1.0388E+0	0E+0	0E+0
3.722343353128E+9	67.539E+0	1.0443E+0	0E+0	0E+0
3.722343358169E+9	64.194E+0	1.0499E+0	0E+0	0E+0
3.722343363198E+9	60.652E+0	1.0558E+0	0E+0	0E+0
3.722343368228E+9	57.053E+0	1.0617E+0	0E+0	0E+0
3.722343373269E+9	53.246E+0	1.0679E+0	0E+0	0E+0
3.722343378298E+9	49.109E+0	1.0745E+0	0E+0	0E+0
3.722343383328E+9	44.649E+0	1.0816E+0	0E+0	0E+0
3.722343388369E+9	39.61E+0	1.0897E+0	0E+0	0E+0
3.722343393408E+9	33.542E+0	1.0997E+0	0E+0	0E+0
3.72234339844E+9	25.169E+0	1.1187E+0	0E+0	0E+0
3.722343403478E+9	11.243E+0	1.3524E+0	0E+0	0E+0
3.722343408508E+9	8.635E+0	1.4232E+0	0E+0	0E+0
3.722343413538E+9	8.412E+0	1.4302E+0	0E+0	0E+0
3.722343418578E+9	8.273E+0	1.4348E+0	0E+0	0E+0
3.722343423609E+9	8.111E+0	1.4401E+0	0E+0	0E+0
3.722343428648E+9	7.884E+0	1.4476E+0	0E+0	0E+0
3.722343433689E+9	7.901E+0	1.4471E+0	0E+0	0E+0
3.722343438718E+9	7.819E+0	1.4498E+0	0E+0	0E+0
3.722343443748E+9	7.733E+0	1.4527E+0	0E+0	0E+0
3.722343448788E+9	7.648E+0	1.4557E+0	0E+0	0E+0
3.722343453818E+9	7.68E+0	1.4545E+0	0E+0	0E+0
3.722343458848E+9	7.664E+0	1.4551E+0	0E+0	0E+0
3.722343463878E+9	7.659E+0	1.4553E+0	0E+0	0E+0
3.722343468908E+9	7.707E+0	1.4536E+0	0E+0	0E+0
3.722343473949E+9	7.708E+0	1.4535E+0	0E+0	0E+0
3.722343478979E+9	7.593E+0	1.4576E+0	0E+0	0E+0
3.722343484019E+9	7.731E+0	1.4532E+0	0E+0	0E+0
3.722343489069E+9	7.711E+0	1.4534E+0	0E+0	0E+0
3.72234349411E+9	7.654E+0	1.4554E+0	0E+0	0E+0
3.722343499138E+9	7.738E+0	1.4525E+0	0E+0	0E+0
3.722343504169E+9	7.753E+0	1.4519E+0	0E+0	0E+0
3.722343509198E+9	7.751E+0	1.452E+0	0E+0	0E+0
3.722343514239E+9	7.648E+0	1.4557E+0	0E+0	0E+0
3.722343519269E+9	7.762E+0	1.4516E+0	0E+0	0E+0
3.722343524298E+9	7.752E+0	1.452E+0	0E+0	0E+0
3.722343529339E+9	7.805E+0	1.4514E+0	0E+0	0E+0
3.722343534369E+9	7.722E+0	1.4531E+0	0E+0	0E+0
3.722343539399E+9	7.877E+0	1.4479E+0	0E+0	0E+0
3.722343544438E+9	7.693E+0	1.4541E+0	0E+0	0E+0
3.722343549469E+9	7.761E+0	1.4517E+0	0E+0	0E+0
3.7223435545E+9	7.721E+0	1.4531E+0	0E+0	0E+0
3.72234355953E+9	7.721E+0	1.4531E+0	0E+0	0E+0
3.722343564569E+9	7.711E+0	1.4534E+0	0E+0	0E+0
3.722343569599E+9	7.869E+0	1.4481E+0	0E+0	0E+0
3.722343574639E+9	7.768E+0	1.4515E+0	0E+0	0E+0
3.72234357967E+9	7.761E+0	1.4517E+0	0E+0	0E+0
3.7223435847E+9	7.83E+0	1.4494E+0	0E+0	0E+0
3.722343589739E+9	7.815E+0	1.4499E+0	0E+0	0E+0
3.72234359477E+9	7.87E+0	1.4481E+0	0E+0	0E+0
3.722343599799E+9	7.855E+0	1.4486E+0	0E+0	0E+0
3.722343604829E+9	7.831E+0	1.4494E+0	0E+0	0E+0
3.722343609869E+9	7.853E+0	1.4478E+0	0E+0	0E+0
3.722343614899E+9	7.82E+0	1.4497E+0	0E+0	0E+0
3.72234361993E+9	7.935E+0	1.4459E+0	0E+0	0E+0
3.722343624969E+9	7.889E+0	1.4475E+0	0E+0	0E+0
3.72234363E+9	7.923E+0	1.4463E+0	0E+0	0E+0
3.722343635029E+9	7.951E+0	1.4454E+0	0E+0	0E+0
3.72234364007E+9	7.859E+0	1.4484E+0	0E+0	0E+0
3.722343645101E+9	7.787E+0	1.4508E+0	0E+0	0E+0
3.722343650131E+9	7.825E+0	1.4496E+0	0E+0	0E+0
3.72234365517E+9	7.753E+0	1.452E+0	0E+0	0E+0
3.722343660199E+9	7.874E+0	1.448E+0	0E+0	0E+0
3.72234366523E+9	7.927E+0	1.4462E+0	0E+0	0E+0
3.722343670269E+9	7.655E+0	1.4554E+0	0E+0	0E+0
3.7223436753E+9	7.927E+0	1.4462E+0	0E+0	0E+0
3.722343680329E+9	7.935E+0	1.4459E+0	0E+0	0E+0
3.722343685359E+9	7.876E+0	1.4479E+0	0E+0	0E+0
3.722343690399E+9	7.832E+0	1.4488E+0	0E+0	0E+0
3.722343695429E+9	7.83E+0	1.4494E+0	0E+0	0E+0
3.722343700469E+9	7.805E+0	1.4502E+0	0E+0	0E+0
3.722343705509E+9	7.776E+0	1.4512E+0	0E+0	0E+0
3.722343710539E+9	7.98E+0	1.4444E+0	0E+0	0E+0
3.72234371557E+9	7.734E+0	1.4526E+0	0E+0	0E+0
3.7223437206E+9	7.876E+0	1.4479E+0	0E+0	0E+0
3.722343725631E+9	7.867E+0	1.4482E+0	0E+0	0E+0
3.722343730671E+9	7.889E+0	1.4475E+0	0E+0	0E+0
3.722343735699E+9	7.98E+0	1.4444E+0	0E+0	0E+0
3.722343740729E+9	8.012E+0	1.4434E+0	0E+0	0E+0
3.72234374577E+9	7.802E+0	1.4503E+0	0E+0	0E+0
3.722343750809E+9	7.836E+0	1.4492E+0	0E+0	0E+0
3.722343755839E+9	7.728E+0	1.4528E+0	0E+0	0E+0
3.72234376087E+9	7.711E+0	1.4534E+0	0E+0	0E+0
3.72234376591E+9	13.919E+0	1.2959E+0	0E+0	0E+0
3.72234377094E+9	21.548E+0	1.1717E+0	0E+0	0E+0
3.72234377597E+9	25.517E+0	1.1173E+0	0E+0	0E+0
3.722343781E+9	28.254E+0	1.1098E+0	0E+0	0E+0
3.722343786029E+9	30.419E+0	1.1054E+0	0E+0	0E+0
3.72234379107E+9	32.25E+0	1.102E+0	0E+0	0E+0
3.722343796099E+9	33.809E+0	1.0993E+0	0E+0	0E+0
3.72234380114E+9	35.206E+0	1.0968E+0	0E+0	0E+0
3.72234380617E+9	36.501E+0	1.0947E+0	0E+0	0E+0
3.7223438112E+9	37.666E+0	1.0928E+0	0E+0	0E+0
3.72234381624E+9	38.733E+0	1.091E+0	0E+0	0E+0
3.722343821271E+9	39.77E+0	1.0894E+0	0E+0	0E+0
3.7223438263E+9	40.716E+0	1.0879E+0	0E+0	0E+0
3.722343831341E+9	41.608E+0	1.0865E+0	0E+0	0E+0
3.72234383637E+9	42.474E+0	1.0851E+0	0E+0	0E+0
3.7223438414E+9	43.278E+0	1.0838E+0	0E+0	0E+0
3.722343846441E+9	44.053E+0	1.0826E+0	0E+0	0E+0
3.72234385147E+9	44.796E+0	1.0814E+0	0E+0	0E+0
3.7223438565E+9	45.527E+0	1.0802E+0	0E+0	0E+0
3.72234386153E+9	46.22E+0	1.0791E+0	0E+0	0E+0
3.72234386656E+9	46.889E+0	1.0781E+0	0E+0	0E+0
3.722343871601E+9	47.548E+0	1.077E+0	0E+0	0E+0
3.722343876631E+9	48.178E+0	1.076E+0	0E+0	0E+0
3.72234388167E+9	48.793E+0	1.075E+0	0E+0	0E+0
3.722343886701E+9	49.396E+0	1.0741E+0	0E+0	0E+0
3.722343891731E+9	49.972E+0	1.0732E+0	0E+0	0E+0
3.72234389677E+9	50.531E+0	1.0722E+0	0E+0	0E+0
3.7223439018E+9	51.094E+0	1.0713E+0	0E+0	0E+0
3.722343906832E+9	51.631E+0	1.0705E+0	0E+0	0E+0
3.72234391187E+9	52.156E+0	1.0696E+0	0E+0	0E+0
3.722343916901E+9	52.726E+0	1.0687E+0	50E+0	100E+0
3.72234392193E+9	57.846E+0	1.0604E+0	50E+0	100E+0
3.72234392697E+9	64.147E+0	1.05E+0	50E+0	100E+0
3.722343932011E+9	69.121E+0	1.0417E+0	50E+0	100E+0
3.722343937042E+9	73.147E+0	1.0348E+0	50E+0	100E+0
3.72234394207E+9	76.701E+0	1.0287E+0	50E+0	100E+0
3.722343947101E+9	79.978E+0	1.023E+0	50E+0	100E+0
3.722343952131E+9	82.966E+0	1.0178E+0	50E+0	100E+0
3.722343957171E+9	85.815E+0	1.0127E+0	50E+0	100E+0
3.7223439622E+9	88.583E+0	1.0078E+0	50E+0	100E+0
3.72234396723E+9	91.183E+0	1.0031E+0	50E+0	100E+0
3.72234397227E+9	93.706E+0	998.5E-3	50E+0	100E+0
3.722343977311E+9	96.164E+0	994E-3	50E+0	100E+0
3.722343982341E+9	98.529E+0	989.7E-3	50E+0	100E+0
3.722343987371E+9	100.85E+0	985.4E-3	50E+0	100E+0
3.722343992401E+9	103.09E+0	981.2E-3	50E+0	100E+0
3.72234399743E+9	105.31E+0	977E-3	50E+0	100E+0
3.72234400247E+9	107.49E+0	973E-3	50E+0	100E+0
3.722344007501E+9	109.62E+0	969E-3	50E+0	100E+0
3.722344012532E+9	111.72E+0	964.9E-3	50E+0	100E+0
3.722344017571E+9	113.76E+0	961E-3	50E+0	100E+0
3.722344022611E+9	115.78E+0	957.1E-3	50E+0	100E+0
3.722344027651E+9	117.83E+0	953.2E-3	50E+0	100E+0
3.722344032681E+9	119.77E+0	949.5E-3	50E+0	100E+0
3.722344037721E+9	121.69E+0	945.6E-3	50E+0	100E+0
3.722344042751E+9	123.64E+0	941.9E-3	50E+0	100E+0
3.722344047781E+9	125.53E+0	938.2E-3	50E+0	100E+0
3.722344052811E+9	127.41E+0	934.5E-3	50E+0	100E+0
3.722344057841E+9	129.24E+0	930.8E-3	50E+0	100E+0
3.722344062881E+9	131.1E+0	927.2E-3	50E+0	100E+0
3.722344067911E+9	132.91E+0	923.6E-3	50E+0	100E+0
3.722344072951E+9	134.71E+0	919.9E-3	50E+0	100E+0
3.722344077981E+9	136.52E+0	916.4E-3	50E+0	100E+0
3.722344083011E+9	138.28E+0	912.9E-3	50E+0	100E+0
3.722344088051E+9	140.03E+0	909.3E-3	50E+0	100E+0
3.722344093082E+9	141.76E+0	905.9E-3	50E+0	100E+0
3.722344098111E+9	143.47E+0	902.4E-3	50E+0	100E+0
3.722344103151E+9	145.21E+0	898.9E-3	50E+0	100E+0
3.722344108182E+9	146.9E+0	895.4E-3	50E+0	100E+0
3.722344113211E+9	148.59E+0	892E-3	50E+0	100E+0
3.722344118251E+9	150.27E+0	888.5E-3	50E+0	100E+0
3.722344123281E+9	151.96E+0	885.1E-3	50E+0	100E+0
3.722344128311E+9	153.62E+0	881.7E-3	50E+0	100E+0
3.722344133352E+9	155.26E+0	878.3E-3	50E+0	100E+0
3.722344138381E+9	156.93E+0	874.9E-3	50E+0	100E+0
3.722344143411E+9	158.56E+0	871.5E-3	50E+0	100E+0
3.722344148441E+9	160.18E+0	868.2E-3	50E+0	100E+0
3.722344153471E+9	161.79E+0	864.8E-3	50E+0	100E+0
3.722344158501E+9	163.38E+0	861.5E-3	50E+0	100E+0
3.722344163532E+9	164.97E+0	858.2E-3	50E+0	100E+0
3.722344168572E+9	166.57E+0	854.8E-3	50E+0	100E+0
3.722344173601E+9	168.14E+0	851.5E-3	50E+0	100E+0
3.722344178631E+9	169.71E+0	848.3E-3	50E+0	100E+0
3.722344183671E+9	171.27E+0	844.9E-3	50E+0	100E+0
3.722344188703E+9	172.84E+0	841.7E-3	50E+0	100E+0
3.722344193731E+9	174.37E+0	838.5E-3	50E+0	100E+0
3.722344198772E+9	175.9E+0	835.2E-3	50E+0	100E+0
3.722344203803E+9	177.44E+0	832E-3	50E+0	100E+0
3.722344208832E+9	178.96E+0	828.8E-3	50E+0	100E+0
3.722344213873E+9	180.46E+0	825.6E-3	50E+0	100E+0
3.722344218901E+9	181.97E+0	822.4E-3	50E+0	100E+0
3.722344223931E+9	183.5E+0	819.1E-3	50E+0	100E+0
3.722344228973E+9	184.97E+0	816E-3	50E+0	100E+0
3.722344234001E+9	186.47E+0	812.8E-3	50E+0	100E+0
3.722344239031E+9	187.93E+0	809.7E-3	50E+0	100E+0
3.722344244071E+9	189.4E+0	806.5E-3	50E+0	100E+0
3.722344249104E+9	190.89E+0	803.3E-3	50E+0	100E+0
3.722344254142E+9	192.34E+0	800.2E-3	50E+0	100E+0
3.722344259182E+9	193.79E+0	797.1E-3	50E+0	100E+0
3.722344264212E+9	195.27E+0	793.9E-3	50E+0	100E+0
3.722344269262E+9	196.71E+0	790.8E-3	50E+0	100E+0
3.722344274302E+9	198.15E+0	787.7E-3	50E+0	100E+0
3.722344279333E+9	199.6E+0	784.6E-3	50E+0	100E+0
3.722344284372E+9	201.02E+0	781.5E-3	50E+0	100E+0
3.722344289412E+9	202.43E+0	778.5E-3	50E+0	100E+0
3.722344294442E+9	203.87E+0	775.3E-3	50E+0	100E+0
3.722344299472E+9	205.26E+0	772.3E-3	50E+0	100E+0
3.722344304502E+9	206.67E+0	769.3E-3	50E+0	100E+0
3.722344309542E+9	208.07E+0	766.2E-3	50E+0	100E+0
3.722344314572E+9	209.47E+0	763.2E-3	50E+0	100E+0
3.722344319612E+9	210.85E+0	760.2E-3	50E+0	100E+0
3.722344324643E+9	212.26E+0	757.1E-3	50E+0	100E+0
3.722344329682E+9	213.63E+0	754.1E-3	50E+0	100E+0
3.722344334722E+9	215E+0	751.1E-3	50E+0	100E+0
3.722344339752E+9	216.37E+0	748.1E-3	50E+0	100E+0
3.722344344783E+9	217.72E+0	745.1E-3	50E+0	100E+0
3.722344349822E+9	219.07E+0	742.1E-3	50E+0	100E+0
3.722344354852E+9	220.45E+0	739.1E-3	50E+0	100E+0
3.722344359882E+9	221.79E+0	736.2E-3	50E+0	100E+0
3.722344364913E+9	223.12E+0	733.2E-3	50E+0	100E+0
3.722344369944E+9	224.45E+0	730.2E-3	50E+0	100E+0
3.722344374972E+9	225.81E+0	727.3E-3	50E+0	100E+0
3.722344380003E+9	227.14E+0	724.4E-3	50E+0	100E+0
3.722344385032E+9	228.46E+0	721.5E-3	50E+0	100E+0
3.722344390073E+9	229.76E+0	718.6E-3	50E+0	100E+0
3.722344395102E+9	231.08E+0	715.7E-3	50E+0	100E+0
3.722344400143E+9	232.37E+0	712.8E-3	50E+0	100E+0
3.722344405172E+9	233.7E+0	709.8E-3	50E+0	100E+0
3.722344410203E+9	235E+0	706.9E-3	50E+0	100E+0
3.722344415232E+9	236.3E+0	704.1E-3	50E+0	100E+0
3.722344420272E+9	237.65E+0	701.1E-3	50E+0	100E+0
3.722344425302E+9	238.97E+0	698.1E-3	50E+0	100E+0
3.722344430332E+9	240.3E+0	695.2E-3	50E+0	100E+0
3.722344435383E+9	241.66E+0	692.1E-3	50E+0	100E+0
3.722344440413E+9	242.98E+0	689.2E-3	50E+0	100E+0
3.722344445464E+9	244.3E+0	686.3E-3	50E+0	100E+0
3.722344450492E+9	245.63E+0	683.3E-3	50E+0	100E+0
3.722344455524E+9	246.93E+0	680.4E-3	50E+0	100E+0
3.722344460572E+9	248.23E+0	677.4E-3	50E+0	100E+0
3.722344465602E+9	249.53E+0	674.5E-3	50E+0	100E+0
3.722344470633E+9	250.86E+0	671.5E-3	50E+0	100E+0
3.722344475673E+9	252.14E+0	668.6E-3	50E+0	100E+0
3.722344480703E+9	253.46E+0	665.7E-3	50E+0	100E+0
3.722344485732E+9	254.76E+0	662.8E-3	50E+0	100E+0
3.722344490773E+9	256.05E+0	659.8E-3	50E+0	100E+0
3.722344495802E+9	257.36E+0	656.9E-3	50E+0	100E+0
3.722344500833E+9	258.65E+0	654E-3	50E+0	100E+0
3.722344505872E+9	259.95E+0	651.1E-3	50E+0	100E+0
3.722344510902E+9	261.26E+0	648.1E-3	50E+0	100E+0
3.722344515933E+9	262.53E+0	645.3E-3	50E+0	100E+0
3.722344520973E+9	263.8E+0	642.4E-3	50E+0	100E+0
3.722344526003E+9	265.07E+0	639.5E-3	50E+0	100E+0
3.722344531033E+9	266.36E+0	636.5E-3	50E+0	100E+0
3.722344536073E+9	267.63E+0	633.7E-3	50E+0	100E+0
3.722344541103E+9	268.9E+0	630.8E-3	50E+0	100E+0
3.722344546143E+9	270.17E+0	627.9E-3	50E+0	100E+0
3.722344551173E+9	271.43E+0	625E-3	50E+0	100E+0
3.722344556213E+9	272.72E+0	622.1E-3	50E+0	100E+0
3.722344561245E+9	273.98E+0	619.3E-3	50E+0	100E+0
3.722344566284E+9	275.23E+0	616.4E-3	50E+0	100E+0
3.722344571323E+9	276.51E+0	613.5E-3	50E+0	100E+0
3.722344576354E+9	277.76E+0	610.7E-3	50E+0	100E+0
3.722344581393E+9	279.01E+0	607.8E-3	50E+0	100E+0
3.722344586424E+9	280.27E+0	604.9E-3	50E+0	100E+0
3.722344591454E+9	281.5E+0	602.1E-3	50E+0	100E+0
3.722344596483E+9	282.73E+0	599.3E-3	50E+0	100E+0
3.722344601514E+9	283.96E+0	596.5E-3	50E+0	100E+0
3.722344606544E+9	285.21E+0	593.6E-3	50E+0	100E+0
3.722344611573E+9	286.43E+0	590.8E-3	50E+0	100E+0
3.722344616604E+9	287.64E+0	588E-3	50E+0	100E+0
3.722344621633E+9	288.88E+0	585.2E-3	50E+0	100E+0
3.722344626673E+9	290.1E+0	582.4E-3	50E+0	100E+0
3.722344631713E+9	291.31E+0	579.6E-3	50E+0	100E+0
3.722344636744E+9	292.54E+0	576.8E-3	50E+0	100E+0
3.722344641773E+9	293.75E+0	574E-3	50E+0	100E+0
3.722344646803E+9	294.96E+0	571.3E-3	50E+0	100E+0
3.722344651843E+9	296.17E+0	568.4E-3	50E+0	100E+0
3.722344656874E+9	297.4E+0	565.6E-3	50E+0	100E+0
3.722344661903E+9	298.61E+0	562.9E-3	50E+0	100E+0
3.722344666943E+9	299.81E+0	560.1E-3	50E+0	100E+0
3.722344671973E+9	301.03E+0	557.3E-3	50E+0	100E+0
3.722344677003E+9	302.22E+0	554.5E-3	50E+0	100E+0
3.722344682033E+9	303.42E+0	551.8E-3	50E+0	100E+0
3.722344687074E+9	304.61E+0	548.9E-3	50E+0	100E+0
3.722344692103E+9	305.82E+0	546.2E-3	50E+0	100E+0
3.722344697133E+9	307E+0	543.5E-3	50E+0	100E+0
3.722344702175E+9	308.21E+0	540.7E-3	50E+0	100E+0
3.722344707203E+9	309.39E+0	537.9E-3	50E+0	100E+0
3.722344712244E+9	310.56E+0	535.2E-3	47.75E+0	95.5E+0
3.722344717274E+9	311.69E+0	532.6E-3	43E+0	86E+0
3.722344722305E+9	312.45E+0	530.9E-3	39E+0	78E+0
3.722344727333E+9	312.9E+0	529.8E-3	36E+0	72E+0
3.722344732374E+9	313.18E+0	529.2E-3	33.25E+0	66.5E+0
3.722344737404E+9	313.37E+0	528.7E-3	30.5E+0	61E+0
3.722344742434E+9	313.49E+0	528.4E-3	28.25E+0	56.5E+0
3.722344747474E+9	313.56E+0	528.3E-3	26E+0	52E+0
3.722344752504E+9	313.58E+0	528.2E-3	24E+0	48E+0
3.722344757554E+9	313.57E+0	528.3E-3	22E+0	44E+0
3.722344762585E+9	313.52E+0	528.4E-3	20.25E+0	40.5E+0
3.722344767624E+9	313.44E+0	528.6E-3	18.5E+0	37E+0
3.722344772654E+9	313.35E+0	528.8E-3	16.75E+0	33.5E+0
3.722344777694E+9	313.25E+0	529E-3	15.5E+0	31E+0
3.722344782724E+9	313.13E+0	529.3E-3	14E+0	28E+0
3.722344787755E+9	313E+0	529.6E-3	12.75E+0	25.5E+0
3.722344792794E+9	312.86E+0	529.9E-3	11.75E+0	23.5E+0
3.722344797824E+9	312.7E+0	530.3E-3	10.75E+0	21.5E+0
3.722344802854E+9	312.53E+0	530.7E-3	10E+0	20E+0
3.722344807884E+9	312.36E+0	531.1E-3	9.25E+0	18.5E+0
3.722344812914E+9	312.18E+0	531.5E-3	8.5E+0	17E+0
3.722344817944E+9	312E+0	531.9E-3	8E+0	16E+0
3.722344822975E+9	311.81E+0	532.3E-3	7.75E+0	15.5E+0
3.722344828004E+9	311.61E+0	532.8E-3	7.5E+0	15E+0
3.722344833045E+9	311.42E+0	533.2E-3	7.25E+0	14.5E+0
3.722344838085E+9	311.22E+0	533.7E-3	7.25E+0	14.5E+0
3.722344843115E+9	311.03E+0	534.2E-3	7.5E+0	15E+0
3.722344848144E+9	310.83E+0	534.6E-3	7.75E+0	15.5E+0
3.722344853174E+9	310.63E+0	535.1E-3	8E+0	16E+0
3.722344858216E+9	310.44E+0	535.5E-3	8.5E+0	17E+0
3.722344863245E+9	310.24E+0	536E-3	9E+0	18E+0
3.722344868275E+9	310.05E+0	536.4E-3	9.5E+0	19E+0
3.722344873315E+9	309.87E+0	536.8E-3	10.25E+0	20.5E+0
3.722344878344E+9	309.68E+0	537.3E-3	11E+0	22E+0
3.722344883374E+9	309.51E+0	537.6E-3	12E+0	24E+0
3.722344888404E+9	309.35E+0	538E-3	12.75E+0	25.5E+0
3.722344893434E+9	309.21E+0	538.4E-3	13.75E+0	27.5E+0
3.722344898474E+9	309.07E+0	538.7E-3	14.75E+0	29.5E+0
3.722344903505E+9	308.95E+0	538.9E-3	15.75E+0	31.5E+0
3.722344908545E+9	308.85E+0	539.2E-3	16.75E+0	33.5E+0
3.722344913574E+9	308.77E+0	539.4E-3	17.5E+0	35E+0
3.722344918605E+9	308.71E+0	539.5E-3	18.5E+0	37E+0
3.722344923635E+9	308.68E+0	539.6E-3	19.5E+0	39E+0
3.722344928675E+9	308.67E+0	539.6E-3	20.25E+0	40.5E+0
3.722344933705E+9	308.68E+0	539.6E-3	21E+0	42E+0
3.722344938744E+9	308.7E+0	539.5E-3	21.5E+0	43E+0
3.722344943776E+9	308.75E+0	539.4E-3	22E+0	44E+0
3.722344948804E+9	308.81E+0	539.3E-3	22.5E+0	45E+0
3.722344953834E+9	308.89E+0	539.1E-3	23E+0	46E+0
3.722344958875E+9	308.97E+0	538.9E-3	23.25E+0	46.5E+0
3.722344963904E+9	309.07E+0	538.7E-3	23.5E+0	47E+0
3.722344968946E+9	309.16E+0	538.5E-3	23.5E+0	47E+0
3.722344973985E+9	309.26E+0	538.2E-3	23.75E+0	47.5E+0
3.722344979016E+9	309.36E+0	538E-3	23.75E+0	47.5E+0
3.722344984044E+9	309.46E+0	537.8E-3	23.75E+0	47.5E+0
3.722344989085E+9	309.55E+0	537.6E-3	23.5E+0	47E+0
3.722344994115E+9	309.42E+0	537.9E-3	24.25E+0	48.5E+0
3.722344999155E+9	309.96E+0	536.6E-3	22.75E+0	45.5E+0
3.722345004185E+9	310.25E+0	535.9E-3	21.25E+0	42.5E+0
3.722345009215E+9	310.13E+0	536.2E-3	21.75E+0	43.5E+0
3.722345014245E+9	309.9E+0	536.8E-3	22.5E+0	45E+0
3.722345019285E+9	309.6E+0	537.5E-3	23.75E+0	47.5E+0
3.722345024316E+9	309.41E+0	537.9E-3	24.75E+0	49.5E+0
3.722345029346E+9	309.2E+0	538.4E-3	26E+0	52E+0
3.722345034385E+9	309.1E+0	538.6E-3	26.75E+0	53.5E+0
3.722345039415E+9	308.96E+0	538.9E-3	27.75E+0	55.5E+0
3.722345044445E+9	308.9E+0	539.1E-3	28.5E+0	57E+0
3.722345049486E+9	308.9E+0	539.1E-3	29.25E+0	58.5E+0
3.722345054515E+9	308.91E+0	539E-3	29.75E+0	59.5E+0
3.722345059546E+9	308.97E+0	538.9E-3	30.25E+0	60.5E+0
3.722345064575E+9	309.02E+0	538.8E-3	30.5E+0	61E+0
3.722345069615E+9	309.08E+0	538.7E-3	30.75E+0	61.5E+0
3.722345074645E+9	309.16E+0	538.5E-3	31E+0	62E+0
3.722345079675E+9	309.23E+0	538.3E-3	31.25E+0	62.5E+0
3.722345084726E+9	309.32E+0	538.1E-3	31.25E+0	62.5E+0
3.722345089755E+9	309.36E+0	538E-3	31.5E+0	63E+0
3.722345094786E+9	309.49E+0	537.7E-3	31.5E+0	63E+0
3.722345099816E+9	309.59E+0	537.5E-3	31.25E+0	62.5E+0
3.722345104845E+9	309.64E+0	537.4E-3	31.25E+0	62.5E+0
3.722345109876E+9	309.74E+0	537.1E-3	31E+0	62E+0
3.722345114917E+9	309.84E+0	536.9E-3	30.75E+0	61.5E+0
3.722345119946E+9	309.91E+0	536.7E-3	30.75E+0	61.5E+0
3.722345124975E+9	310E+0	536.5E-3	30.25E+0	60.5E+0
3.722345130015E+9	310.07E+0	536.4E-3	30E+0	60E+0
3.722345135045E+9	310.11E+0	536.3E-3	29.75E+0	59.5E+0
3.722345140076E+9	310.16E+0	536.2E-3	29.75E+0	59.5E+0
3.722345145106E+9	310.25E+0	535.9E-3	29.25E+0	58.5E+0
3.722345150146E+9	310.3E+0	535.8E-3	28.75E+0	57.5E+0
3.722345155176E+9	310.32E+0	535.8E-3	28.5E+0	57E+0
3.722345160206E+9	310.43E+0	535.5E-3	28E+0	56E+0
3.722345165236E+9	310.48E+0	535.4E-3	27.5E+0	55E+0
3.722345170276E+9	310.46E+0	535.5E-3	27.25E+0	54.5E+0
3.722345175305E+9	310.57E+0	535.2E-3	26.5E+0	53E+0
3.722345180335E+9	310.61E+0	535.1E-3	26.25E+0	52.5E+0
3.722345185387E+9	310.57E+0	535.2E-3	26E+0	52E+0
3.722345190416E+9	310.65E+0	535E-3	25.25E+0	50.5E+0
3.722345195456E+9	310.64E+0	535.1E-3	25E+0	50E+0
3.722345200485E+9	310.62E+0	535.1E-3	24.75E+0	49.5E+0
3.722345205516E+9	310.58E+0	535.2E-3	24.5E+0	49E+0
3.722345210556E+9	310.56E+0	535.2E-3	24.25E+0	48.5E+0
3.722345215586E+9	310.56E+0	535.2E-3	24E+0	48E+0
3.722345220615E+9	310.53E+0	535.3E-3	23.75E+0	47.5E+0
3.722345225656E+9	310.5E+0	535.4E-3	23.75E+0	47.5E+0
3.722345230686E+9	310.46E+0	535.5E-3	23.5E+0	47E+0
3.722345235717E+9	310.45E+0	535.5E-3	23.25E+0	46.5E+0
3.722345240746E+9	310.43E+0	535.5E-3	23.25E+0	46.5E+0
3.722345245776E+9	310.38E+0	535.6E-3	23E+0	46E+0
3.722345250807E+9	310.34E+0	535.7E-3	23E+0	46E+0
3.722345255836E+9	310.35E+0	535.7E-3	22.75E+0	45.5E+0
3.722345260876E+9	310.26E+0	535.9E-3	23E+0	46E+0
3.722345265906E+9	310.24E+0	536E-3	22.75E+0	45.5E+0
3.722345270937E+9	310.19E+0	536.1E-3	23E+0	46E+0
3.722345275976E+9	310.15E+0	536.2E-3	23E+0	46E+0
3.722345281007E+9	310.1E+0	536.3E-3	23E+0	46E+0
3.722345286036E+9	310.06E+0	536.4E-3	23.25E+0	46.5E+0
3.722345291076E+9	310.03E+0	536.4E-3	23.25E+0	46.5E+0
3.722345296106E+9	310.01E+0	536.5E-3	23.25E+0	46.5E+0
3.722345301136E+9	309.99E+0	536.5E-3	23.5E+0	47E+0
3.722345306166E+9	309.96E+0	536.6E-3	23.5E+0	47E+0
3.722345311207E+9	309.95E+0	536.6E-3	23.5E+0	47E+0
3.722345316247E+9	309.94E+0	536.7E-3	23.75E+0	47.5E+0
3.722345321276E+9	309.94E+0	536.7E-3	23.75E+0	47.5E+0
3.722345326306E+9	309.94E+0	536.7E-3	23.75E+0	47.5E+0
3.722345331336E+9	309.93E+0	536.7E-3	23.75E+0	47.5E+0
3.722345336376E+9	309.94E+0	536.7E-3	23.75E+0	47.5E+0
3.722345341416E+9	309.94E+0	536.7E-3	23.75E+0	47.5E+0
3.722345346446E+9	309.95E+0	536.6E-3	23.75E+0	47.5E+0
3.722345351497E+9	309.96E+0	536.6E-3	23.75E+0	47.5E+0
3.722345356527E+9	309.97E+0	536.6E-3	23.75E+0	47.5E+0
3.722345361558E+9	309.98E+0	536.6E-3	23.75E+0	47.5E+0
3.722345366587E+9	310E+0	536.5E-3	23.75E+0	47.5E+0
3.722345371626E+9	310.01E+0	536.5E-3	23.75E+0	47.5E+0
3.722345376657E+9	310.02E+0	536.5E-3	23.75E+0	47.5E+0
3.722345381686E+9	310.03E+0	536.4E-3	23.5E+0	47E+0
3.722345386726E+9	310.05E+0	536.4E-3	23.5E+0	47E+0
3.722345391756E+9	310.06E+0	536.4E-3	23.5E+0	47E+0
3.722345396787E+9	310.08E+0	536.3E-3	23.25E+0	46.5E+0
3.722345401817E+9	310.09E+0	536.3E-3	23.25E+0	46.5E+0
3.722345406857E+9	310.1E+0	536.3E-3	23.25E+0	46.5E+0
3.722345411886E+9	310.11E+0	536.3E-3	23E+0	46E+0
3.722345416916E+9	310.12E+0	536.3E-3	23E+0	46E+0
3.722345421957E+9	310.13E+0	536.2E-3	22.75E+0	45.5E+0
3.722345426988E+9	310.14E+0	536.2E-3	22.75E+0	45.5E+0
3.722345432017E+9	310.14E+0	536.2E-3	22.75E+0	45.5E+0
3.722345437056E+9	310.15E+0	536.2E-3	22.5E+0	45E+0
3.722345442086E+9	310.15E+0	536.2E-3	22.5E+0	45E+0
3.722345447117E+9	310.16E+0	536.2E-3	22.25E+0	44.5E+0
3.722345452157E+9	310.16E+0	536.2E-3	22.25E+0	44.5E+0
3.722345457187E+9	310.16E+0	536.2E-3	22.25E+0	44.5E+0
3.722345462217E+9	310.16E+0	536.1E-3	22E+0	44E+0
3.722345467256E+9	310.16E+0	536.1E-3	22E+0	44E+0
3.722345472287E+9	310.16E+0	536.1E-3	22E+0	44E+0
3.722345477318E+9	310.16E+0	536.1E-3	21.75E+0	43.5E+0
3.722345482347E+9	310.16E+0	536.2E-3	21.75E+0	43.5E+0
3.722345487377E+9	310.16E+0	536.2E-3	21.5E+0	43E+0
3.722345492407E+9	310.16E+0	536.2E-3	21.5E+0	43E+0
3.722345497438E+9	310.16E+0	536.2E-3	21.5E+0	43E+0
3.722345502477E+9	310.16E+0	536.2E-3	21.25E+0	42.5E+0
3.722345507507E+9	310.15E+0	536.2E-3	21.25E+0	42.5E+0
3.722345512539E+9	310.15E+0	536.2E-3	21.25E+0	42.5E+0
3.722345517577E+9	310.15E+0	536.2E-3	21.25E+0	42.5E+0
3.722345522607E+9	310.15E+0	536.2E-3	21E+0	42E+0
3.722345527637E+9	310.14E+0	536.2E-3	21E+0	42E+0
3.722345532677E+9	310.14E+0	536.2E-3	21E+0	42E+0
3.722345537708E+9	310.14E+0	536.2E-3	20.75E+0	41.5E+0
3.722345542737E+9	310.14E+0	536.2E-3	20.75E+0	41.5E+0
3.722345547777E+9	310.13E+0	536.2E-3	20.75E+0	41.5E+0
3.722345552808E+9	310.13E+0	536.2E-3	20.75E+0	41.5E+0
3.722345557837E+9	310.13E+0	536.2E-3	20.5E+0	41E+0
3.722345562877E+9	310.13E+0	536.2E-3	20.5E+0	41E+0
3.722345567907E+9	310.12E+0	536.2E-3	20.5E+0	41E+0
3.722345572938E+9	310.12E+0	536.2E-3	20.5E+0	41E+0
3.722345577977E+9	310.12E+0	536.3E-3	20.25E+0	40.5E+0
3.722345583009E+9	310.11E+0	536.3E-3	20.25E+0	40.5E+0
3.722345588049E+9	310.11E+0	536.3E-3	20.25E+0	40.5E+0
3.722345593077E+9	310.11E+0	536.3E-3	20.25E+0	40.5E+0
3.72234559811E+9	310.11E+0	536.3E-3	20.25E+0	40.5E+0
3.722345603147E+9	310.11E+0	536.3E-3	20E+0	40E+0
3.722345608178E+9	310.11E+0	536.3E-3	20E+0	40E+0
3.722345613217E+9	310.11E+0	536.3E-3	20E+0	40E+0
3.722345618247E+9	310.11E+0	536.3E-3	20E+0	40E+0
3.722345623277E+9	310.1E+0	536.3E-3	19.75E+0	39.5E+0
3.722345628317E+9	310.11E+0	536.3E-3	19.75E+0	39.5E+0
3.722345633347E+9	310.1E+0	536.3E-3	19.75E+0	39.5E+0
3.722345638377E+9	310.1E+0	536.3E-3	19.75E+0	39.5E+0
3.722345643417E+9	310.1E+0	536.3E-3	19.75E+0	39.5E+0
3.722345648447E+9	310.1E+0	536.3E-3	19.5E+0	39E+0
3.722345653477E+9	310.1E+0	536.3E-3	19.5E+0	39E+0
3.722345658508E+9	310.1E+0	536.3E-3	19.5E+0	39E+0
3.722345663548E+9	310.1E+0	536.3E-3	19.5E+0	39E+0
3.722345668577E+9	310.1E+0	536.3E-3	19.25E+0	38.5E+0
3.722345673608E+9	310.1E+0	536.3E-3	19.25E+0	38.5E+0
3.722345678637E+9	310.1E+0	536.3E-3	19.25E+0	38.5E+0
3.722345683679E+9	310.1E+0	536.3E-3	19.25E+0	38.5E+0
3.722345688708E+9	310.1E+0	536.3E-3	19.25E+0	38.5E+0
3.722345693747E+9	310.1E+0	536.3E-3	19E+0	38E+0
3.722345698778E+9	310.1E+0	536.3E-3	19E+0	38E+0
3.722345703807E+9	310.1E+0	536.3E-3	19E+0	38E+0
3.722345708848E+9	310.11E+0	536.3E-3	19E+0	38E+0
3.722345713878E+9	310.11E+0	536.3E-3	18.75E+0	37.5E+0
3.722345718908E+9	310.11E+0	536.3E-3	18.75E+0	37.5E+0
3.722345723948E+9	310.11E+0	536.3E-3	18.75E+0	37.5E+0
3.722345728978E+9	310.12E+0	536.3E-3	18.5E+0	37E+0
3.722345734008E+9	310.12E+0	536.3E-3	18.5E+0	37E+0
3.722345739038E+9	310.12E+0	536.2E-3	18.5E+0	37E+0
3.722345744078E+9	310.12E+0	536.2E-3	18.25E+0	36.5E+0
3.722345749108E+9	310.12E+0	536.2E-3	18.25E+0	36.5E+0
3.722345754138E+9	310.12E+0	536.2E-3	18.25E+0	36.5E+0
3.722345759178E+9	310.12E+0	536.2E-3	18.25E+0	36.5E+0
3.722345764208E+9	310.12E+0	536.2E-3	18E+0	36E+0
3.722345769238E+9	310.12E+0	536.2E-3	18E+0	36E+0
3.72234577428E+9	310.12E+0	536.3E-3	18E+0	36E+0
3.722345779308E+9	310.12E+0	536.3E-3	18E+0	36E+0
3.722345784338E+9	310.12E+0	536.3E-3	17.75E+0	35.5E+0
3.722345789378E+9	310.12E+0	536.3E-3	17.75E+0	35.5E+0
3.722345794408E+9	310.11E+0	536.3E-3	17.75E+0	35.5E+0
3.722345799448E+9	310.11E+0	536.3E-3	17.75E+0	35.5E+0
3.722345804489E+9	310.11E+0	536.3E-3	17.75E+0	35.5E+0
3.722345809518E+9	310.11E+0	536.3E-3	17.5E+0	35E+0
3.722345814548E+9	310.1E+0	536.3E-3	17.5E+0	35E+0
3.722345819579E+9	310.1E+0	536.3E-3	17.5E+0	35E+0
3.722345824618E+9	310.1E+0	536.3E-3	17.5E+0	35E+0
3.722345829649E+9	310.1E+0	536.3E-3	17.5E+0	35E+0
3.722345834688E+9	310.1E+0	536.3E-3	17.25E+0	34.5E+0
3.722345839718E+9	310.09E+0	536.3E-3	17.25E+0	34.5E+0
3.722345844748E+9	310.09E+0	536.3E-3	17.25E+0	34.5E+0
3.722345849778E+9	310.09E+0	536.3E-3	17.25E+0	34.5E+0
3.722345854809E+9	310.09E+0	536.3E-3	17.25E+0	34.5E+0
3.722345859838E+9	310.09E+0	536.3E-3	17E+0	34E+0
3.722345864869E+9	310.09E+0	536.3E-3	17E+0	34E+0
3.722345869898E+9	310.08E+0	536.3E-3	17E+0	34E+0
3.722345874929E+9	310.08E+0	536.3E-3	17E+0	34E+0
3.722345879968E+9	310.08E+0	536.3E-3	17E+0	34E+0
3.722345885008E+9	310.08E+0	536.3E-3	17E+0	34E+0
3.722345890039E+9	310.08E+0	536.3E-3	16.75E+0	33.5E+0
3.722345895078E+9	310.08E+0	536.3E-3	16.75E+0	33.5E+0
3.722345900109E+9	310.08E+0	536.3E-3	16.75E+0	33.5E+0
3.722345905149E+9	310.08E+0	536.4E-3	16.75E+0	33.5E+0
3.722345910179E+9	310.07E+0	536.4E-3	16.75E+0	33.5E+0
3.722345915219E+9	310.07E+0	536.4E-3	16.75E+0	33.5E+0
3.722345920249E+9	310.07E+0	536.4E-3	16.75E+0	33.5E+0
3.722345925279E+9	310.07E+0	536.4E-3	16.5E+0	33E+0
3.722345930318E+9	310.07E+0	536.4E-3	16.5E+0	33E+0
3.722345935348E+9	310.07E+0	536.4E-3	16.5E+0	33E+0
3.722345940379E+9	310.07E+0	536.4E-3	16.5E+0	33E+0
3.722345945419E+9	310.07E+0	536.4E-3	16.5E+0	33E+0
3.72234595045E+9	310.07E+0	536.4E-3	16.5E+0	33E+0
3.72234595548E+9	310.07E+0	536.4E-3	16.25E+0	32.5E+0
3.722345960509E+9	310.07E+0	536.4E-3	16.25E+0	32.5E+0
3.722345965539E+9	310.07E+0	536.4E-3	16.25E+0	32.5E+0
3.72234597058E+9	310.07E+0	536.4E-3	16.25E+0	32.5E+0
3.722345975609E+9	310.07E+0	536.4E-3	16.25E+0	32.5E+0
3.72234598065E+9	310.07E+0	536.4E-3	16.25E+0	32.5E+0
3.72234598568E+9	310.07E+0	536.4E-3	16.25E+0	32.5E+0
3.72234599071E+9	310.07E+0	536.4E-3	16E+0	32E+0
3.722345995749E+9	310.07E+0	536.4E-3	16E+0	32E+0
3.722346000779E+9	310.07E+0	536.4E-3	16E+0	32E+0
3.722346005811E+9	310.07E+0	536.4E-3	16E+0	32E+0
3.72234601085E+9	310.07E+0	536.4E-3	16E+0	32E+0
3.72234601588E+9	310.07E+0	536.4E-3	16E+0	32E+0
3.72234602091E+9	310.07E+0	536.4E-3	15.75E+0	31.5E+0
3.722346025949E+9	310.07E+0	536.4E-3	15.75E+0	31.5E+0
3.72234603098E+9	310.07E+0	536.4E-3	15.75E+0	31.5E+0
3.722346036009E+9	310.07E+0	536.4E-3	15.75E+0	31.5E+0
3.722346041039E+9	310.07E+0	536.4E-3	15.75E+0	31.5E+0
3.72234604607E+9	310.07E+0	536.4E-3	15.75E+0	31.5E+0
3.72234605111E+9	310.07E+0	536.4E-3	15.75E+0	31.5E+0
3.72234605614E+9	310.07E+0	536.4E-3	15.5E+0	31E+0
3.72234606118E+9	310.07E+0	536.4E-3	15.5E+0	31E+0
3.722346066209E+9	310.07E+0	536.4E-3	15.5E+0	31E+0
3.72234607124E+9	310.07E+0	536.4E-3	15.5E+0	31E+0
3.722346076279E+9	310.07E+0	536.4E-3	15.5E+0	31E+0
3.72234608131E+9	310.07E+0	536.4E-3	15.5E+0	31E+0
3.722346086339E+9	310.07E+0	536.4E-3	15.25E+0	30.5E+0
3.722346091379E+9	310.07E+0	536.4E-3	15.25E+0	30.5E+0
3.722346096409E+9	310.07E+0	536.4E-3	15.25E+0	30.5E+0
3.722346101439E+9	310.07E+0	536.4E-3	15.25E+0	30.5E+0
3.72234610647E+9	310.07E+0	536.4E-3	15.25E+0	30.5E+0
3.722346111509E+9	310.07E+0	536.4E-3	15.25E+0	30.5E+0
3.722346116539E+9	310.07E+0	536.4E-3	15.25E+0	30.5E+0
3.722346121579E+9	310.05E+0	536.4E-3	15.25E+0	30.5E+0
3.72234612662E+9	311.06E+0	534.1E-3	11.5E+0	23E+0
3.72234613165E+9	311.9E+0	532.1E-3	7.5E+0	15E+0
3.722346136679E+9	314.13E+0	527E-3	0E+0	0E+0
3.72234614171E+9	315.05E+0	524.8E-3	0E+0	0E+0
3.72234614675E+9	314.9E+0	525.2E-3	0E+0	0E+0
3.722346151779E+9	316.85E+0	520.7E-3	0E+0	0E+0
3.72234615682E+9	318.21E+0	517.6E-3	0E+0	0E+0
3.72234616185E+9	317.86E+0	518.3E-3	0E+0	0E+0
3.722346166879E+9	318.17E+0	517.6E-3	0E+0	0E+0
3.722346171919E+9	318.34E+0	517.2E-3	0E+0	0E+0
3.72234617695E+9	318.38E+0	517.1E-3	0E+0	0E+0
3.722346181981E+9	318.36E+0	517.2E-3	0E+0	0E+0
3.72234618702E+9	318.31E+0	517.3E-3	0E+0	0E+0
3.72234619206E+9	318.23E+0	517.5E-3	0E+0	0E+0
3.72234619709E+9	318.14E+0	517.7E-3	0E+0	0E+0
3.72234620213E+9	318.05E+0	517.9E-3	0E+0	0E+0
3.72234620716E+9	317.95E+0	518.1E-3	0E+0	0E+0
3.722346212192E+9	317.85E+0	518.4E-3	0E+0	0E+0
3.72234621723E+9	317.75E+0	518.6E-3	0E+0	0E+0
3.72234622226E+9	317.65E+0	518.8E-3	0E+0	0E+0
3.722346227291E+9	317.55E+0	519.1E-3	0E+0	0E+0
3.72234623232E+9	317.45E+0	519.3E-3	0E+0	0E+0
3.72234623735E+9	317.35E+0	519.5E-3	0E+0	0E+0
3.72234624239E+9	317.25E+0	519.8E-3	0E+0	0E+0
3.72234624742E+9	317.15E+0	520E-3	0E+0	0E+0
3.722346252462E+9	317.05E+0	520.2E-3	0E+0	0E+0
3.722346257491E+9	316.95E+0	520.5E-3	0E+0	0E+0
3.72234626252E+9	316.85E+0	520.7E-3	0E+0	0E+0
3.72234626756E+9	316.75E+0	520.9E-3	0E+0	0E+0
3.72234627259E+9	316.65E+0	521.1E-3	0E+0	0E+0
3.72234627762E+9	316.56E+0	521.4E-3	0E+0	0E+0
3.722346282651E+9	316.46E+0	521.6E-3	0E+0	0E+0
3.722346287681E+9	316.36E+0	521.8E-3	0E+0	0E+0
3.72234629271E+9	316.27E+0	522E-3	0E+0	0E+0
3.722346297741E+9	316.18E+0	522.2E-3	0E+0	0E+0
3.72234630278E+9	316.08E+0	522.5E-3	0E+0	0E+0
3.722346307812E+9	315.99E+0	522.7E-3	0E+0	0E+0
3.722346312841E+9	315.9E+0	522.9E-3	0E+0	0E+0
3.72234631788E+9	315.8E+0	523.1E-3	0E+0	0E+0
3.72234632294E+9	315.71E+0	523.3E-3	0E+0	0E+0
3.72234632798E+9	315.62E+0	523.5E-3	0E+0	0E+0
3.722346333011E+9	315.53E+0	523.7E-3	0E+0	0E+0
3.722346338041E+9	315.44E+0	523.9E-3	0E+0	0E+0
3.72234634308E+9	315.35E+0	524.1E-3	0E+0	0E+0
3.72234634811E+9	315.26E+0	524.4E-3	0E+0	0E+0
3.722346353142E+9	315.17E+0	524.6E-3	0E+0	0E+0
3.72234635818E+9	315.08E+0	524.8E-3	0E+0	0E+0
3.722346363211E+9	315E+0	525E-3	0E+0	0E+0
3.722346368251E+9	314.91E+0	525.2E-3	0E+0	0E+0
3.72234637329E+9	314.83E+0	525.4E-3	0E+0	0E+0
3.722346378321E+9	314.74E+0	525.6E-3	0E+0	0E+0
3.72234638335E+9	314.65E+0	525.8E-3	0E+0	0E+0
3.722346388381E+9	314.57E+0	526E-3	0E+0	0E+0
3.722346393421E+9	314.48E+0	526.2E-3	0E+0	0E+0
3.72234639845E+9	314.4E+0	526.3E-3	0E+0	0E+0
3.722346403482E+9	314.32E+0	526.5E-3	0E+0	0E+0
3.722346408521E+9	314.23E+0	526.7E-3	0E+0	0E+0
3.72234641355E+9	314.15E+0	526.9E-3	0E+0	0E+0
3.72234641858E+9	314.07E+0	527.1E-3	0E+0	0E+0
3.722346423621E+9	313.99E+0	527.3E-3	0E+0	0E+0
3.72234642865E+9	313.91E+0	527.5E-3	0E+0	0E+0
3.722346433681E+9	313.83E+0	527.7E-3	0E+0	0E+0
3.722346438721E+9	313.75E+0	527.9E-3	0E+0	0E+0
3.722346443761E+9	313.67E+0	528E-3	0E+0	0E+0
3.722346448791E+9	313.59E+0	528.2E-3	0E+0	0E+0
3.722346453831E+9	313.51E+0	528.4E-3	0E+0	0E+0
3.722346458861E+9	313.43E+0	528.6E-3	0E+0	0E+0
3.722346463891E+9	313.36E+0	528.8E-3	0E+0	0E+0
3.722346468931E+9	313.28E+0	528.9E-3	0E+0	0E+0
3.722346473961E+9	313.2E+0	529.1E-3	0E+0	0E+0
3.722346478992E+9	313.13E+0	529.3E-3	0E+0	0E+0
3.722346484052E+9	313.05E+0	529.5E-3	0E+0	0E+0
3.722346489081E+9	312.98E+0	529.6E-3	0E+0	0E+0
3.722346494111E+9	312.9E+0	529.8E-3	0E+0	0E+0
3.722346499142E+9	312.83E+0	530E-3	0E+0	0E+0
3.722346504181E+9	312.76E+0	530.2E-3	0E+0	0E+0
3.722346509211E+9	312.68E+0	530.3E-3	0E+0	0E+0
3.722346514251E+9	312.61E+0	530.5E-3	0E+0	0E+0
3.722346519282E+9	312.54E+0	530.7E-3	0E+0	0E+0
3.722346524311E+9	312.47E+0	530.8E-3	0E+0	0E+0
3.722346529351E+9	312.4E+0	531E-3	0E+0	0E+0
3.722346534381E+9	312.32E+0	531.2E-3	0E+0	0E+0
3.722346539411E+9	312.26E+0	531.3E-3	0E+0	0E+0
3.722346544441E+9	312.18E+0	531.5E-3	0E+0	0E+0
3.722346549481E+9	312.11E+0	531.6E-3	0E+0	0E+0
3.722346554511E+9	312.05E+0	531.8E-3	0E+0	0E+0
3.722346559541E+9	311.98E+0	532E-3	0E+0	0E+0
3.722346564581E+9	311.91E+0	532.1E-3	0E+0	0E+0
3.722346569613E+9	311.84E+0	532.3E-3	0E+0	0E+0
3.722346574642E+9	311.77E+0	532.4E-3	0E+0	0E+0
3.722346579683E+9	311.71E+0	532.6E-3	0E+0	0E+0
3.722346584712E+9	311.64E+0	532.7E-3	0E+0	0E+0
3.722346589741E+9	311.57E+0	532.9E-3	0E+0	0E+0
3.722346594781E+9	311.51E+0	533E-3	0E+0	0E+0
3.722346599813E+9	311.44E+0	533.2E-3	0E+0	0E+0
3.722346604842E+9	311.38E+0	533.3E-3	0E+0	0E+0
3.722346609881E+9	311.31E+0	533.5E-3	0E+0	0E+0
3.722346614912E+9	311.25E+0	533.6E-3	0E+0	0E+0
3.722346619942E+9	311.18E+0	533.8E-3	0E+0	0E+0
3.722346624982E+9	311.12E+0	533.9E-3	0E+0	0E+0
3.722346630041E+9	311.06E+0	534.1E-3	0E+0	0E+0
3.722346635082E+9	310.99E+0	534.2E-3	0E+0	0E+0
3.722346640122E+9	310.92E+0	534.4E-3	0E+0	0E+0
3.722346645151E+9	310.86E+0	534.5E-3	0E+0	0E+0
3.722346650182E+9	310.8E+0	534.7E-3	0E+0	0E+0
3.722346655212E+9	310.74E+0	534.8E-3	0E+0	0E+0
3.722346660242E+9	310.67E+0	535E-3	0E+0	0E+0
3.722346665283E+9	310.61E+0	535.1E-3	0E+0	0E+0
3.722346670312E+9	310.55E+0	535.3E-3	0E+0	0E+0
3.722346675342E+9	310.49E+0	535.4E-3	0E+0	0E+0
3.722346680382E+9	310.42E+0	535.6E-3	0E+0	0E+0
3.722346685421E+9	310.36E+0	535.7E-3	0E+0	0E+0
3.722346690452E+9	310.29E+0	535.8E-3	0E+0	0E+0
3.722346695481E+9	310.23E+0	536E-3	0E+0	0E+0
3.722346700522E+9	310.17E+0	536.1E-3	0E+0	0E+0
3.722346705552E+9	310.12E+0	536.3E-3	0E+0	0E+0
3.722346710583E+9	310.06E+0	536.4E-3	0E+0	0E+0
3.722346715652E+9	309.99E+0	536.6E-3	0E+0	0E+0
3.722346720682E+9	309.93E+0	536.7E-3	250E-3	500E-3
3.722346725712E+9	309.88E+0	536.8E-3	500E-3	1E+0
3.722346730742E+9	309.82E+0	537E-3	750E-3	1.5E+0
3.722346735784E+9	309.75E+0	537.1E-3	1E+0	2E+0
3.722346740813E+9	309.7E+0	537.2E-3	1.5E+0	3E+0
3.722346745852E+9	309.64E+0	537.4E-3	1.75E+0	3.5E+0
3.722346750882E+9	309.59E+0	537.5E-3	2.25E+0	4.5E+0
3.722346755913E+9	309.54E+0	537.6E-3	2.75E+0	5.5E+0
3.722346760952E+9	309.48E+0	537.7E-3	3.25E+0	6.5E+0
3.722346765983E+9	309.43E+0	537.8E-3	3.5E+0	7E+0
3.722346771012E+9	309.39E+0	537.9E-3	4E+0	8E+0
3.722346776052E+9	309.35E+0	538E-3	4.75E+0	9.5E+0
3.722346781082E+9	309.31E+0	538.1E-3	5.25E+0	10.5E+0
3.722346786112E+9	309.27E+0	538.2E-3	5.75E+0	11.5E+0
3.722346791142E+9	309.24E+0	538.3E-3	6.25E+0	12.5E+0
3.722346796182E+9	309.21E+0	538.3E-3	6.75E+0	13.5E+0
3.722346801213E+9	309.19E+0	538.4E-3	7.25E+0	14.5E+0
3.722346806243E+9	309.17E+0	538.5E-3	7.75E+0	15.5E+0
3.722346811282E+9	309.15E+0	538.5E-3	8.25E+0	16.5E+0
3.722346816312E+9	309.15E+0	538.5E-3	8.75E+0	17.5E+0
3.722346821344E+9	309.15E+0	538.5E-3	9.25E+0	18.5E+0
3.722346826382E+9	309.14E+0	538.5E-3	9.75E+0	19.5E+0
3.722346831413E+9	309.15E+0	538.5E-3	10.25E+0	20.5E+0
3.722346836444E+9	309.17E+0	538.5E-3	10.75E+0	21.5E+0
3.722346841483E+9	309.18E+0	538.4E-3	11E+0	22E+0
3.722346846512E+9	309.21E+0	538.4E-3	11.5E+0	23E+0
3.722346851542E+9	309.24E+0	538.3E-3	11.75E+0	23.5E+0
3.722346856583E+9	309.27E+0	538.2E-3	12E+0	24E+0
3.722346861622E+9	309.31E+0	538.1E-3	12.25E+0	24.5E+0
3.722346866652E+9	309.35E+0	538E-3	12.5E+0	25E+0
3.722346871695E+9	309.4E+0	537.9E-3	12.75E+0	25.5E+0
3.722346876723E+9	309.45E+0	537.8E-3	12.75E+0	25.5E+0
3.722346881753E+9	309.5E+0	537.7E-3	13E+0	26E+0
3.722346886783E+9	309.55E+0	537.6E-3	13E+0	26E+0
3.722346891813E+9	309.6E+0	537.4E-3	13E+0	26E+0
3.722346896842E+9	309.65E+0	537.3E-3	13E+0	26E+0
3.722346901883E+9	309.7E+0	537.2E-3	13E+0	26E+0
3.722346906912E+9	309.75E+0	537.1E-3	13E+0	26E+0
3.722346911943E+9	309.8E+0	537E-3	13E+0	26E+0
3.722346916983E+9	309.85E+0	536.9E-3	13E+0	26E+0
3.722346922023E+9	309.89E+0	536.8E-3	12.75E+0	25.5E+0
3.722346927053E+9	309.94E+0	536.7E-3	12.75E+0	25.5E+0
3.722346932083E+9	309.98E+0	536.6E-3	12.5E+0	25E+0
3.722346937123E+9	310.02E+0	536.5E-3	12.5E+0	25E+0
3.722346942154E+9	310.05E+0	536.4E-3	12.25E+0	24.5E+0
3.722346947183E+9	310.09E+0	536.3E-3	12E+0	24E+0
3.722346952214E+9	310.12E+0	536.3E-3	12E+0	24E+0
3.722346957253E+9	310.14E+0	536.2E-3	11.75E+0	23.5E+0
3.722346962285E+9	310.17E+0	536.1E-3	11.5E+0	23E+0
3.722346967353E+9	310.19E+0	536.1E-3	11.5E+0	23E+0
3.722346972383E+9	310.22E+0	536E-3	11.25E+0	22.5E+0
3.722346977423E+9	310.23E+0	536E-3	11E+0	22E+0
3.722346982455E+9	310.24E+0	536E-3	10.75E+0	21.5E+0
3.722346987483E+9	310.26E+0	535.9E-3	10.75E+0	21.5E+0
3.722346992513E+9	310.25E+0	535.9E-3	10.5E+0	21E+0
3.722346997555E+9	310.26E+0	535.9E-3	10.25E+0	20.5E+0
3.722347002583E+9	310.26E+0	535.9E-3	10.25E+0	20.5E+0
3.722347007613E+9	310.27E+0	535.9E-3	10E+0	20E+0
3.722347012653E+9	310.27E+0	535.9E-3	9.75E+0	19.5E+0
3.722347017683E+9	310.27E+0	535.9E-3	9.75E+0	19.5E+0
3.722347022713E+9	310.27E+0	535.9E-3	9.5E+0	19E+0
3.722347027754E+9	310.27E+0	535.9E-3	9.5E+0	19E+0
3.722347032783E+9	310.27E+0	535.9E-3	9.25E+0	18.5E+0
3.722347037815E+9	310.26E+0	535.9E-3	9.25E+0	18.5E+0
3.722347042843E+9	310.26E+0	535.9E-3	9E+0	18E+0
3.722347047883E+9	310.25E+0	535.9E-3	9E+0	18E+0
3.722347052913E+9	310.24E+0	536E-3	8.75E+0	17.5E+0
3.722347057953E+9	310.23E+0	536E-3	8.75E+0	17.5E+0
3.722347062984E+9	310.22E+0	536E-3	8.75E+0	17.5E+0
3.722347068014E+9	310.21E+0	536E-3	8.5E+0	17E+0
3.722347073043E+9	310.19E+0	536.1E-3	8.5E+0	17E+0
3.722347078084E+9	310.18E+0	536.1E-3	8.5E+0	17E+0
3.722347083113E+9	310.16E+0	536.2E-3	8.5E+0	17E+0
3.722347088144E+9	310.14E+0	536.2E-3	8.5E+0	17E+0
3.722347093183E+9	310.13E+0	536.2E-3	8.25E+0	16.5E+0
3.722347098215E+9	310.13E+0	536.2E-3	8.25E+0	16.5E+0
3.722347103243E+9	310.13E+0	536.2E-3	8.25E+0	16.5E+0
3.722347108284E+9	310.14E+0	536.2E-3	8E+0	16E+0
3.722347113314E+9	310.15E+0	536.2E-3	8E+0	16E+0
3.722347118343E+9	310.16E+0	536.2E-3	8E+0	16E+0
3.722347123384E+9	310.17E+0	536.1E-3	7.75E+0	15.5E+0
3.722347128423E+9	310.17E+0	536.1E-3	7.75E+0	15.5E+0
3.722347133453E+9	310.18E+0	536.1E-3	0E+0	0E+0
3.722347138494E+9	310.18E+0	536.1E-3	0E+0	0E+0
3.722347143525E+9	310.17E+0	536.1E-3	0E+0	0E+0
3.722347148564E+9	310.15E+0	536.2E-3	0E+0	0E+0
3.722347153603E+9	310.13E+0	536.2E-3	0E+0	0E+0
3.722347158634E+9	310.11E+0	536.3E-3	0E+0	0E+0
3.722347163664E+9	310.1E+0	536.3E-3	0E+0	0E+0
3.722347168694E+9	310.08E+0	536.3E-3	0E+0	0E+0
3.722347173765E+9	310.06E+0	536.4E-3	0E+0	0E+0
3.722347178794E+9	310.03E+0	536.5E-3	0E+0	0E+0
3.722347183834E+9	310E+0	536.5E-3	0E+0	0E+0
3.722347188874E+9	309.96E+0	536.6E-3	0E+0	0E+0
3.722347193904E+9	309.92E+0	536.7E-3	0E+0	0E+0
3.722347198945E+9	309.87E+0	536.8E-3	0E+0	0E+0
3.722347203984E+9	309.82E+0	536.9E-3	0E+0	0E+0
3.722347209014E+9	309.76E+0	537.1E-3	0E+0	0E+0
3.722347214055E+9	309.69E+0	537.3E-3	0E+0	0E+0
3.722347219085E+9	309.6E+0	537.4E-3	0E+0	0E+0
3.722347224115E+9	309.51E+0	537.7E-3	0E+0	0E+0
3.722347229154E+9	309.4E+0	537.9E-3	0E+0	0E+0
3.722347234184E+9	309.26E+0	538.2E-3	0E+0	0E+0
3.722347239215E+9	309.09E+0	538.6E-3	0E+0	0E+0
3.722347244244E+9	308.84E+0	539.2E-3	0E+0	0E+0
3.722347249284E+9	307.98E+0	541.2E-3	0E+0	0E+0
3.722347254316E+9	305.95E+0	545.9E-3	0E+0	0E+0
3.722347259354E+9	303.56E+0	551.4E-3	0E+0	0E+0
3.722347264385E+9	300.93E+0	557.5E-3	0E+0	0E+0
3.722347269414E+9	298.22E+0	563.8E-3	0E+0	0E+0
3.722347274455E+9	295.4E+0	570.2E-3	0E+0	0E+0
3.722347279484E+9	292.44E+0	577E-3	0E+0	0E+0
3.722347284515E+9	289.48E+0	583.8E-3	0E+0	0E+0
3.722347289545E+9	286.47E+0	590.7E-3	0E+0	0E+0
3.722347294584E+9	283.38E+0	597.8E-3	0E+0	0E+0
3.722347299615E+9	280.32E+0	604.8E-3	0E+0	0E+0
3.722347304646E+9	277.21E+0	611.9E-3	0E+0	0E+0
3.722347309684E+9	274.07E+0	619.1E-3	0E+0	0E+0
3.722347314716E+9	270.85E+0	626.4E-3	0E+0	0E+0
3.722347319745E+9	267.66E+0	633.6E-3	0E+0	0E+0
3.722347324785E+9	264.49E+0	640.8E-3	0E+0	0E+0
3.722347329824E+9	261.26E+0	648.1E-3	0E+0	0E+0
3.722347334855E+9	258.07E+0	655.3E-3	0E+0	0E+0
3.722347339895E+9	254.88E+0	662.6E-3	0E+0	0E+0
3.722347344925E+9	251.64E+0	669.8E-3	0E+0	0E+0
3.722347349955E+9	248.45E+0	676.9E-3	0E+0	0E+0
3.722347354995E+9	245.31E+0	684E-3	0E+0	0E+0
3.722347360035E+9	242.08E+0	691.2E-3	0E+0	0E+0
3.722347365065E+9	238.91E+0	698.2E-3	0E+0	0E+0
3.722347370105E+9	235.76E+0	705.4E-3	0E+0	0E+0
3.722347375134E+9	232.53E+0	712.4E-3	0E+0	0E+0
3.722347380165E+9	229.38E+0	719.5E-3	0E+0	0E+0
3.722347385206E+9	226.2E+0	726.5E-3	0E+0	0E+0
3.722347390236E+9	223.02E+0	733.5E-3	0E+0	0E+0
3.722347395264E+9	219.76E+0	740.6E-3	0E+0	0E+0
3.722347400294E+9	216.63E+0	747.5E-3	0E+0	0E+0
3.722347405326E+9	213.41E+0	754.6E-3	0E+0	0E+0
3.722347410355E+9	210.21E+0	761.6E-3	0E+0	0E+0
3.722347415385E+9	207.03E+0	768.5E-3	0E+0	0E+0
3.722347420425E+9	203.81E+0	775.5E-3	0E+0	0E+0
3.722347425455E+9	200.65E+0	782.3E-3	0E+0	0E+0
3.722347430486E+9	197.52E+0	789.1E-3	0E+0	0E+0
3.722347435525E+9	194.38E+0	796E-3	0E+0	0E+0
3.722347440555E+9	191.19E+0	802.7E-3	0E+0	0E+0
3.722347445585E+9	188.1E+0	809.3E-3	0E+0	0E+0
3.722347450616E+9	185.02E+0	815.9E-3	0E+0	0E+0
3.722347455645E+9	181.91E+0	822.6E-3	0E+0	0E+0
3.722347460686E+9	178.69E+0	829.3E-3	0E+0	0E+0
3.722347465717E+9	175.55E+0	836E-3	0E+0	0E+0
3.722347470745E+9	172.41E+0	842.6E-3	0E+0	0E+0
3.722347475786E+9	169.28E+0	849.2E-3	0E+0	0E+0
3.722347480826E+9	166.15E+0	855.7E-3	0E+0	0E+0
3.722347485855E+9	162.97E+0	862.3E-3	0E+0	0E+0
3.722347490885E+9	159.86E+0	868.8E-3	0E+0	0E+0
3.722347495917E+9	156.74E+0	875.3E-3	0E+0	0E+0
3.722347500955E+9	153.57E+0	881.8E-3	0E+0	0E+0
3.722347505985E+9	150.48E+0	888.1E-3	0E+0	0E+0
3.722347511015E+9	147.42E+0	894.4E-3	0E+0	0E+0
3.722347516055E+9	144.32E+0	900.8E-3	0E+0	0E+0
3.722347521086E+9	141.16E+0	907.1E-3	0E+0	0E+0
3.722347526115E+9	138.08E+0	913.3E-3	0E+0	0E+0
3.722347531155E+9	134.99E+0	919.5E-3	0E+0	0E+0
3.722347536185E+9	131.83E+0	925.7E-3	0E+0	0E+0
3.722347541255E+9	128.76E+0	931.9E-3	0E+0	0E+0
3.722347546285E+9	125.67E+0	937.9E-3	0E+0	0E+0
3.722347551316E+9	122.53E+0	944.1E-3	0E+0	0E+0
3.722347556345E+9	119.48E+0	950E-3	0E+0	0E+0
3.722347561386E+9	116.34E+0	956.1E-3	0E+0	0E+0
3.722347566416E+9	113.26E+0	962E-3	0E+0	0E+0
3.722347571447E+9	110.19E+0	967.9E-3	0E+0	0E+0
3.722347576485E+9	107.03E+0	973.8E-3	0E+0	0E+0
3.722347581516E+9	103.93E+0	979.6E-3	0E+0	0E+0
3.722347586585E+9	100.85E+0	985.5E-3	0E+0	0E+0
3.722347591615E+9	97.651E+0	991.3E-3	0E+0	0E+0
3.722347596645E+9	94.515E+0	997.1E-3	0E+0	0E+0
3.722347601686E+9	91.347E+0	1.0029E+0	0E+0	0E+0
3.722347606717E+9	88.106E+0	1.0086E+0	0E+0	0E+0
3.722347611746E+9	84.882E+0	1.0144E+0	0E+0	0E+0
3.722347616787E+9	81.634E+0	1.0201E+0	0E+0	0E+0
3.722347621816E+9	78.301E+0	1.0259E+0	0E+0	0E+0
3.722347626846E+9	74.871E+0	1.0319E+0	0E+0	0E+0
3.722347631886E+9	71.415E+0	1.0378E+0	0E+0	0E+0
3.722347636916E+9	67.779E+0	1.0439E+0	0E+0	0E+0
3.722347641946E+9	64.09E+0	1.0501E+0	0E+0	0E+0
3.722347646986E+9	60.226E+0	1.0565E+0	0E+0	0E+0
3.722347652015E+9	56.062E+0	1.0633E+0	0E+0	0E+0
3.722347657046E+9	51.629E+0	1.0705E+0	0E+0	0E+0
3.722347662087E+9	46.748E+0	1.0783E+0	0E+0	0E+0
3.722347667116E+9	40.94E+0	1.0875E+0	0E+0	0E+0
3.722347672147E+9	33.623E+0	1.0996E+0	0E+0	0E+0
3.722347677186E+9	20.957E+0	1.1822E+0	0E+0	0E+0
3.722347682216E+9	5.705E+0	1.5262E+0	0E+0	0E+0
3.722347687247E+9	5.299E+0	1.5409E+0	0E+0	0E+0
3.722347692287E+9	5.193E+0	1.5446E+0	0E+0	0E+0
3.722347697316E+9	5.155E+0	1.5459E+0	0E+0	0E+0
3.722347702358E+9	5.11E+0	1.5475E+0	0E+0	0E+0
3.722347707386E+9	5.075E+0	1.5487E+0	0E+0	0E+0
3.722347712427E+9	5.068E+0	1.5494E+0	0E+0	0E+0
3.722347717456E+9	5.006E+0	1.5512E+0	0E+0	0E+0
3.722347722487E+9	4.988E+0	1.5518E+0	0E+0	0E+0
3.722347727526E+9	4.945E+0	1.5533E+0	0E+0	0E+0
3.722347732557E+9	4.921E+0	1.5541E+0	0E+0	0E+0
3.722347737586E+9	4.893E+0	1.5551E+0	0E+0	0E+0
3.722347742657E+9	4.864E+0	1.5562E+0	0E+0	0E+0
3.722347747686E+9	4.836E+0	1.5571E+0	0E+0	0E+0
3.722347752716E+9	4.849E+0	1.5567E+0	0E+0	0E+0
3.722347757746E+9	4.811E+0	1.5583E+0	0E+0	0E+0
3.722347762786E+9	4.804E+0	1.5582E+0	0E+0	0E+0
3.722347767817E+9	4.749E+0	1.5602E+0	0E+0	0E+0
3.722347772847E+9	4.729E+0	1.5609E+0	0E+0	0E+0
3.722347777887E+9	4.703E+0	1.5618E+0	0E+0	0E+0
3.722347782916E+9	4.695E+0	1.5621E+0	0E+0	0E+0
3.722347787957E+9	4.722E+0	1.5616E+0	0E+0	0E+0
3.722347792987E+9	4.694E+0	1.5621E+0	0E+0	0E+0
3.722347798016E+9	4.674E+0	1.5628E+0	0E+0	0E+0
3.722347803057E+9	4.662E+0	1.5632E+0	0E+0	0E+0
3.722347808086E+9	4.612E+0	1.565E+0	0E+0	0E+0
3.722347813117E+9	4.601E+0	1.5654E+0	0E+0	0E+0
3.722347818156E+9	4.581E+0	1.5661E+0	0E+0	0E+0
3.722347823186E+9	4.537E+0	1.5676E+0	0E+0	0E+0
3.722347828217E+9	4.546E+0	1.5673E+0	0E+0	0E+0
3.722347833257E+9	4.546E+0	1.5673E+0	0E+0	0E+0
3.722347838288E+9	4.552E+0	1.5668E+0	0E+0	0E+0
3.722347843316E+9	4.554E+0	1.567E+0	0E+0	0E+0
3.722347848347E+9	4.558E+0	1.5669E+0	0E+0	0E+0
3.722347853376E+9	4.531E+0	1.5677E+0	0E+0	0E+0
3.722347858447E+9	4.534E+0	1.5677E+0	0E+0	0E+0
3.722347863487E+9	4.524E+0	1.5679E+0	0E+0	0E+0
3.722347868526E+9	4.531E+0	1.5678E+0	0E+0	0E+0
3.722347873557E+9	4.522E+0	1.568E+0	0E+0	0E+0
3.722347878597E+9	4.512E+0	1.5685E+0	0E+0	0E+0
3.722347883626E+9	4.498E+0	1.5688E+0	0E+0	0E+0
3.722347888657E+9	4.505E+0	1.5686E+0	0E+0	0E+0
3.722347893698E+9	4.483E+0	1.5693E+0	0E+0	0E+0
3.722347899367E+9	4.483E+0	1.5693E+0	0E+0	0E+0
3.722347904406E+9	4.471E+0	1.5695E+0	0E+0	0E+0
3.722347909438E+9	4.485E+0	1.5693E+0	0E+0	0E+0
3.722347914467E+9	4.483E+0	1.5693E+0	0E+0	0E+0
3.722347919507E+9	4.462E+0	1.57E+0	0E+0	0E+0
3.722347924537E+9	4.466E+0	1.5699E+0	0E+0	0E+0
3.722347929567E+9	4.461E+0	1.57E+0	0E+0	0E+0
3.722347934598E+9	4.446E+0	1.5705E+0	0E+0	0E+0
3.722347939638E+9	4.456E+0	1.5702E+0	0E+0	0E+0
3.722347944667E+9	4.442E+0	1.5706E+0	0E+0	0E+0
3.722347949698E+9	4.457E+0	1.5701E+0	0E+0	0E+0
3.722347955129E+9	4.443E+0	1.5706E+0	0E+0	0E+0
3.722347960787E+9	4.447E+0	1.5705E+0	0E+0	0E+0
3.722347966467E+9	4.451E+0	1.5703E+0	0E+0	0E+0
3.722347972087E+9	4.446E+0	1.5705E+0	0E+0	0E+0
3.722347977747E+9	4.431E+0	1.571E+0	0E+0	0E+0
3.722347983398E+9	4.427E+0	1.5711E+0	0E+0	0E+0
3.722347989057E+9	4.438E+0	1.5708E+0	0E+0	0E+0
3.722347994718E+9	4.428E+0	1.5711E+0	0E+0	0E+0
3.722348000358E+9	4.43E+0	1.571E+0	0E+0	0E+0
3.722348006017E+9	4.425E+0	1.5712E+0	0E+0	0E+0
3.722348011678E+9	4.425E+0	1.5712E+0	0E+0	0E+0
3.722348017327E+9	4.428E+0	1.5711E+0	0E+0	0E+0
3.722348022989E+9	4.444E+0	1.5706E+0	0E+0	0E+0
3.722348028639E+9	4.415E+0	1.5715E+0	0E+0	0E+0
3.722348034297E+9	4.427E+0	1.5711E+0	0E+0	0E+0
3.722348039947E+9	4.421E+0	1.5713E+0	0E+0	0E+0
3.722348045597E+9	4.409E+0	1.5717E+0	0E+0	0E+0
3.722348051248E+9	4.398E+0	1.572E+0	0E+0	0E+0
3.722348056908E+9	4.429E+0	1.571E+0	0E+0	0E+0
3.722348062569E+9	4.414E+0	1.5715E+0	0E+0	0E+0
3.722348068218E+9	4.409E+0	1.5717E+0	0E+0	0E+0
3.722348073879E+9	4.406E+0	1.5718E+0	0E+0	0E+0
3.722348079537E+9	4.405E+0	1.5718E+0	0E+0	0E+0
3.722348085188E+9	4.41E+0	1.5716E+0	0E+0	0E+0
3.722348090839E+9	4.392E+0	1.5722E+0	0E+0	0E+0
3.722348096487E+9	4.401E+0	1.5719E+0	0E+0	0E+0
3.722348102149E+9	4.394E+0	1.5722E+0	0E+0	0E+0
3.722348107808E+9	4.397E+0	1.5721E+0	0E+0	0E+0
3.722348113467E+9	4.403E+0	1.5719E+0	0E+0	0E+0
3.722348119117E+9	4.4E+0	1.572E+0	0E+0	0E+0
3.722348124789E+9	4.39E+0	1.5722E+0	0E+0	0E+0
3.722348130428E+9	4.393E+0	1.5722E+0	0E+0	0E+0
3.722348136088E+9	4.392E+0	1.5722E+0	0E+0	0E+0
3.722348141739E+9	4.395E+0	1.5721E+0	0E+0	0E+0
3.722348147399E+9	4.401E+0	1.572E+0	0E+0	0E+0
3.722348153049E+9	4.405E+0	1.5718E+0	0E+0	0E+0
3.722348158697E+9	4.398E+0	1.5721E+0	0E+0	0E+0
3.722348164348E+9	4.393E+0	1.5722E+0	0E+0	0E+0
3.722348170008E+9	4.395E+0	1.5721E+0	0E+0	0E+0
3.722348175659E+9	4.387E+0	1.5724E+0	0E+0	0E+0
3.722348180699E+9	4.396E+0	1.5721E+0	0E+0	0E+0
3.722348185728E+9	4.395E+0	1.5721E+0	0E+0	0E+0
3.72234819081E+9	4.382E+0	1.5726E+0	0E+0	0E+0
3.722348196458E+9	4.39E+0	1.5723E+0	0E+0	0E+0
3.722348202109E+9	4.382E+0	1.5726E+0	0E+0	0E+0
3.722348207758E+9	4.378E+0	1.5727E+0	0E+0	0E+0
3.722348213429E+9	4.383E+0	1.5725E+0	0E+0	0E+0
3.722348219058E+9	4.388E+0	1.5724E+0	0E+0	0E+0
3.722348224718E+9	4.378E+0	1.5727E+0	0E+0	0E+0
3.722348230378E+9	4.378E+0	1.5727E+0	0E+0	0E+0
3.72234823603E+9	4.391E+0	1.5723E+0	0E+0	0E+0
3.722348241688E+9	4.373E+0	1.5728E+0	0E+0	0E+0
3.722348247349E+9	4.379E+0	1.5727E+0	0E+0	0E+0
3.722348252988E+9	4.377E+0	1.5727E+0	0E+0	0E+0
3.722348258638E+9	4.377E+0	1.5728E+0	0E+0	0E+0
3.722348264299E+9	4.374E+0	1.5728E+0	0E+0	0E+0
3.722348269948E+9	4.377E+0	1.5727E+0	0E+0	0E+0
3.7223482756E+9	4.383E+0	1.5725E+0	0E+0	0E+0
3.722348281258E+9	4.376E+0	1.5728E+0	0E+0	0E+0
3.722348286908E+9	4.373E+0	1.5729E+0	0E+0	0E+0
3.722348292568E+9	4.384E+0	1.5725E+0	0E+0	0E+0
3.722348298218E+9	4.375E+0	1.5728E+0	0E+0	0E+0
3.722348303878E+9	4.379E+0	1.5726E+0	0E+0	0E+0
3.72234830954E+9	4.376E+0	1.5728E+0	0E+0	0E+0
3.722348315189E+9	4.365E+0	1.5731E+0	0E+0	0E+0
3.722348320838E+9	4.389E+0	1.5723E+0	0E+0	0E+0
3.7223483265E+9	4.369E+0	1.573E+0	0E+0	0E+0
3.722348332149E+9	4.374E+0	1.5728E+0	0E+0	0E+0
3.722348337188E+9	4.367E+0	1.5731E+0	0E+0	0E+0
3.722348342448E+9	4.364E+0	1.5731E+0	0E+0	0E+0
3.722348348099E+9	4.368E+0	1.573E+0	0E+0	0E+0
3.722348353789E+9	4.348E+0	1.5736E+0	0E+0	0E+0
3.722348359399E+9	4.369E+0	1.573E+0	0E+0	0E+0
3.722348365059E+9	4.368E+0	1.5729E+0	0E+0	0E+0
3.722348370709E+9	4.361E+0	1.5732E+0	0E+0	0E+0
3.722348376369E+9	4.367E+0	1.5732E+0	0E+0	0E+0
3.722348382018E+9	4.348E+0	1.5737E+0	0E+0	0E+0
3.72234838768E+9	4.367E+0	1.573E+0	0E+0	0E+0
3.722348393319E+9	4.359E+0	1.5733E+0	0E+0	0E+0
3.722348398989E+9	4.362E+0	1.5733E+0	0E+0	0E+0
3.722348404639E+9	4.361E+0	1.5732E+0	0E+0	0E+0
3.722348410289E+9	4.366E+0	1.5731E+0	0E+0	0E+0
3.722348415949E+9	4.361E+0	1.5732E+0	0E+0	0E+0
3.722348421599E+9	4.363E+0	1.5732E+0	0E+0	0E+0
3.722348427249E+9	4.333E+0	1.5741E+0	0E+0	0E+0
3.722348432911E+9	4.974E+0	1.5523E+0	0E+0	0E+0
3.722348438559E+9	3.514E+0	1.5986E+0	0E+0	0E+0
3.722348444221E+9	3.6E+0	1.5963E+0	0E+0	0E+0
3.722348449909E+9	3.607E+0	1.5961E+0	0E+0	0E+0
3.722348455519E+9	3.603E+0	1.5962E+0	0E+0	0E+0
3.72234846119E+9	3.601E+0	1.5963E+0	0E+0	0E+0
3.722348466839E+9	3.612E+0	1.596E+0	0E+0	0E+0
3.722348472489E+9	3.608E+0	1.5961E+0	0E+0	0E+0
3.722348478139E+9	3.606E+0	1.5961E+0	0E+0	0E+0
3.7223484838E+9	3.613E+0	1.5959E+0	0E+0	0E+0
3.722348489449E+9	3.606E+0	1.5961E+0	0E+0	0E+0
3.722348495109E+9	3.599E+0	1.5963E+0	0E+0	0E+0
3.722348500771E+9	3.598E+0	1.5964E+0	0E+0	0E+0
3.722348506459E+9	3.603E+0	1.5962E+0	0E+0	0E+0
3.722348512069E+9	3.607E+0	1.5961E+0	0E+0	0E+0
3.722348517729E+9	3.601E+0	1.5963E+0	0E+0	0E+0
3.722348523369E+9	3.601E+0	1.5963E+0	0E+0	0E+0
3.722348529039E+9	3.61E+0	1.596E+0	0E+0	0E+0
3.72234853469E+9	3.607E+0	1.5961E+0	0E+0	0E+0
3.722348540339E+9	3.604E+0	1.5962E+0	0E+0	0E+0
3.722348545989E+9	3.603E+0	1.5962E+0	0E+0	0E+0
3.722348551651E+9	3.606E+0	1.5961E+0	0E+0	0E+0
3.72234855729E+9	3.608E+0	1.5961E+0	0E+0	0E+0
3.722348562949E+9	3.603E+0	1.5962E+0	0E+0	0E+0
3.7223485686E+9	3.602E+0	1.5962E+0	0E+0	0E+0
3.72234857425E+9	3.604E+0	1.5962E+0	0E+0	0E+0
3.7223485799E+9	3.6E+0	1.5963E+0	0E+0	0E+0
3.72234858557E+9	3.594E+0	1.5965E+0	0E+0	0E+0
3.722348591209E+9	3.597E+0	1.5964E+0	0E+0	0E+0
3.72234859688E+9	3.603E+0	1.5962E+0	0E+0	0E+0
3.722348602529E+9	3.602E+0	1.5962E+0	0E+0	0E+0
3.72234860818E+9	3.597E+0	1.5964E+0	0E+0	0E+0
3.722348613829E+9	3.601E+0	1.5963E+0	0E+0	0E+0
3.722348619489E+9	3.601E+0	1.5963E+0	0E+0	0E+0
3.72234862514E+9	3.6E+0	1.5963E+0	0E+0	0E+0
3.7223486308E+9	3.594E+0	1.5965E+0	0E+0	0E+0
3.722348636449E+9	3.601E+0	1.5963E+0	0E+0	0E+0
3.722348642111E+9	3.591E+0	1.5966E+0	0E+0	0E+0
3.72234864776E+9	3.597E+0	1.5964E+0	0E+0	0E+0
3.72234865341E+9	3.593E+0	1.5965E+0	0E+0	0E+0
3.722348659071E+9	3.6E+0	1.5963E+0	0E+0	0E+0
3.72234866471E+9	3.597E+0	1.5964E+0	0E+0	0E+0
3.722348670371E+9	3.597E+0	1.5964E+0	0E+0	0E+0
3.72234867602E+9	3.587E+0	1.5967E+0	0E+0	0E+0
3.72234868169E+9	3.592E+0	1.5965E+0	0E+0	0E+0
3.722348687331E+9	3.588E+0	1.5966E+0	0E+0	0E+0
3.722348692982E+9	3.595E+0	1.5964E+0	0E+0	0E+0
3.72234869863E+9	3.593E+0	1.5965E+0	0E+0	0E+0
3.7223487043E+9	3.591E+0	1.5966E+0	0E+0	0E+0
3.72234870995E+9	3.589E+0	1.5966E+0	0E+0	0E+0
3.72234871561E+9	3.593E+0	1.5965E+0	0E+0	0E+0
3.72234872125E+9	3.593E+0	1.5965E+0	0E+0	0E+0
3.72234872631E+9	3.59E+0	1.5966E+0	0E+0	0E+0
3.72234873134E+9	3.593E+0	1.5965E+0	0E+0	0E+0
3.72234873637E+9	3.594E+0	1.5965E+0	0E+0	0E+0
3.7223487414E+9	3.589E+0	1.5966E+0	0E+0	0E+0
3.72234874644E+9	3.593E+0	1.5965E+0	0E+0	0E+0
3.72234875148E+9	3.587E+0	1.5967E+0	0E+0	0E+0
3.722348756511E+9	3.59E+0	1.5966E+0	0E+0	0E+0
3.722348761551E+9	3.59E+0	1.5966E+0	0E+0	0E+0
3.722348766592E+9	3.594E+0	1.5965E+0	0E+0	0E+0
3.722348772121E+9	3.59E+0	1.5966E+0	0E+0	0E+0
3.722348777152E+9	3.588E+0	1.5967E+0	0E+0	0E+0
3.722348782821E+9	3.588E+0	1.5967E+0	0E+0	0E+0
3.722348787852E+9	3.588E+0	1.5966E+0	0E+0	0E+0
3.722348793511E+9	3.59E+0	1.5966E+0	0E+0	0E+0
3.72234879855E+9	3.59E+0	1.5966E+0	0E+0	0E+0
3.722348804212E+9	3.59E+0	1.5966E+0	0E+0	0E+0
3.722348809251E+9	3.584E+0	1.5968E+0	0E+0	0E+0
3.72234881491E+9	3.588E+0	1.5967E+0	0E+0	0E+0
3.722348819952E+9	3.585E+0	1.5967E+0	0E+0	0E+0
3.722348825601E+9	3.591E+0	1.5966E+0	0E+0	0E+0
3.72234883064E+9	3.583E+0	1.5968E+0	0E+0	0E+0
3.7223488363E+9	3.581E+0	1.5969E+0	0E+0	0E+0
3.72234884134E+9	3.581E+0	1.5968E+0	0E+0	0E+0
3.722348847E+9	3.592E+0	1.5965E+0	0E+0	0E+0
3.722348852032E+9	3.586E+0	1.5967E+0	0E+0	0E+0
3.722348857692E+9	3.586E+0	1.5967E+0	0E+0	0E+0
3.722348862721E+9	3.584E+0	1.5968E+0	0E+0	0E+0
3.722348868392E+9	3.579E+0	1.5969E+0	0E+0	0E+0
3.722348873421E+9	3.575E+0	1.597E+0	0E+0	0E+0
3.722348879091E+9	3.581E+0	1.5969E+0	0E+0	0E+0
3.722348884121E+9	3.58E+0	1.5969E+0	0E+0	0E+0
3.722348889792E+9	3.575E+0	1.597E+0	0E+0	0E+0
3.722348894821E+9	3.579E+0	1.5969E+0	0E+0	0E+0
3.722348899852E+9	3.576E+0	1.597E+0	0E+0	0E+0
3.722348904891E+9	3.578E+0	1.5969E+0	0E+0	0E+0
3.722348909921E+9	3.577E+0	1.597E+0	0E+0	0E+0
3.722348914952E+9	3.578E+0	1.5969E+0	0E+0	0E+0
3.722348919991E+9	3.58E+0	1.5969E+0	0E+0	0E+0
3.722348925611E+9	3.58E+0	1.5969E+0	0E+0	0E+0
3.722348931272E+9	3.569E+0	1.5972E+0	0E+0	0E+0
3.722348936921E+9	3.581E+0	1.5969E+0	0E+0	0E+0
3.722348942582E+9	3.579E+0	1.5969E+0	0E+0	0E+0
3.722348948231E+9	3.571E+0	1.5971E+0	0E+0	0E+0
3.722348953921E+9	3.575E+0	1.597E+0	0E+0	0E+0
3.722348959531E+9	3.575E+0	1.597E+0	0E+0	0E+0
3.722348965192E+9	3.571E+0	1.5971E+0	0E+0	0E+0
3.722348970841E+9	3.573E+0	1.5971E+0	0E+0	0E+0
3.722348976491E+9	3.574E+0	1.597E+0	0E+0	0E+0
3.722348982152E+9	3.575E+0	1.597E+0	0E+0	0E+0
3.722348987802E+9	3.581E+0	1.5968E+0	0E+0	0E+0
3.722348993453E+9	3.575E+0	1.597E+0	0E+0	0E+0
3.722348999111E+9	3.572E+0	1.5971E+0	0E+0	0E+0
3.722349004762E+9	3.569E+0	1.5972E+0	0E+0	0E+0
3.722349010422E+9	3.572E+0	1.5971E+0	0E+0	0E+0
3.722349016101E+9	3.57E+0	1.5971E+0	0E+0	0E+0
3.722349021722E+9	3.572E+0	1.5971E+0	0E+0	0E+0
3.722349027371E+9	3.573E+0	1.5971E+0	0E+0	0E+0
3.722349033021E+9	3.577E+0	1.597E+0	0E+0	0E+0
3.722349038671E+9	3.568E+0	1.5972E+0	0E+0	0E+0
3.722349044322E+9	3.569E+0	1.5972E+0	0E+0	0E+0
3.722349049983E+9	3.568E+0	1.5972E+0	0E+0	0E+0
3.722349055633E+9	3.571E+0	1.5971E+0	0E+0	0E+0
3.722349061291E+9	3.568E+0	1.5972E+0	0E+0	0E+0
3.722349066953E+9	3.565E+0	1.5973E+0	0E+0	0E+0
3.722349072593E+9	3.565E+0	1.5973E+0	0E+0	0E+0
3.722349078253E+9	3.567E+0	1.5972E+0	0E+0	0E+0
3.722349083891E+9	3.57E+0	1.5972E+0	0E+0	0E+0
3.722349089561E+9	3.569E+0	1.5972E+0	0E+0	0E+0
3.722349095213E+9	3.565E+0	1.5973E+0	0E+0	0E+0
3.722349100862E+9	3.565E+0	1.5973E+0	0E+0	0E+0
3.722349106521E+9	3.565E+0	1.5973E+0	0E+0	0E+0
3.722349112192E+9	3.565E+0	1.5973E+0	0E+0	0E+0
3.722349117831E+9	3.558E+0	1.5975E+0	0E+0	0E+0
3.722349123493E+9	3.571E+0	1.5971E+0	0E+0	0E+0
3.722349129141E+9	3.564E+0	1.5973E+0	0E+0	0E+0
3.722349134822E+9	3.564E+0	1.5973E+0	0E+0	0E+0
3.722349140452E+9	3.563E+0	1.5973E+0	0E+0	0E+0
3.722349146102E+9	3.566E+0	1.5973E+0	0E+0	0E+0
3.722349151762E+9	3.563E+0	1.5973E+0	0E+0	0E+0
3.722349157442E+9	3.565E+0	1.5973E+0	0E+0	0E+0
3.722349163072E+9	3.561E+0	1.5974E+0	0E+0	0E+0
3.722349168712E+9	3.564E+0	1.5973E+0	0E+0	0E+0
3.722349174372E+9	3.558E+0	1.5975E+0	0E+0	0E+0
3.722349180023E+9	3.557E+0	1.5975E+0	0E+0	0E+0
3.722349185694E+9	3.564E+0	1.5974E+0	0E+0	0E+0
3.722349191334E+9	3.555E+0	1.5976E+0	0E+0	0E+0
3.722349196993E+9	3.564E+0	1.5973E+0	0E+0	0E+0
3.722349202033E+9	3.564E+0	1.5973E+0	0E+0	0E+0
3.722349207063E+9	3.555E+0	1.5976E+0	0E+0	0E+0
3.722349212103E+9	3.554E+0	1.5976E+0	0E+0	0E+0
3.722349217132E+9	3.56E+0	1.5974E+0	0E+0	0E+0
3.722349222162E+9	3.562E+0	1.5974E+0	0E+0	0E+0
3.722349227202E+9	3.552E+0	1.5976E+0	0E+0	0E+0
3.722349232613E+9	3.563E+0	1.5973E+0	0E+0	0E+0
3.722349237652E+9	3.558E+0	1.5975E+0	0E+0	0E+0
3.722349243312E+9	3.552E+0	1.5976E+0	0E+0	0E+0
3.722349248342E+9	3.553E+0	1.5976E+0	0E+0	0E+0
3.722349254013E+9	3.562E+0	1.5974E+0	0E+0	0E+0
3.722349259043E+9	3.554E+0	1.5976E+0	0E+0	0E+0
3.722349264703E+9	3.553E+0	1.5976E+0	0E+0	0E+0
3.722349269733E+9	3.554E+0	1.5976E+0	0E+0	0E+0
3.722349275413E+9	3.557E+0	1.5975E+0	0E+0	0E+0
3.722349280443E+9	3.551E+0	1.5977E+0	0E+0	0E+0
3.722349286103E+9	3.553E+0	1.5976E+0	0E+0	0E+0
3.722349291142E+9	3.553E+0	1.5976E+0	0E+0	0E+0
3.722349296803E+9	3.545E+0	1.5978E+0	0E+0	0E+0
3.722349301843E+9	3.549E+0	1.5977E+0	0E+0	0E+0
3.722349307503E+9	3.549E+0	1.5977E+0	0E+0	0E+0
3.722349312543E+9	3.553E+0	1.5976E+0	0E+0	0E+0
3.722349318194E+9	3.554E+0	1.5976E+0	0E+0	0E+0
3.722349323232E+9	3.551E+0	1.5976E+0	0E+0	0E+0
3.722349328894E+9	3.552E+0	1.5976E+0	0E+0	0E+0
3.722349333933E+9	3.546E+0	1.5978E+0	0E+0	0E+0
3.722349339594E+9	3.546E+0	1.5978E+0	0E+0	0E+0
3.722349344632E+9	3.552E+0	1.5976E+0	0E+0	0E+0
3.722349350294E+9	3.55E+0	1.5977E+0	0E+0	0E+0
3.722349355334E+9	3.548E+0	1.5977E+0	0E+0	0E+0
3.722349360993E+9	3.55E+0	1.5977E+0	0E+0	0E+0
3.722349366023E+9	3.551E+0	1.5977E+0	0E+0	0E+0
3.722349371694E+9	3.545E+0	1.5978E+0	0E+0	0E+0
3.722349376724E+9	3.545E+0	1.5978E+0	0E+0	0E+0
3.722349382423E+9	3.547E+0	1.5978E+0	0E+0	0E+0
3.722349387463E+9	3.546E+0	1.5978E+0	0E+0	0E+0
3.722349393123E+9	3.551E+0	1.5977E+0	0E+0	0E+0
3.722349398163E+9	3.551E+0	1.5977E+0	0E+0	0E+0
3.722349403823E+9	3.547E+0	1.5978E+0	0E+0	0E+0
3.722349408864E+9	3.547E+0	1.5978E+0	0E+0	0E+0
3.722349414524E+9	3.546E+0	1.5978E+0	0E+0	0E+0
3.722349419563E+9	3.552E+0	1.5976E+0	0E+0	0E+0
3.722349425223E+9	3.544E+0	1.5978E+0	0E+0	0E+0
3.722349430263E+9	3.543E+0	1.5979E+0	0E+0	0E+0
3.722349435923E+9	3.546E+0	1.5978E+0	0E+0	0E+0
3.722349440953E+9	3.551E+0	1.5977E+0	0E+0	0E+0
3.722349445993E+9	3.547E+0	1.5978E+0	0E+0	0E+0
3.722349451024E+9	3.549E+0	1.5977E+0	0E+0	0E+0
3.722349456063E+9	3.542E+0	1.5979E+0	0E+0	0E+0
3.722349461103E+9	3.543E+0	1.5979E+0	0E+0	0E+0
3.722349466133E+9	3.541E+0	1.5979E+0	0E+0	0E+0
3.722349471163E+9	3.548E+0	1.5977E+0	0E+0	0E+0
3.722349476253E+9	3.551E+0	1.5976E+0	0E+0	0E+0
3.722349481904E+9	3.554E+0	1.5976E+0	0E+0	0E+0
3.722349487563E+9	3.537E+0	1.598E+0	0E+0	0E+0
3.722349493214E+9	3.545E+0	1.5978E+0	0E+0	0E+0
3.722349498875E+9	3.541E+0	1.5979E+0	0E+0	0E+0
3.722349504524E+9	3.545E+0	1.5978E+0	0E+0	0E+0
3.722349510193E+9	3.546E+0	1.5978E+0	0E+0	0E+0
3.722349515843E+9	3.542E+0	1.5979E+0	0E+0	0E+0
3.722349521494E+9	3.541E+0	1.5979E+0	0E+0	0E+0
3.722349527144E+9	3.54E+0	1.5979E+0	0E+0	0E+0
3.722349532794E+9	3.537E+0	1.598E+0	0E+0	0E+0
3.722349538454E+9	3.549E+0	1.5977E+0	0E+0	0E+0
3.722349544114E+9	3.533E+0	1.5981E+0	0E+0	0E+0
3.722349549754E+9	3.541E+0	1.5979E+0	0E+0	0E+0
3.722349555413E+9	3.537E+0	1.598E+0	0E+0	0E+0
3.722349561065E+9	3.539E+0	1.598E+0	0E+0	0E+0
3.722349566723E+9	3.536E+0	1.5981E+0	0E+0	0E+0
3.722349572374E+9	3.541E+0	1.5979E+0	0E+0	0E+0
3.722349578034E+9	3.542E+0	1.5979E+0	0E+0	0E+0
3.722349583695E+9	3.539E+0	1.598E+0	0E+0	0E+0
3.722349589343E+9	3.539E+0	1.598E+0	0E+0	0E+0
3.722349594994E+9	3.54E+0	1.5979E+0	0E+0	0E+0
3.722349600663E+9	3.538E+0	1.598E+0	0E+0	0E+0
3.722349606315E+9	3.537E+0	1.598E+0	0E+0	0E+0
3.722349611354E+9	3.538E+0	1.598E+0	0E+0	0E+0
3.722349616384E+9	3.541E+0	1.5979E+0	0E+0	0E+0
3.722349621474E+9	3.539E+0	1.598E+0	0E+0	0E+0
3.722349627214E+9	3.544E+0	1.5978E+0	0E+0	0E+0
3.722349632865E+9	3.539E+0	1.598E+0	0E+0	0E+0
3.722349638534E+9	3.538E+0	1.598E+0	0E+0	0E+0
3.722349644174E+9	3.541E+0	1.5979E+0	0E+0	0E+0
3.722349649836E+9	3.542E+0	1.5979E+0	0E+0	0E+0
3.722349655474E+9	3.537E+0	1.598E+0	0E+0	0E+0
3.722349661134E+9	3.533E+0	1.5982E+0	0E+0	0E+0
3.722349666794E+9	3.539E+0	1.598E+0	0E+0	0E+0
3.722349672444E+9	3.535E+0	1.5981E+0	0E+0	0E+0
3.722349678096E+9	3.541E+0	1.5979E+0	0E+0	0E+0
3.722349683764E+9	3.54E+0	1.598E+0	0E+0	0E+0
3.722349689405E+9	3.539E+0	1.598E+0	0E+0	0E+0
3.722349695066E+9	3.534E+0	1.5981E+0	0E+0	0E+0
3.722349700725E+9	3.544E+0	1.5978E+0	0E+0	0E+0
3.722349706375E+9	3.539E+0	1.598E+0	0E+0	0E+0
3.722349712034E+9	3.541E+0	1.5979E+0	0E+0	0E+0
3.722349717696E+9	3.531E+0	1.5982E+0	0E+0	0E+0
3.722349723344E+9	3.531E+0	1.5982E+0	0E+0	0E+0
3.722349729006E+9	3.534E+0	1.5981E+0	0E+0	0E+0
3.722349734656E+9	3.537E+0	1.598E+0	0E+0	0E+0
3.722349740304E+9	3.532E+0	1.5982E+0	0E+0	0E+0
3.722349745965E+9	3.534E+0	1.5982E+0	0E+0	0E+0
3.722349751614E+9	3.531E+0	1.5982E+0	0E+0	0E+0
3.722349757275E+9	3.539E+0	1.598E+0	0E+0	0E+0
3.722349762915E+9	3.536E+0	1.598E+0	0E+0	0E+0
3.722349768574E+9	3.528E+0	1.5983E+0	0E+0	0E+0
3.722349774224E+9	3.539E+0	1.598E+0	0E+0	0E+0
3.722349779885E+9	3.54E+0	1.598E+0	0E+0	0E+0
3.722349785535E+9	3.529E+0	1.5983E+0	0E+0	0E+0
3.722349791185E+9	3.532E+0	1.5982E+0	0E+0	0E+0
3.722349796836E+9	3.528E+0	1.5983E+0	0E+0	0E+0
3.722349802496E+9	3.526E+0	1.5983E+0	0E+0	0E+0
3.722349808144E+9	3.527E+0	1.5983E+0	0E+0	0E+0
3.722349813795E+9	3.531E+0	1.5982E+0	0E+0	0E+0
3.722349819454E+9	3.524E+0	1.5984E+0	0E+0	0E+0
3.722349825116E+9	3.53E+0	1.5982E+0	0E+0	0E+0
3.722349830776E+9	3.536E+0	1.5981E+0	0E+0	0E+0
3.722349836434E+9	3.53E+0	1.5982E+0	0E+0	0E+0
3.722349842085E+9	3.532E+0	1.5982E+0	0E+0	0E+0
3.722349847735E+9	3.531E+0	1.5982E+0	0E+0	0E+0
3.722349853395E+9	3.531E+0	1.5982E+0	0E+0	0E+0
3.722349859045E+9	3.532E+0	1.5982E+0	0E+0	0E+0
3.722349864705E+9	3.528E+0	1.5983E+0	0E+0	0E+0
3.722349870345E+9	3.529E+0	1.5982E+0	0E+0	0E+0
3.722349876005E+9	3.528E+0	1.5983E+0	0E+0	0E+0
3.722349881655E+9	3.528E+0	1.5983E+0	0E+0	0E+0
3.722349887305E+9	3.53E+0	1.5982E+0	0E+0	0E+0
3.722349892966E+9	3.522E+0	1.5984E+0	0E+0	0E+0
3.722349898625E+9	3.536E+0	1.5981E+0	0E+0	0E+0
3.722349904276E+9	3.528E+0	1.5983E+0	0E+0	0E+0
3.722349909935E+9	3.525E+0	1.5984E+0	0E+0	0E+0
3.722349915577E+9	3.525E+0	1.5984E+0	0E+0	0E+0
3.722349921245E+9	3.533E+0	1.5981E+0	0E+0	0E+0
3.722349926896E+9	3.527E+0	1.5983E+0	0E+0	0E+0
3.722349932547E+9	3.525E+0	1.5983E+0	0E+0	0E+0
3.722349938195E+9	3.526E+0	1.5983E+0	0E+0	0E+0
3.722349943846E+9	3.523E+0	1.5983E+0	0E+0	0E+0
3.722349949495E+9	3.526E+0	1.5983E+0	0E+0	0E+0
3.722349955146E+9	3.53E+0	1.5982E+0	0E+0	0E+0
3.722349960805E+9	3.524E+0	1.5984E+0	0E+0	0E+0
3.722349966466E+9	3.529E+0	1.5983E+0	0E+0	0E+0
3.722349972116E+9	3.524E+0	1.5984E+0	0E+0	0E+0
3.722349977775E+9	3.523E+0	1.5984E+0	0E+0	0E+0
3.722349983426E+9	3.527E+0	1.5983E+0	0E+0	0E+0
3.722349989086E+9	3.525E+0	1.5983E+0	0E+0	0E+0
3.722349994735E+9	3.528E+0	1.5983E+0	0E+0	0E+0
3.722350000395E+9	3.523E+0	1.5984E+0	0E+0	0E+0
3.722350006045E+9	3.525E+0	1.5984E+0	0E+0	0E+0
3.722350011695E+9	3.526E+0	1.5983E+0	0E+0	0E+0
3.722350017356E+9	3.529E+0	1.5982E+0	0E+0	0E+0
3.722350023005E+9	3.518E+0	1.5985E+0	0E+0	0E+0
3.722350028665E+9	3.524E+0	1.5984E+0	0E+0	0E+0
3.722350034325E+9	3.523E+0	1.5984E+0	0E+0	0E+0
3.722350039976E+9	3.528E+0	1.5983E+0	0E+0	0E+0
3.722350045626E+9	3.519E+0	1.5985E+0	0E+0	0E+0
3.722350051286E+9	3.528E+0	1.5983E+0	0E+0	0E+0
3.722350056937E+9	3.526E+0	1.5983E+0	0E+0	0E+0
3.722350062607E+9	3.523E+0	1.5984E+0	0E+0	0E+0
3.722350068257E+9	3.528E+0	1.5983E+0	0E+0	0E+0
3.722350073905E+9	3.522E+0	1.5984E+0	0E+0	0E+0
3.722350079566E+9	3.529E+0	1.5983E+0	0E+0	0E+0
3.722350085216E+9	3.524E+0	1.5984E+0	0E+0	0E+0
3.722350090876E+9	3.523E+0	1.5984E+0	0E+0	0E+0
3.722350096566E+9	3.521E+0	1.5985E+0	0E+0	0E+0
3.722350102185E+9	3.522E+0	1.5984E+0	0E+0	0E+0
3.722350107836E+9	3.52E+0	1.5985E+0	0E+0	0E+0
3.722350113496E+9	3.521E+0	1.5985E+0	0E+0	0E+0
3.722350119146E+9	3.522E+0	1.5984E+0	0E+0	0E+0
3.722350124806E+9	3.525E+0	1.5984E+0	0E+0	0E+0
3.722350130446E+9	3.522E+0	1.5984E+0	0E+0	0E+0
3.722350136116E+9	3.522E+0	1.5984E+0	0E+0	0E+0
3.722350141756E+9	3.521E+0	1.5985E+0	0E+0	0E+0
3.722350147416E+9	3.526E+0	1.5983E+0	0E+0	0E+0
3.722350153056E+9	3.523E+0	1.5984E+0	0E+0	0E+0
3.722350158716E+9	3.519E+0	1.5985E+0	0E+0	0E+0
3.722350164366E+9	3.525E+0	1.5984E+0	0E+0	0E+0
3.722350170016E+9	3.519E+0	1.5985E+0	0E+0	0E+0
3.722350175676E+9	3.523E+0	1.5984E+0	0E+0	0E+0
3.722350181327E+9	3.522E+0	1.5984E+0	0E+0	0E+0
3.722350186986E+9	3.514E+0	1.5987E+0	0E+0	0E+0
3.722350192646E+9	3.525E+0	1.5984E+0	0E+0	0E+0
3.722350198306E+9	3.521E+0	1.5984E+0	0E+0	0E+0
3.722350203956E+9	3.524E+0	1.5984E+0	0E+0	0E+0
3.722350209606E+9	3.509E+0	1.5988E+0	0E+0	0E+0
3.722350215266E+9	3.521E+0	1.5985E+0	0E+0	0E+0
3.722350220926E+9	3.522E+0	1.5984E+0	0E+0	0E+0
3.722350226577E+9	3.517E+0	1.5986E+0	0E+0	0E+0
3.722350232237E+9	3.527E+0	1.5983E+0	0E+0	0E+0
3.722350237896E+9	3.518E+0	1.5986E+0	0E+0	0E+0
3.722350243536E+9	3.517E+0	1.5986E+0	0E+0	0E+0
3.722350249197E+9	3.513E+0	1.5987E+0	0E+0	0E+0
3.722350254846E+9	3.519E+0	1.5985E+0	0E+0	0E+0
3.722350260506E+9	3.516E+0	1.5986E+0	0E+0	0E+0
3.722350266167E+9	3.515E+0	1.5986E+0	0E+0	0E+0
3.722350271806E+9	3.519E+0	1.5985E+0	0E+0	0E+0
3.722350277466E+9	3.52E+0	1.5985E+0	0E+0	0E+0
3.722350283117E+9	3.521E+0	1.5985E+0	0E+0	0E+0
3.722350288777E+9	3.52E+0	1.5985E+0	0E+0	0E+0
3.722350293807E+9	3.515E+0	1.5986E+0	0E+0	0E+0
3.722350298837E+9	3.517E+0	1.5986E+0	0E+0	0E+0
3.722350304298E+9	3.519E+0	1.5985E+0	0E+0	0E+0
3.722350309937E+9	3.52E+0	1.5985E+0	0E+0	0E+0
3.722350315598E+9	3.518E+0	1.5985E+0	0E+0	0E+0
3.722350321237E+9	3.517E+0	1.5986E+0	0E+0	0E+0
3.722350326887E+9	3.518E+0	1.5985E+0	0E+0	0E+0
3.722350332526E+9	3.514E+0	1.5987E+0	0E+0	0E+0
3.722350338187E+9	3.522E+0	1.5984E+0	0E+0	0E+0
3.722350343827E+9	3.52E+0	1.5985E+0	0E+0	0E+0
3.722350349477E+9	3.52E+0	1.5986E+0	0E+0	0E+0
3.722350355117E+9	3.515E+0	1.5986E+0	0E+0	0E+0
3.722350360778E+9	3.522E+0	1.5984E+0	0E+0	0E+0
3.722350366417E+9	3.519E+0	1.5985E+0	0E+0	0E+0
3.722350372068E+9	3.513E+0	1.5987E+0	0E+0	0E+0
3.722350377717E+9	3.52E+0	1.5985E+0	0E+0	0E+0
3.722350383368E+9	3.517E+0	1.5986E+0	0E+0	0E+0
3.722350389027E+9	3.516E+0	1.5986E+0	0E+0	0E+0
3.722350394677E+9	3.522E+0	1.5984E+0	0E+0	0E+0
3.722350400318E+9	3.518E+0	1.5985E+0	0E+0	0E+0
3.722350405957E+9	3.518E+0	1.5985E+0	0E+0	0E+0
3.722350411607E+9	3.514E+0	1.5986E+0	0E+0	0E+0
3.722350417267E+9	3.513E+0	1.5987E+0	0E+0	0E+0
3.722350422307E+9	3.517E+0	1.5986E+0	0E+0	0E+0
3.722350427347E+9	3.519E+0	1.5985E+0	0E+0	0E+0
3.722350432377E+9	3.519E+0	1.5985E+0	0E+0	0E+0
3.722350437418E+9	3.519E+0	1.5985E+0	0E+0	0E+0
3.722350442517E+9	3.511E+0	1.5987E+0	0E+0	0E+0
3.722350447557E+9	3.517E+0	1.5986E+0	0E+0	0E+0
3.722350453217E+9	3.514E+0	1.5987E+0	0E+0	0E+0
3.722350458257E+9	3.517E+0	1.5986E+0	0E+0	0E+0
3.722350463918E+9	3.518E+0	1.5985E+0	0E+0	0E+0
3.722350468948E+9	3.519E+0	1.5985E+0	0E+0	0E+0
3.722350474649E+9	3.523E+0	1.5984E+0	0E+0	0E+0
3.722350479677E+9	3.514E+0	1.5986E+0	0E+0	0E+0
3.722350485338E+9	3.514E+0	1.5986E+0	0E+0	0E+0
3.722350490378E+9	3.517E+0	1.5986E+0	0E+0	0E+0
3.722350496038E+9	3.519E+0	1.5985E+0	0E+0	0E+0
3.722350501068E+9	3.51E+0	1.5988E+0	0E+0	0E+0
3.722350506749E+9	3.519E+0	1.5985E+0	0E+0	0E+0
3.722350511777E+9	3.518E+0	1.5986E+0	0E+0	0E+0
3.722350517447E+9	3.514E+0	1.5987E+0	0E+0	0E+0
3.722350522487E+9	3.517E+0	1.5986E+0	0E+0	0E+0
3.722350528139E+9	3.525E+0	1.5984E+0	0E+0	0E+0
3.722350533178E+9	3.519E+0	1.5985E+0	0E+0	0E+0
3.722350538849E+9	3.518E+0	1.5985E+0	0E+0	0E+0
3.722350543888E+9	3.512E+0	1.5987E+0	0E+0	0E+0
3.722350549548E+9	3.515E+0	1.5986E+0	0E+0	0E+0
3.722350554578E+9	3.515E+0	1.5986E+0	0E+0	0E+0
3.722350560248E+9	3.518E+0	1.5985E+0	0E+0	0E+0
3.722350565287E+9	3.512E+0	1.5987E+0	0E+0	0E+0
3.722350570947E+9	3.51E+0	1.5988E+0	0E+0	0E+0
3.722350575977E+9	3.515E+0	1.5986E+0	0E+0	0E+0
3.722350581639E+9	3.519E+0	1.5985E+0	0E+0	0E+0
3.722350586678E+9	3.519E+0	1.5985E+0	0E+0	0E+0
3.722350592329E+9	3.518E+0	1.5985E+0	0E+0	0E+0
3.722350597359E+9	3.513E+0	1.5987E+0	0E+0	0E+0
3.722350603028E+9	3.515E+0	1.5986E+0	0E+0	0E+0
3.722350608068E+9	3.511E+0	1.5987E+0	0E+0	0E+0
3.722350613728E+9	3.52E+0	1.5985E+0	0E+0	0E+0
3.722350618769E+9	3.515E+0	1.5986E+0	0E+0	0E+0
3.722350624439E+9	3.519E+0	1.5985E+0	0E+0	0E+0
3.722350629479E+9	3.52E+0	1.5985E+0	0E+0	0E+0
3.722350635138E+9	3.513E+0	1.5987E+0	0E+0	0E+0
3.722350640178E+9	3.52E+0	1.5985E+0	0E+0	0E+0
3.722350645838E+9	3.518E+0	1.5986E+0	0E+0	0E+0
3.722350650868E+9	3.516E+0	1.5986E+0	0E+0	0E+0
3.722350656528E+9	3.514E+0	1.5986E+0	0E+0	0E+0
3.722350661558E+9	3.512E+0	1.5987E+0	0E+0	0E+0
3.722350667229E+9	3.521E+0	1.5985E+0	0E+0	0E+0
3.722350672269E+9	3.516E+0	1.5986E+0	0E+0	0E+0
3.722350677928E+9	3.516E+0	1.5986E+0	0E+0	0E+0
3.722350682958E+9	3.511E+0	1.5987E+0	0E+0	0E+0
3.722350688618E+9	3.51E+0	1.5987E+0	0E+0	0E+0
3.722350693658E+9	3.521E+0	1.5985E+0	0E+0	0E+0
3.722350699308E+9	3.516E+0	1.5986E+0	0E+0	0E+0
3.722350704339E+9	3.516E+0	1.5986E+0	0E+0	0E+0
3.722350710048E+9	3.513E+0	1.5987E+0	0E+0	0E+0
3.722350715099E+9	3.516E+0	1.5986E+0	0E+0	0E+0
3.722350720698E+9	3.515E+0	1.5986E+0	0E+0	0E+0
3.722350725728E+9	3.512E+0	1.5987E+0	0E+0	0E+0
3.722350731399E+9	3.514E+0	1.5987E+0	0E+0	0E+0
3.722350736439E+9	3.521E+0	1.5985E+0	0E+0	0E+0
3.722350741469E+9	3.519E+0	1.5985E+0	0E+0	0E+0
3.722350746499E+9	3.511E+0	1.5987E+0	0E+0	0E+0
3.722350751529E+9	3.516E+0	1.5986E+0	0E+0	0E+0
3.722350756559E+9	3.514E+0	1.5987E+0	0E+0	0E+0
3.722350761598E+9	3.514E+0	1.5987E+0	0E+0	0E+0
3.722350766638E+9	3.514E+0	1.5987E+0	0E+0	0E+0
3.722350771668E+9	3.511E+0	1.5987E+0	0E+0	0E+0
3.722350776699E+9	3.517E+0	1.5986E+0	0E+0	0E+0
3.722350781739E+9	3.516E+0	1.5986E+0	0E+0	0E+0
3.722350786769E+9	3.516E+0	1.5986E+0	0E+0	0E+0
3.7223507918E+9	3.512E+0	1.5987E+0	0E+0	0E+0
3.72235079684E+9	3.512E+0	1.5987E+0	0E+0	0E+0
3.722350801879E+9	3.516E+0	1.5986E+0	0E+0	0E+0
3.722350806909E+9	3.518E+0	1.5985E+0	0E+0	0E+0
3.722350811948E+9	3.513E+0	1.5987E+0	0E+0	0E+0
3.722350816979E+9	3.51E+0	1.5988E+0	0E+0	0E+0
3.722350822009E+9	3.515E+0	1.5986E+0	0E+0	0E+0
3.722350827039E+9	3.515E+0	1.5986E+0	0E+0	0E+0
3.722350832079E+9	3.513E+0	1.5987E+0	0E+0	0E+0
3.72235083711E+9	3.517E+0	1.5986E+0	0E+0	0E+0
3.722350842149E+9	3.519E+0	1.5985E+0	0E+0	0E+0
3.722350847179E+9	3.514E+0	1.5986E+0	0E+0	0E+0
3.722350852269E+9	3.517E+0	1.5986E+0	0E+0	0E+0
