#2020-11-30
#12:41
#Balayage par: Administrateur
#ScanTask Size: 1451

#Instrument: Triax320@Triax320.lvclass Function:Position (nm); Parameters:*BeforeWait(ms):0*AfterWait(ms):0; Grating#: 0; Line Density(Grv/mm): 1800; Blaze: 400nm; Input Slit(mm): 0.100; Output Slit(mm): 0.200;
#Instrument: SR530@SR530.lvclass Function:Read Mag & Phase (V,°); Parameters:*BeforeWait(ms):1000*AfterWait(ms):0BandFilter: On; LineFilter1x: On; LineFilter2x: On; Expand Ch1: Off; Expand Ch2: Off; Sensitivity: 10 mV; Pre Time: 300 ms; Post Time: 0.1 s; Dynamic Res.: Low; Reference Trigger: Symmetric; Channels Settings: R, Teta; Frequency: 320.000000; 

#Triax320.Position(nm)         	SR530.Mag(V)                  	SR530.Phase(°)                
310.02E+0	0E+0	0E+0
310.2028E+0	0E+0	0E+0
310.3855333333E+0	0E+0	0E+0
310.6138666667E+0	0E+0	0E+0
310.7966666667E+0	0E+0	0E+0
310.9793333333E+0	0E+0	0E+0
311.2077333333E+0	0E+0	0E+0
311.3904E+0	0E+0	0E+0
311.6187333333E+0	0E+0	0E+0
311.8014666667E+0	0E+0	0E+0
311.984E+0	0E+0	0E+0
312.2124E+0	0E+0	0E+0
312.3950666667E+0	0E+0	0E+0
312.5776E+0	0E+0	0E+0
312.8059333333E+0	0E+0	0E+0
312.9885333333E+0	0E+0	0E+0
313.2168E+0	15E-6	0E+0
313.3993333333E+0	15E-6	0E+0
313.5819333333E+0	0E+0	0E+0
313.8101333333E+0	0E+0	0E+0
313.9926666667E+0	0E+0	0E+0
314.2208E+0	0E+0	0E+0
314.4034666667E+0	0E+0	0E+0
314.5859333333E+0	0E+0	0E+0
314.814E+0	0E+0	0E+0
314.9965333333E+0	0E+0	0E+0
315.1790666667E+0	0E+0	0E+0
315.4072E+0	0E+0	0E+0
315.5896666667E+0	0E+0	0E+0
315.8177333333E+0	0E+0	0E+0
316.0001333333E+0	0E+0	0E+0
316.1826E+0	0E+0	0E+0
316.4106666667E+0	0E+0	0E+0
316.5930666667E+0	0E+0	0E+0
316.821E+0	0E+0	0E+0
317.0034666667E+0	0E+0	0E+0
317.1858E+0	0E+0	0E+0
317.4137333333E+0	0E+0	0E+0
317.5961333333E+0	0E+0	0E+0
317.7785333333E+0	0E+0	0E+0
318.0064666667E+0	0E+0	0E+0
318.1888E+0	0E+0	0E+0
318.4166666667E+0	0E+0	0E+0
318.5989333333E+0	0E+0	0E+0
318.7812666667E+0	0E+0	0E+0
319.0091333333E+0	0E+0	0E+0
319.1914666667E+0	0E+0	0E+0
319.4192666667E+0	0E+0	0E+0
319.6015333333E+0	0E+0	0E+0
319.7837333333E+0	0E+0	0E+0
320.0116E+0	0E+0	0E+0
320.1937333333E+0	0E+0	0E+0
320.4215333333E+0	0E+0	0E+0
320.6037333333E+0	0E+0	0E+0
320.7859333333E+0	0E+0	0E+0
321.0136E+0	0E+0	0E+0
321.1958666667E+0	0E+0	0E+0
321.378E+0	0E+0	0E+0
321.6057333333E+0	0E+0	0E+0
321.7878666667E+0	0E+0	0E+0
322.0154666667E+0	0E+0	0E+0
322.1976E+0	0E+0	0E+0
322.3797333333E+0	0E+0	0E+0
322.6073333333E+0	0E+0	0E+0
322.7894666667E+0	0E+0	0E+0
323.0170666667E+0	0E+0	0E+0
323.1990666667E+0	0E+0	0E+0
323.3811333333E+0	0E+0	0E+0
323.6086666667E+0	0E+0	0E+0
323.7907333333E+0	0E+0	0E+0
324.0182666667E+0	0E+0	0E+0
324.2002666667E+0	0E+0	0E+0
324.3822666667E+0	0E+0	0E+0
324.6097333333E+0	0E+0	0E+0
324.7917333333E+0	0E+0	0E+0
325.0192E+0	0E+0	0E+0
325.2011333333E+0	0E+0	0E+0
325.3830666667E+0	0E+0	0E+0
325.6105333333E+0	0E+0	0E+0
325.7924666667E+0	0E+0	0E+0
326.0198E+0	0E+0	0E+0
326.2017333333E+0	0E+0	0E+0
326.3836E+0	0E+0	0E+0
326.6109333333E+0	0E+0	0E+0
326.7928E+0	0E+0	0E+0
327.0201333333E+0	0E+0	0E+0
327.202E+0	0E+0	0E+0
327.3838666667E+0	0E+0	0E+0
327.6111333333E+0	0E+0	0E+0
327.7929333333E+0	0E+0	0E+0
328.0202E+0	0E+0	0E+0
328.202E+0	0E+0	0E+0
328.3837333333E+0	0E+0	0E+0
328.6109333333E+0	0E+0	0E+0
328.7926666667E+0	0E+0	0E+0
329.0198666667E+0	0E+0	0E+0
329.2016E+0	0E+0	0E+0
329.3834666667E+0	0E+0	0E+0
329.6105333333E+0	0E+0	0E+0
329.7922E+0	0E+0	0E+0
330.0193333333E+0	0E+0	0E+0
330.2010666667E+0	0E+0	0E+0
330.3826666667E+0	0E+0	0E+0
330.6097333333E+0	0E+0	0E+0
330.7913333333E+0	0E+0	0E+0
331.0184E+0	0E+0	0E+0
331.2001333333E+0	0E+0	0E+0
331.3816666667E+0	0E+0	0E+0
331.6086666667E+0	0E+0	0E+0
331.7902666667E+0	0E+0	0E+0
332.0173333333E+0	0E+0	0E+0
332.1988E+0	0E+0	0E+0
332.3804E+0	0E+0	0E+0
332.6073333333E+0	0E+0	0E+0
332.7889333333E+0	0E+0	0E+0
333.0157333333E+0	0E+0	0E+0
333.1972666667E+0	0E+0	0E+0
333.3788E+0	0E+0	0E+0
333.6057333333E+0	0E+0	0E+0
333.7872E+0	0E+0	0E+0
334.014E+0	0E+0	0E+0
334.1954666667E+0	0E+0	0E+0
334.4222666667E+0	78E-6	-63.15E+0
334.6036E+0	0E+0	0E+0
334.7851333333E+0	0E+0	0E+0
335.0118666667E+0	0E+0	0E+0
335.1932666667E+0	0E+0	0E+0
335.42E+0	0E+0	0E+0
335.6013333333E+0	0E+0	0E+0
335.7828E+0	0E+0	0E+0
336.0094666667E+0	0E+0	0E+0
336.1908E+0	0E+0	0E+0
336.4174666667E+0	0E+0	0E+0
336.5988E+0	0E+0	0E+0
336.7801333333E+0	0E+0	0E+0
337.0067333333E+0	0E+0	0E+0
337.188E+0	0E+0	0E+0
337.4146E+0	0E+0	0E+0
337.5959333333E+0	0E+0	0E+0
337.8224666667E+0	0E+0	0E+0
338.0037333333E+0	0E+0	0E+0
338.1849333333E+0	0E+0	0E+0
338.4114666667E+0	0E+0	0E+0
338.5926666667E+0	0E+0	0E+0
338.8192E+0	0E+0	0E+0
339.0003333333E+0	0E+0	0E+0
339.1815333333E+0	0E+0	0E+0
339.408E+0	0E+0	0E+0
339.5892E+0	0E+0	0E+0
339.8156E+0	0E+0	0E+0
339.9966666667E+0	0E+0	0E+0
340.1778666667E+0	0E+0	0E+0
340.4042E+0	0E+0	0E+0
340.5853333333E+0	0E+0	0E+0
340.8116666667E+0	0E+0	0E+0
340.9926666667E+0	0E+0	0E+0
341.2190666667E+0	0E+0	0E+0
341.4001333333E+0	0E+0	0E+0
341.5811333333E+0	0E+0	0E+0
341.8074666667E+0	0E+0	0E+0
341.9884E+0	0E+0	0E+0
342.2146666667E+0	0E+0	0E+0
342.3957333333E+0	0E+0	0E+0
342.6218666667E+0	0E+0	0E+0
342.8028666667E+0	0E+0	0E+0
342.9838666667E+0	0E+0	0E+0
343.21E+0	0E+0	0E+0
343.3909333333E+0	0E+0	0E+0
343.6171333333E+0	0E+0	0E+0
343.798E+0	0E+0	0E+0
343.9789333333E+0	0E+0	0E+0
344.2050666667E+0	0E+0	0E+0
344.3859333333E+0	0E+0	0E+0
344.612E+0	0E+0	0E+0
344.7928E+0	0E+0	0E+0
345.0188666667E+0	0E+0	0E+0
345.1997333333E+0	0E+0	0E+0
345.3806E+0	0E+0	0E+0
345.6066E+0	0E+0	0E+0
345.7873333333E+0	0E+0	0E+0
346.0133333333E+0	0E+0	0E+0
346.1941333333E+0	0E+0	0E+0
346.4201333333E+0	0E+0	0E+0
346.6008E+0	0E+0	0E+0
346.7815333333E+0	0E+0	0E+0
347.0074666667E+0	0E+0	0E+0
347.1881333333E+0	0E+0	0E+0
347.414E+0	0E+0	0E+0
347.5946666667E+0	0E+0	0E+0
347.8206E+0	0E+0	0E+0
348.0012666667E+0	0E+0	0E+0
348.1819333333E+0	0E+0	0E+0
348.4077333333E+0	0E+0	0E+0
348.5884E+0	0E+0	0E+0
348.8141333333E+0	0E+0	0E+0
348.9948E+0	0E+0	0E+0
349.2204E+0	0E+0	0E+0
349.4010666667E+0	0E+0	0E+0
349.5816E+0	0E+0	0E+0
349.8073333333E+0	0E+0	0E+0
349.9878666667E+0	0E+0	0E+0
350.2135333333E+0	0E+0	0E+0
350.394E+0	0E+0	0E+0
350.6197333333E+0	0E+0	0E+0
350.8001333333E+0	0E+0	0E+0
350.9806666667E+0	0E+0	0E+0
351.2064E+0	0E+0	0E+0
351.3868E+0	0E+0	0E+0
351.6123333333E+0	0E+0	0E+0
351.7928E+0	0E+0	0E+0
352.0183333333E+0	0E+0	0E+0
352.1986666667E+0	0E+0	0E+0
352.3791333333E+0	0E+0	0E+0
352.6046666667E+0	0E+0	0E+0
352.7849333333E+0	0E+0	0E+0
353.0104666667E+0	0E+0	0E+0
353.1908666667E+0	0E+0	0E+0
353.4162666667E+0	0E+0	0E+0
353.5966666667E+0	0E+0	0E+0
353.822E+0	0E+0	0E+0
354.0023333333E+0	0E+0	0E+0
354.1826666667E+0	0E+0	0E+0
354.408E+0	0E+0	0E+0
354.5882666667E+0	0E+0	0E+0
354.8136E+0	0E+0	0E+0
354.9938E+0	0E+0	0E+0
355.2191333333E+0	0E+0	0E+0
355.3993333333E+0	0E+0	0E+0
355.5796E+0	0E+0	0E+0
355.8048E+0	0E+0	0E+0
355.9850666667E+0	0E+0	0E+0
356.2102666667E+0	0E+0	0E+0
356.3904666667E+0	0E+0	0E+0
356.6156E+0	0E+0	0E+0
356.7957333333E+0	0E+0	0E+0
357.0209333333E+0	0E+0	0E+0
357.201E+0	0E+0	0E+0
357.3812E+0	0E+0	0E+0
357.6062666667E+0	0E+0	0E+0
357.7863333333E+0	0E+0	0E+0
358.0114666667E+0	0E+0	0E+0
358.1914666667E+0	0E+0	0E+0
358.4165333333E+0	0E+0	0E+0
358.5966E+0	0E+0	0E+0
358.8216E+0	0E+0	0E+0
359.0016E+0	0E+0	0E+0
359.1816E+0	0E+0	0E+0
359.4066E+0	0E+0	0E+0
359.5866E+0	0E+0	0E+0
359.8115333333E+0	0E+0	0E+0
359.9914666667E+0	0E+0	0E+0
360.2164E+0	0E+0	0E+0
360.3963333333E+0	0E+0	0E+0
360.6212E+0	0E+0	0E+0
360.8011333333E+0	0E+0	0E+0
360.981E+0	0E+0	0E+0
361.2058666667E+0	0E+0	0E+0
361.3857333333E+0	0E+0	0E+0
361.6105333333E+0	0E+0	0E+0
361.7904E+0	0E+0	0E+0
362.0151333333E+0	0E+0	0E+0
362.1949333333E+0	0E+0	0E+0
362.4197333333E+0	0E+0	0E+0
362.5994666667E+0	0E+0	0E+0
362.7793333333E+0	0E+0	0E+0
363.004E+0	0E+0	0E+0
363.1837333333E+0	0E+0	0E+0
363.4084E+0	0E+0	0E+0
363.5881333333E+0	0E+0	0E+0
363.8128E+0	0E+0	0E+0
363.9924666667E+0	0E+0	0E+0
364.2171333333E+0	0E+0	0E+0
364.3968E+0	0E+0	0E+0
364.6213333333E+0	0E+0	0E+0
364.8010666667E+0	0E+0	0E+0
364.9806666667E+0	0E+0	0E+0
365.2052E+0	1.995E-3	-72.75E+0
365.3848666667E+0	1.725E-3	-71.05E+0
365.6093333333E+0	325E-6	-78.9E+0
365.7889333333E+0	1.28E-3	-71.3E+0
366.0133333333E+0	118E-6	-72.25E+0
366.1929333333E+0	0E+0	0E+0
366.4174666667E+0	88E-6	-76.75E+0
366.597E+0	1.02E-3	-72.3E+0
366.8213333333E+0	95E-6	-72.05E+0
367.0009333333E+0	0E+0	0E+0
367.1804E+0	0E+0	0E+0
367.4048E+0	0E+0	0E+0
367.5842666667E+0	0E+0	0E+0
367.8086E+0	0E+0	0E+0
367.988E+0	0E+0	0E+0
368.2124E+0	0E+0	0E+0
368.3918E+0	0E+0	0E+0
368.616E+0	0E+0	0E+0
368.7954666667E+0	0E+0	0E+0
369.0196666667E+0	0E+0	0E+0
369.1990666667E+0	0E+0	0E+0
369.3784E+0	0E+0	0E+0
369.6026666667E+0	0E+0	0E+0
369.782E+0	0E+0	0E+0
370.0061333333E+0	0E+0	0E+0
370.1854666667E+0	0E+0	0E+0
370.4096E+0	0E+0	0E+0
370.5888E+0	0E+0	0E+0
370.8129333333E+0	0E+0	0E+0
370.9922E+0	0E+0	0E+0
371.2162666667E+0	0E+0	0E+0
371.3956E+0	0E+0	0E+0
371.6196E+0	0E+0	0E+0
371.7988E+0	0E+0	0E+0
371.9781333333E+0	0E+0	0E+0
372.202E+0	0E+0	0E+0
372.3812E+0	0E+0	0E+0
372.6052E+0	0E+0	0E+0
372.7842666667E+0	0E+0	0E+0
373.0082666667E+0	0E+0	0E+0
373.1873333333E+0	0E+0	0E+0
373.4113333333E+0	0E+0	0E+0
373.5903333333E+0	0E+0	0E+0
373.8142E+0	0E+0	0E+0
373.9932666667E+0	0E+0	0E+0
374.2171333333E+0	0E+0	0E+0
374.3961333333E+0	0E+0	0E+0
374.62E+0	0E+0	0E+0
374.7990666667E+0	0E+0	0E+0
374.978E+0	0E+0	0E+0
375.2018E+0	0E+0	0E+0
375.3808E+0	0E+0	0E+0
375.6045333333E+0	0E+0	0E+0
375.7834666667E+0	0E+0	0E+0
376.0071333333E+0	0E+0	0E+0
376.1861333333E+0	0E+0	0E+0
376.4097333333E+0	0E+0	0E+0
376.5886666667E+0	0E+0	0E+0
376.8122E+0	0E+0	0E+0
376.9912E+0	0E+0	0E+0
377.2148E+0	0E+0	0E+0
377.3936E+0	0E+0	0E+0
377.6172E+0	0E+0	0E+0
377.796E+0	0E+0	0E+0
378.0195333333E+0	0E+0	0E+0
378.1983333333E+0	0E+0	0E+0
378.4218666667E+0	0E+0	0E+0
378.6006E+0	0E+0	0E+0
378.7794666667E+0	0E+0	0E+0
379.0028666667E+0	0E+0	0E+0
379.1816E+0	0E+0	0E+0
379.4049333333E+0	0E+0	0E+0
379.5836666667E+0	0E+0	0E+0
379.8071333333E+0	0E+0	0E+0
379.9858E+0	0E+0	0E+0
380.2091333333E+0	0E+0	0E+0
380.3878E+0	0E+0	0E+0
380.6110666667E+0	0E+0	0E+0
380.7897333333E+0	0E+0	0E+0
381.0130666667E+0	0E+0	0E+0
381.1916E+0	0E+0	0E+0
381.4148E+0	0E+0	0E+0
381.5934666667E+0	0E+0	0E+0
381.8168E+0	0E+0	0E+0
381.9953333333E+0	0E+0	0E+0
382.2184666667E+0	0E+0	0E+0
382.397E+0	0E+0	0E+0
382.6201333333E+0	0E+0	0E+0
382.7986666667E+0	0E+0	0E+0
383.0218E+0	0E+0	0E+0
383.2002666667E+0	0E+0	0E+0
383.3788E+0	0E+0	0E+0
383.6018666667E+0	0E+0	0E+0
383.7802666667E+0	0E+0	0E+0
384.0033333333E+0	0E+0	0E+0
384.1817333333E+0	0E+0	0E+0
384.4046666667E+0	0E+0	0E+0
384.5832E+0	0E+0	0E+0
384.8061333333E+0	0E+0	0E+0
384.9845333333E+0	0E+0	0E+0
385.2073333333E+0	0E+0	0E+0
385.3857333333E+0	0E+0	0E+0
385.6086666667E+0	0E+0	0E+0
385.787E+0	0E+0	0E+0
386.0098666667E+0	0E+0	0E+0
386.1881333333E+0	0E+0	0E+0
386.4109333333E+0	0E+0	0E+0
386.5892E+0	0E+0	0E+0
386.812E+0	0E+0	0E+0
386.9902666667E+0	0E+0	0E+0
387.2130666667E+0	0E+0	0E+0
387.3913333333E+0	0E+0	0E+0
387.614E+0	0E+0	0E+0
387.7921333333E+0	0E+0	0E+0
388.0148E+0	0E+0	0E+0
388.1930666667E+0	0E+0	0E+0
388.4157333333E+0	0E+0	0E+0
388.5938666667E+0	0E+0	0E+0
388.8165333333E+0	0E+0	0E+0
388.9946666667E+0	0E+0	0E+0
389.2172E+0	0E+0	0E+0
389.3953333333E+0	0E+0	0E+0
389.6178666667E+0	0E+0	0E+0
389.796E+0	0E+0	0E+0
390.0184666667E+0	0E+0	0E+0
390.1964E+0	0E+0	0E+0
390.419E+0	0E+0	0E+0
390.597E+0	0E+0	0E+0
390.8194666667E+0	8E-6	0E+0
390.9974666667E+0	0E+0	0E+0
391.2198666667E+0	0E+0	0E+0
391.3978E+0	0E+0	0E+0
391.6202E+0	0E+0	0E+0
391.7981333333E+0	0E+0	0E+0
392.0205333333E+0	0E+0	0E+0
392.1984E+0	0E+0	0E+0
392.4206666667E+0	0E+0	0E+0
392.5986E+0	0E+0	0E+0
392.8209333333E+0	0E+0	0E+0
392.9986666667E+0	0E+0	0E+0
393.221E+0	0E+0	0E+0
393.3988E+0	0E+0	0E+0
393.6210666667E+0	0E+0	0E+0
393.7988E+0	0E+0	0E+0
394.0210666667E+0	0E+0	0E+0
394.1988E+0	0E+0	0E+0
394.421E+0	0E+0	0E+0
394.5986666667E+0	0E+0	0E+0
394.8208E+0	0E+0	0E+0
394.9985333333E+0	0E+0	0E+0
395.2206666667E+0	0E+0	0E+0
395.3982666667E+0	0E+0	0E+0
395.6204E+0	0E+0	0E+0
395.798E+0	0E+0	0E+0
396.02E+0	0E+0	0E+0
396.1976666667E+0	0E+0	0E+0
396.4197333333E+0	0E+0	0E+0
396.5972666667E+0	0E+0	0E+0
396.8193333333E+0	0E+0	0E+0
396.9968E+0	0E+0	0E+0
397.2188E+0	0E+0	0E+0
397.3963333333E+0	0E+0	0E+0
397.6181333333E+0	0E+0	0E+0
397.7957333333E+0	0E+0	0E+0
398.0176E+0	0E+0	0E+0
398.1950666667E+0	0E+0	0E+0
398.4168E+0	0E+0	0E+0
398.5943333333E+0	0E+0	0E+0
398.8161333333E+0	0E+0	0E+0
398.9936E+0	0E+0	0E+0
399.2153333333E+0	0E+0	0E+0
399.3926666667E+0	0E+0	0E+0
399.6144666667E+0	0E+0	0E+0
399.7918666667E+0	0E+0	0E+0
400.0134666667E+0	0E+0	0E+0
400.1908666667E+0	0E+0	0E+0
400.4125333333E+0	0E+0	0E+0
400.5898666667E+0	0E+0	0E+0
400.8114666667E+0	0E+0	0E+0
400.9888E+0	0E+0	0E+0
401.2104E+0	0E+0	0E+0
401.3876666667E+0	0E+0	0E+0
401.6092E+0	0E+0	0E+0
401.7864E+0	0E+0	0E+0
402.008E+0	0E+0	0E+0
402.1852E+0	0E+0	0E+0
402.4066666667E+0	0E+0	0E+0
402.5838E+0	0E+0	0E+0
402.8053333333E+0	0E+0	0E+0
402.9824666667E+0	0E+0	0E+0
403.2038666667E+0	0E+0	0E+0
403.381E+0	0E+0	0E+0
403.6024E+0	0E+0	0E+0
403.7794666667E+0	0E+0	0E+0
404.0008E+0	0E+0	0E+0
404.1778666667E+0	0E+0	0E+0
404.3992E+0	0E+0	0E+0
404.6205333333E+0	75E-6	-90E+0
404.7975333333E+0	4.973E-3	-66.9E+0
405.0188E+0	1.38E-3	-73.6E+0
405.1958E+0	83E-6	-72.9E+0
405.417E+0	0E+0	0E+0
405.594E+0	0E+0	0E+0
405.8152E+0	0E+0	0E+0
405.9921333333E+0	0E+0	0E+0
406.2132666667E+0	0E+0	0E+0
406.3901333333E+0	0E+0	0E+0
406.6113333333E+0	0E+0	0E+0
406.7882666667E+0	0E+0	0E+0
407.0093333333E+0	0E+0	0E+0
407.1862E+0	0E+0	0E+0
407.4072666667E+0	0E+0	0E+0
407.5841333333E+0	0E+0	0E+0
407.8051333333E+0	728E-6	-73.85E+0
407.9819333333E+0	638E-6	-72.45E+0
408.2028666667E+0	40E-6	-71.8E+0
408.3796666667E+0	0E+0	0E+0
408.6006E+0	0E+0	0E+0
408.8216E+0	0E+0	0E+0
408.9982666667E+0	0E+0	0E+0
409.2192E+0	0E+0	0E+0
409.3958666667E+0	0E+0	0E+0
409.6166666667E+0	0E+0	0E+0
409.7933333333E+0	0E+0	0E+0
410.0142E+0	0E+0	0E+0
410.1908666667E+0	0E+0	0E+0
410.4116666667E+0	0E+0	0E+0
410.5882666667E+0	0E+0	0E+0
410.809E+0	0E+0	0E+0
410.9856666667E+0	0E+0	0E+0
411.2064E+0	0E+0	0E+0
411.3829333333E+0	0E+0	0E+0
411.6036E+0	0E+0	0E+0
411.7801333333E+0	0E+0	0E+0
412.0008E+0	0E+0	0E+0
412.2213333333E+0	0E+0	0E+0
412.3979333333E+0	0E+0	0E+0
412.6185333333E+0	0E+0	0E+0
412.7949333333E+0	0E+0	0E+0
413.0154666667E+0	0E+0	0E+0
413.1919333333E+0	0E+0	0E+0
413.4124666667E+0	0E+0	0E+0
413.5888666667E+0	0E+0	0E+0
413.8093333333E+0	0E+0	0E+0
413.9858E+0	0E+0	0E+0
414.2062E+0	0E+0	0E+0
414.3826E+0	0E+0	0E+0
414.6029333333E+0	0E+0	0E+0
414.7793333333E+0	0E+0	0E+0
414.9996E+0	0E+0	0E+0
415.22E+0	0E+0	0E+0
415.3964E+0	0E+0	0E+0
415.6166666667E+0	0E+0	0E+0
415.7929333333E+0	15E-6	0E+0
416.0132666667E+0	0E+0	0E+0
416.1894666667E+0	0E+0	0E+0
416.4096666667E+0	0E+0	0E+0
416.5858E+0	0E+0	0E+0
416.8061333333E+0	0E+0	0E+0
416.9822666667E+0	0E+0	0E+0
417.2024E+0	0E+0	0E+0
417.3785333333E+0	0E+0	0E+0
417.5986666667E+0	0E+0	0E+0
417.8188666667E+0	0E+0	0E+0
417.9949333333E+0	0E+0	0E+0
418.215E+0	0E+0	0E+0
418.3911333333E+0	0E+0	0E+0
418.6112E+0	0E+0	0E+0
418.7871333333E+0	0E+0	0E+0
419.0071333333E+0	0E+0	0E+0
419.1832E+0	0E+0	0E+0
419.4032E+0	0E+0	0E+0
419.5791333333E+0	0E+0	0E+0
419.7990666667E+0	0E+0	0E+0
420.019E+0	0E+0	0E+0
420.1949333333E+0	0E+0	0E+0
420.4148666667E+0	0E+0	0E+0
420.5908E+0	0E+0	0E+0
420.8106E+0	0E+0	0E+0
420.9865333333E+0	0E+0	0E+0
421.2063333333E+0	0E+0	0E+0
421.3821333333E+0	0E+0	0E+0
421.6019333333E+0	0E+0	0E+0
421.8216E+0	0E+0	0E+0
421.9974666667E+0	0E+0	0E+0
422.2172666667E+0	0E+0	0E+0
422.3929333333E+0	0E+0	0E+0
422.6128E+0	0E+0	0E+0
422.7884E+0	0E+0	0E+0
423.0081333333E+0	0E+0	0E+0
423.1838E+0	0E+0	0E+0
423.4034666667E+0	0E+0	0E+0
423.5791333333E+0	0E+0	0E+0
423.7986666667E+0	0E+0	0E+0
424.0182666667E+0	0E+0	0E+0
424.1938666667E+0	0E+0	0E+0
424.4134666667E+0	0E+0	0E+0
424.5889333333E+0	0E+0	0E+0
424.8085333333E+0	0E+0	0E+0
424.9841333333E+0	0E+0	0E+0
425.2036E+0	0E+0	0E+0
425.3790666667E+0	0E+0	0E+0
425.5985333333E+0	0E+0	0E+0
425.8179333333E+0	0E+0	0E+0
425.9934666667E+0	0E+0	0E+0
426.2128E+0	0E+0	0E+0
426.3882666667E+0	0E+0	0E+0
426.6076E+0	0E+0	0E+0
426.7830666667E+0	0E+0	0E+0
427.0023333333E+0	0E+0	0E+0
427.2216E+0	0E+0	0E+0
427.397E+0	0E+0	0E+0
427.6162E+0	0E+0	0E+0
427.7916E+0	0E+0	0E+0
428.0108E+0	0E+0	0E+0
428.1861333333E+0	0E+0	0E+0
428.4053333333E+0	0E+0	0E+0
428.5806E+0	0E+0	0E+0
428.7997333333E+0	0E+0	0E+0
429.0188666667E+0	0E+0	0E+0
429.1941333333E+0	0E+0	0E+0
429.4132E+0	0E+0	0E+0
429.5884E+0	0E+0	0E+0
429.8074666667E+0	0E+0	0E+0
429.9826666667E+0	0E+0	0E+0
430.2016E+0	0E+0	0E+0
430.4206E+0	0E+0	0E+0
430.5957333333E+0	0E+0	0E+0
430.8146666667E+0	0E+0	0E+0
430.9898666667E+0	0E+0	0E+0
431.2086666667E+0	0E+0	0E+0
431.3838666667E+0	0E+0	0E+0
431.6026666667E+0	0E+0	0E+0
431.8216E+0	0E+0	0E+0
431.9966E+0	0E+0	0E+0
432.2154666667E+0	0E+0	0E+0
432.3904666667E+0	0E+0	0E+0
432.6092E+0	0E+0	0E+0
432.7841333333E+0	0E+0	0E+0
433.0028666667E+0	0E+0	0E+0
433.2216E+0	0E+0	0E+0
433.3966666667E+0	0E+0	0E+0
433.6152666667E+0	0E+0	0E+0
433.7901333333E+0	0E+0	0E+0
434.0088E+0	0E+0	0E+0
434.1836E+0	38E-6	0E+0
434.4023333333E+0	0E+0	0E+0
434.6208666667E+0	0E+0	0E+0
434.7956666667E+0	0E+0	0E+0
435.0142E+0	138E-6	-64.6E+0
435.1890666667E+0	23E-6	0E+0
435.4075333333E+0	0E+0	0E+0
435.5824E+0	0E+0	0E+0
435.8008E+0	33E-6	0E+0
436.0192E+0	9.328E-3	-65.9E+0
436.194E+0	3.363E-3	-71E+0
436.4124E+0	218E-6	-73.3E+0
436.5871333333E+0	0E+0	0E+0
436.8054666667E+0	0E+0	0E+0
436.9801333333E+0	0E+0	0E+0
437.1985333333E+0	0E+0	0E+0
437.4168E+0	0E+0	0E+0
437.5914666667E+0	0E+0	0E+0
437.8097333333E+0	0E+0	0E+0
437.9843333333E+0	0E+0	0E+0
438.2025333333E+0	0E+0	0E+0
438.4208E+0	0E+0	0E+0
438.5952666667E+0	0E+0	0E+0
438.8134666667E+0	0E+0	0E+0
438.988E+0	0E+0	0E+0
439.2062E+0	0E+0	0E+0
439.3806666667E+0	0E+0	0E+0
439.5988E+0	0E+0	0E+0
439.8168666667E+0	0E+0	0E+0
439.9913333333E+0	0E+0	0E+0
440.2093333333E+0	0E+0	0E+0
440.3837333333E+0	0E+0	0E+0
440.6017333333E+0	0E+0	0E+0
440.8197333333E+0	0E+0	0E+0
440.9941333333E+0	0E+0	0E+0
441.212E+0	0E+0	0E+0
441.3864E+0	0E+0	0E+0
441.6043333333E+0	0E+0	0E+0
441.7786E+0	0E+0	0E+0
441.9964666667E+0	0E+0	0E+0
442.2143333333E+0	0E+0	0E+0
442.3885333333E+0	0E+0	0E+0
442.6062666667E+0	0E+0	0E+0
442.7806666667E+0	0E+0	0E+0
442.9985333333E+0	0E+0	0E+0
443.2161333333E+0	0E+0	0E+0
443.3903333333E+0	0E+0	0E+0
443.6081333333E+0	0E+0	0E+0
443.7822666667E+0	0E+0	0E+0
443.9999333333E+0	0E+0	0E+0
444.2175333333E+0	0E+0	0E+0
444.3916E+0	0E+0	0E+0
444.6093333333E+0	0E+0	0E+0
444.7833333333E+0	0E+0	0E+0
445.001E+0	0E+0	0E+0
445.2184666667E+0	0E+0	0E+0
445.3925333333E+0	0E+0	0E+0
445.6101333333E+0	0E+0	0E+0
445.7841333333E+0	0E+0	0E+0
446.0014666667E+0	0E+0	0E+0
446.219E+0	0E+0	0E+0
446.3930666667E+0	0E+0	0E+0
446.6104E+0	0E+0	0E+0
446.7842666667E+0	0E+0	0E+0
447.0016E+0	0E+0	0E+0
447.219E+0	0E+0	0E+0
447.3929333333E+0	0E+0	0E+0
447.6103333333E+0	0E+0	0E+0
447.7841333333E+0	0E+0	0E+0
448.0014666667E+0	0E+0	0E+0
448.2187333333E+0	0E+0	0E+0
448.3924E+0	0E+0	0E+0
448.6096666667E+0	0E+0	0E+0
448.7833333333E+0	0E+0	0E+0
449.0006666667E+0	0E+0	0E+0
449.2177333333E+0	0E+0	0E+0
449.3916E+0	0E+0	0E+0
449.6086666667E+0	0E+0	0E+0
449.7823333333E+0	0E+0	0E+0
449.9993333333E+0	0E+0	0E+0
450.2164666667E+0	0E+0	0E+0
450.3901333333E+0	0E+0	0E+0
450.6070666667E+0	0E+0	0E+0
450.7807333333E+0	0E+0	0E+0
450.9977333333E+0	0E+0	0E+0
451.2148E+0	0E+0	0E+0
451.3884E+0	0E+0	0E+0
451.6052E+0	0E+0	0E+0
451.7788E+0	0E+0	0E+0
451.9956E+0	0E+0	0E+0
452.2125333333E+0	0E+0	0E+0
452.386E+0	0E+0	0E+0
452.6028E+0	0E+0	0E+0
452.8196E+0	0E+0	0E+0
452.993E+0	0E+0	0E+0
453.2098E+0	0E+0	0E+0
453.3833333333E+0	0E+0	0E+0
453.5999333333E+0	0E+0	0E+0
453.8166666667E+0	0E+0	0E+0
453.99E+0	0E+0	0E+0
454.2067333333E+0	0E+0	0E+0
454.38E+0	0E+0	0E+0
454.5966666667E+0	0E+0	0E+0
454.8132666667E+0	0E+0	0E+0
454.9865333333E+0	0E+0	0E+0
455.2030666667E+0	0E+0	0E+0
455.4196E+0	0E+0	0E+0
455.5928666667E+0	0E+0	0E+0
455.8094E+0	0E+0	0E+0
455.9826E+0	0E+0	0E+0
456.1990666667E+0	0E+0	0E+0
456.4156E+0	0E+0	0E+0
456.5886666667E+0	0E+0	0E+0
456.805E+0	0E+0	0E+0
457.0214666667E+0	0E+0	0E+0
457.1945333333E+0	0E+0	0E+0
457.411E+0	0E+0	0E+0
457.5839333333E+0	0E+0	0E+0
457.8002666667E+0	0E+0	0E+0
458.0166666667E+0	0E+0	0E+0
458.1896666667E+0	0E+0	0E+0
458.4058E+0	0E+0	0E+0
458.5788666667E+0	0E+0	0E+0
458.7950666667E+0	0E+0	0E+0
459.0113333333E+0	0E+0	0E+0
459.1841333333E+0	0E+0	0E+0
459.4004E+0	0E+0	0E+0
459.6164666667E+0	0E+0	0E+0
459.7893333333E+0	0E+0	0E+0
460.0054666667E+0	0E+0	0E+0
460.2214666667E+0	0E+0	0E+0
460.3943333333E+0	0E+0	0E+0
460.6103333333E+0	0E+0	0E+0
460.7831333333E+0	0E+0	0E+0
460.9991333333E+0	0E+0	0E+0
461.2151333333E+0	0E+0	0E+0
461.3879333333E+0	0E+0	0E+0
461.6038666667E+0	0E+0	0E+0
461.8196666667E+0	0E+0	0E+0
461.9924666667E+0	0E+0	0E+0
462.2084E+0	0E+0	0E+0
462.3809333333E+0	0E+0	0E+0
462.5968666667E+0	0E+0	0E+0
462.8126666667E+0	0E+0	0E+0
462.9852E+0	0E+0	0E+0
463.201E+0	0E+0	0E+0
463.4166666667E+0	0E+0	0E+0
463.5893333333E+0	0E+0	0E+0
463.805E+0	0E+0	0E+0
464.0206666667E+0	0E+0	0E+0
464.1932666667E+0	0E+0	0E+0
464.4088E+0	0E+0	0E+0
464.5814666667E+0	0E+0	0E+0
464.797E+0	0E+0	0E+0
465.0125333333E+0	0E+0	0E+0
465.185E+0	0E+0	0E+0
465.4005333333E+0	0E+0	0E+0
465.6160666667E+0	0E+0	0E+0
465.7884E+0	0E+0	0E+0
466.0039333333E+0	0E+0	0E+0
466.2193333333E+0	0E+0	0E+0
466.3916666667E+0	0E+0	0E+0
466.6071333333E+0	0E+0	0E+0
466.7795333333E+0	0E+0	0E+0
466.9948E+0	0E+0	0E+0
467.2102E+0	0E+0	0E+0
467.3825333333E+0	0E+0	0E+0
467.5977333333E+0	0E+0	0E+0
467.8129333333E+0	0E+0	0E+0
467.9853333333E+0	0E+0	0E+0
468.2005333333E+0	0E+0	0E+0
468.4158E+0	0E+0	0E+0
468.5879333333E+0	0E+0	0E+0
468.8030666667E+0	0E+0	0E+0
469.0182666667E+0	0E+0	0E+0
469.1903333333E+0	0E+0	0E+0
469.4054666667E+0	0E+0	0E+0
469.6206666667E+0	0E+0	0E+0
469.7926666667E+0	0E+0	0E+0
470.0078E+0	0E+0	0E+0
470.1798666667E+0	0E+0	0E+0
470.3948E+0	0E+0	0E+0
470.6098E+0	0E+0	0E+0
470.7818E+0	0E+0	0E+0
470.9968E+0	0E+0	0E+0
471.2116666667E+0	0E+0	0E+0
471.3836E+0	0E+0	0E+0
471.5985333333E+0	0E+0	0E+0
471.8133333333E+0	0E+0	0E+0
471.9852E+0	0E+0	0E+0
472.2000666667E+0	0E+0	0E+0
472.4149333333E+0	0E+0	0E+0
472.5868E+0	0E+0	0E+0
472.8014666667E+0	0E+0	0E+0
473.0163333333E+0	0E+0	0E+0
473.1881333333E+0	0E+0	0E+0
473.4028E+0	0E+0	0E+0
473.6174666667E+0	0E+0	0E+0
473.7892E+0	0E+0	0E+0
474.0038666667E+0	0E+0	0E+0
474.2183333333E+0	0E+0	0E+0
474.3901333333E+0	0E+0	0E+0
474.6046666667E+0	0E+0	0E+0
474.8193333333E+0	0E+0	0E+0
474.9908E+0	0E+0	0E+0
475.2054666667E+0	0E+0	0E+0
475.4199333333E+0	0E+0	0E+0
475.5914666667E+0	0E+0	0E+0
475.806E+0	0E+0	0E+0
476.0204E+0	0E+0	0E+0
476.1918666667E+0	0E+0	0E+0
476.4062666667E+0	0E+0	0E+0
476.6207333333E+0	0E+0	0E+0
476.7921333333E+0	0E+0	0E+0
477.0065333333E+0	0E+0	0E+0
477.2208E+0	0E+0	0E+0
477.3922666667E+0	0E+0	0E+0
477.6065333333E+0	0E+0	0E+0
477.8207333333E+0	0E+0	0E+0
477.9921333333E+0	0E+0	0E+0
478.2062666667E+0	0E+0	0E+0
478.4204666667E+0	0E+0	0E+0
478.5918666667E+0	0E+0	0E+0
478.8058666667E+0	0E+0	0E+0
479.0200666667E+0	0E+0	0E+0
479.1913333333E+0	0E+0	0E+0
479.4054666667E+0	0E+0	0E+0
479.6194E+0	0E+0	0E+0
479.7906666667E+0	0E+0	0E+0
480.0046666667E+0	0E+0	0E+0
480.2186666667E+0	0E+0	0E+0
480.3898E+0	0E+0	0E+0
480.6038666667E+0	0E+0	0E+0
480.8177333333E+0	0E+0	0E+0
480.9888E+0	0E+0	0E+0
481.2028E+0	0E+0	0E+0
481.4166666667E+0	0E+0	0E+0
481.5876666667E+0	0E+0	0E+0
481.8014666667E+0	0E+0	0E+0
482.0153333333E+0	0E+0	0E+0
482.1862666667E+0	0E+0	0E+0
482.4000666667E+0	0E+0	0E+0
482.6137333333E+0	0E+0	0E+0
482.7846666667E+0	0E+0	0E+0
482.9983333333E+0	0E+0	0E+0
483.2121333333E+0	0E+0	0E+0
483.383E+0	0E+0	0E+0
483.5966666667E+0	0E+0	0E+0
483.8102666667E+0	0E+0	0E+0
483.981E+0	0E+0	0E+0
484.1946E+0	0E+0	0E+0
484.4081333333E+0	0E+0	0E+0
484.5790666667E+0	0E+0	0E+0
484.7924666667E+0	0E+0	0E+0
485.006E+0	0E+0	0E+0
485.2193333333E+0	0E+0	0E+0
485.3902E+0	0E+0	0E+0
485.6036E+0	0E+0	0E+0
485.8169333333E+0	0E+0	0E+0
485.9876666667E+0	0E+0	0E+0
486.201E+0	0E+0	0E+0
486.4142666667E+0	0E+0	0E+0
486.5849333333E+0	0E+0	0E+0
486.7982666667E+0	0E+0	0E+0
487.0115333333E+0	0E+0	0E+0
487.1820666667E+0	0E+0	0E+0
487.3953333333E+0	0E+0	0E+0
487.6084666667E+0	0E+0	0E+0
487.7790666667E+0	0E+0	0E+0
487.9921333333E+0	0E+0	0E+0
488.2052E+0	0E+0	0E+0
488.4183333333E+0	0E+0	0E+0
488.5888E+0	0E+0	0E+0
488.8018666667E+0	0E+0	0E+0
489.015E+0	0E+0	0E+0
489.1853333333E+0	0E+0	0E+0
489.3983333333E+0	0E+0	0E+0
489.6113333333E+0	0E+0	0E+0
489.7816666667E+0	0E+0	0E+0
489.9946E+0	0E+0	0E+0
490.2075333333E+0	0E+0	0E+0
490.4204E+0	0E+0	0E+0
490.5906E+0	0E+0	0E+0
490.8035333333E+0	0E+0	0E+0
491.0163333333E+0	0E+0	0E+0
491.1865333333E+0	0E+0	0E+0
491.3993333333E+0	0E+0	0E+0
491.6121333333E+0	15E-6	0E+0
491.7822666667E+0	15E-6	0E+0
491.995E+0	0E+0	0E+0
492.2076666667E+0	0E+0	0E+0
492.4202666667E+0	0E+0	0E+0
492.5904666667E+0	0E+0	0E+0
492.8030666667E+0	0E+0	0E+0
493.0156E+0	0E+0	0E+0
493.1857333333E+0	0E+0	0E+0
493.3983333333E+0	0E+0	0E+0
493.6108E+0	0E+0	0E+0
493.7808E+0	0E+0	0E+0
493.9932666667E+0	0E+0	0E+0
494.2057333333E+0	0E+0	0E+0
494.4182666667E+0	0E+0	0E+0
494.5881333333E+0	0E+0	0E+0
494.8004666667E+0	0E+0	0E+0
495.0129333333E+0	0E+0	0E+0
495.1828E+0	0E+0	0E+0
495.3951333333E+0	0E+0	0E+0
495.6074666667E+0	0E+0	0E+0
495.8198E+0	0E+0	0E+0
495.9896E+0	0E+0	0E+0
496.2018E+0	0E+0	0E+0
496.414E+0	0E+0	0E+0
496.5838E+0	0E+0	0E+0
496.7958666667E+0	0E+0	0E+0
497.0081333333E+0	0E+0	0E+0
497.2202E+0	0E+0	0E+0
497.39E+0	0E+0	0E+0
497.602E+0	0E+0	0E+0
497.8141333333E+0	0E+0	0E+0
497.9838E+0	0E+0	0E+0
498.1958E+0	0E+0	0E+0
498.4076666667E+0	0E+0	0E+0
498.6196666667E+0	0E+0	0E+0
498.7892666667E+0	0E+0	0E+0
499.0012E+0	0E+0	0E+0
499.2131333333E+0	0E+0	0E+0
499.3826E+0	0E+0	0E+0
499.5945333333E+0	0E+0	0E+0
499.8062666667E+0	0E+0	0E+0
500.0182E+0	0E+0	0E+0
500.1876E+0	0E+0	0E+0
500.3993333333E+0	0E+0	0E+0
500.6110666667E+0	0E+0	0E+0
500.7804E+0	0E+0	0E+0
500.9922666667E+0	0E+0	0E+0
501.2039333333E+0	0E+0	0E+0
501.4156E+0	0E+0	0E+0
501.5849333333E+0	0E+0	0E+0
501.7964666667E+0	0E+0	0E+0
502.0081333333E+0	0E+0	0E+0
502.2196E+0	0E+0	0E+0
502.3889333333E+0	0E+0	0E+0
502.6004E+0	0E+0	0E+0
502.8119333333E+0	0E+0	0E+0
502.981E+0	0E+0	0E+0
503.1925333333E+0	0E+0	0E+0
503.404E+0	0E+0	0E+0
503.6154E+0	0E+0	0E+0
503.7845333333E+0	0E+0	0E+0
503.9958666667E+0	0E+0	0E+0
504.2073333333E+0	0E+0	0E+0
504.4185333333E+0	0E+0	0E+0
504.5876E+0	0E+0	0E+0
504.7988E+0	0E+0	0E+0
505.0101333333E+0	0E+0	0E+0
505.1790666667E+0	0E+0	0E+0
505.3902666667E+0	0E+0	0E+0
505.6014666667E+0	0E+0	0E+0
505.8126666667E+0	0E+0	0E+0
505.9816E+0	0E+0	0E+0
506.1926666667E+0	0E+0	0E+0
506.4038E+0	0E+0	0E+0
506.6148E+0	0E+0	0E+0
506.7836666667E+0	0E+0	0E+0
506.9947333333E+0	0E+0	0E+0
507.2057333333E+0	0E+0	0E+0
507.4166666667E+0	0E+0	0E+0
507.5854666667E+0	0E+0	0E+0
507.7964E+0	0E+0	0E+0
508.0073333333E+0	0E+0	0E+0
508.2182E+0	0E+0	0E+0
508.3868666667E+0	0E+0	0E+0
508.5977333333E+0	0E+0	0E+0
508.8085333333E+0	0E+0	0E+0
509.0193333333E+0	0E+0	0E+0
509.1879333333E+0	0E+0	0E+0
509.3988E+0	0E+0	0E+0
509.6094666667E+0	0E+0	0E+0
509.8201333333E+0	0E+0	0E+0
509.9886666667E+0	0E+0	0E+0
510.1993333333E+0	0E+0	0E+0
510.41E+0	0E+0	0E+0
510.6206666667E+0	0E+0	0E+0
510.7891333333E+0	0E+0	0E+0
510.9996E+0	0E+0	0E+0
511.2102E+0	0E+0	0E+0
511.4207333333E+0	0E+0	0E+0
511.5891333333E+0	0E+0	0E+0
511.7996E+0	0E+0	0E+0
512.01E+0	0E+0	0E+0
512.2204E+0	0E+0	0E+0
512.3887333333E+0	0E+0	0E+0
512.5991333333E+0	0E+0	0E+0
512.8094666667E+0	0E+0	0E+0
513.0198666667E+0	0E+0	0E+0
513.1881333333E+0	0E+0	0E+0
513.3983333333E+0	0E+0	0E+0
513.6086666667E+0	0E+0	0E+0
513.8188666667E+0	0E+0	0E+0
513.9870666667E+0	0E+0	0E+0
514.1972666667E+0	0E+0	0E+0
514.4074E+0	0E+0	0E+0
514.6175333333E+0	0E+0	0E+0
514.7856666667E+0	0E+0	0E+0
514.9958E+0	0E+0	0E+0
515.2058E+0	0E+0	0E+0
515.4158666667E+0	0E+0	0E+0
515.5839333333E+0	0E+0	0E+0
515.794E+0	0E+0	0E+0
516.0039333333E+0	0E+0	0E+0
516.2138666667E+0	0E+0	0E+0
516.3818E+0	0E+0	0E+0
516.5916666667E+0	0E+0	0E+0
516.8016666667E+0	0E+0	0E+0
517.0115333333E+0	0E+0	0E+0
517.1793333333E+0	0E+0	0E+0
517.3892E+0	0E+0	0E+0
517.599E+0	0E+0	0E+0
517.8087333333E+0	0E+0	0E+0
518.0185333333E+0	0E+0	0E+0
518.1862666667E+0	0E+0	0E+0
518.396E+0	0E+0	0E+0
518.6057333333E+0	0E+0	0E+0
518.8153333333E+0	0E+0	0E+0
518.9830666667E+0	0E+0	0E+0
519.1926666667E+0	0E+0	0E+0
519.4022666667E+0	0E+0	0E+0
519.6118666667E+0	0E+0	0E+0
519.7795333333E+0	0E+0	0E+0
519.9889333333E+0	0E+0	0E+0
520.1983333333E+0	0E+0	0E+0
520.4078666667E+0	0E+0	0E+0
520.6173333333E+0	0E+0	0E+0
520.7848666667E+0	0E+0	0E+0
520.9943333333E+0	0E+0	0E+0
521.2036E+0	0E+0	0E+0
521.413E+0	0E+0	0E+0
521.5804E+0	0E+0	0E+0
521.7898E+0	0E+0	0E+0
521.9991333333E+0	0E+0	0E+0
522.2083333333E+0	0E+0	0E+0
522.4174666667E+0	0E+0	0E+0
522.5849333333E+0	0E+0	0E+0
522.7940666667E+0	0E+0	0E+0
523.0031333333E+0	0E+0	0E+0
523.2124E+0	0E+0	0E+0
523.3796666667E+0	0E+0	0E+0
523.5887333333E+0	0E+0	0E+0
523.7978E+0	0E+0	0E+0
524.0068E+0	0E+0	0E+0
524.2159333333E+0	0E+0	0E+0
524.3830666667E+0	0E+0	0E+0
524.592E+0	0E+0	0E+0
524.8009333333E+0	0E+0	0E+0
525.01E+0	0E+0	0E+0
525.2188E+0	0E+0	0E+0
525.3858666667E+0	0E+0	0E+0
525.5947333333E+0	0E+0	0E+0
525.8036E+0	0E+0	0E+0
526.0124E+0	0E+0	0E+0
526.1793333333E+0	0E+0	0E+0
526.3881333333E+0	0E+0	0E+0
526.5968666667E+0	0E+0	0E+0
526.8055333333E+0	0E+0	0E+0
527.0142666667E+0	0E+0	0E+0
527.1812E+0	0E+0	0E+0
527.3898E+0	0E+0	0E+0
527.5983333333E+0	0E+0	0E+0
527.8070666667E+0	0E+0	0E+0
528.0156E+0	0E+0	0E+0
528.1823333333E+0	0E+0	0E+0
528.391E+0	0E+0	0E+0
528.5994E+0	0E+0	0E+0
528.8078666667E+0	0E+0	0E+0
529.0163333333E+0	0E+0	0E+0
529.1830666667E+0	0E+0	0E+0
529.3914666667E+0	0E+0	0E+0
529.5998E+0	0E+0	0E+0
529.8081333333E+0	0E+0	0E+0
530.0164666667E+0	0E+0	0E+0
530.1831333333E+0	0E+0	0E+0
530.3913333333E+0	0E+0	0E+0
530.5996E+0	0E+0	0E+0
530.8078666667E+0	0E+0	0E+0
531.0160666667E+0	0E+0	0E+0
531.1826E+0	0E+0	0E+0
531.3908E+0	0E+0	0E+0
531.5988E+0	0E+0	0E+0
531.8070666667E+0	0E+0	0E+0
532.0150666667E+0	0E+0	0E+0
532.1814666667E+0	0E+0	0E+0
532.3894666667E+0	0E+0	0E+0
532.5974666667E+0	0E+0	0E+0
532.8054666667E+0	0E+0	0E+0
533.0134666667E+0	0E+0	0E+0
533.1798E+0	0E+0	0E+0
533.3876666667E+0	0E+0	0E+0
533.5956E+0	0E+0	0E+0
533.8034666667E+0	0E+0	0E+0
534.0113333333E+0	0E+0	0E+0
534.2190666667E+0	0E+0	0E+0
534.3852666667E+0	0E+0	0E+0
534.5929333333E+0	0E+0	0E+0
534.8008E+0	0E+0	0E+0
535.0084666667E+0	0E+0	0E+0
535.2161333333E+0	0E+0	0E+0
535.3822666667E+0	0E+0	0E+0
535.59E+0	0E+0	0E+0
535.7975333333E+0	0E+0	0E+0
536.0052E+0	0E+0	0E+0
536.2126666667E+0	0E+0	0E+0
536.4202E+0	0E+0	0E+0
536.5862666667E+0	0E+0	0E+0
536.7937333333E+0	0E+0	0E+0
537.0012E+0	0E+0	0E+0
537.2086666667E+0	0E+0	0E+0
537.416E+0	0E+0	0E+0
537.582E+0	0E+0	0E+0
537.7893333333E+0	0E+0	0E+0
537.9966666667E+0	0E+0	0E+0
538.2039333333E+0	0E+0	0E+0
538.4113333333E+0	0E+0	0E+0
538.6185333333E+0	0E+0	0E+0
538.7844E+0	0E+0	0E+0
538.9915333333E+0	0E+0	0E+0
539.1987333333E+0	0E+0	0E+0
539.406E+0	0E+0	0E+0
539.6131333333E+0	0E+0	0E+0
539.8201333333E+0	0E+0	0E+0
539.9858E+0	0E+0	0E+0
540.1929333333E+0	0E+0	0E+0
540.3999333333E+0	0E+0	0E+0
540.6069333333E+0	0E+0	0E+0
540.814E+0	0E+0	0E+0
540.9796E+0	0E+0	0E+0
541.1865333333E+0	0E+0	0E+0
541.3934666667E+0	0E+0	0E+0
541.6004E+0	0E+0	0E+0
541.8071333333E+0	0E+0	0E+0
542.014E+0	0E+0	0E+0
542.1795333333E+0	0E+0	0E+0
542.3862666667E+0	0E+0	0E+0
542.593E+0	0E+0	0E+0
542.7998666667E+0	0E+0	0E+0
543.0065333333E+0	0E+0	0E+0
543.2132666667E+0	0E+0	0E+0
543.4198666667E+0	0E+0	0E+0
543.5852E+0	0E+0	0E+0
543.7918666667E+0	0E+0	0E+0
543.9983333333E+0	0E+0	0E+0
544.2049333333E+0	0E+0	0E+0
544.4116E+0	0E+0	0E+0
544.618E+0	0E+0	0E+0
544.7833333333E+0	0E+0	0E+0
544.9897333333E+0	0E+0	0E+0
545.1961333333E+0	0E+0	0E+0
545.4025333333E+0	0E+0	0E+0
545.6089333333E+0	0E+0	0E+0
545.8153333333E+0	0E+0	0E+0
545.9804E+0	100E-6	-90E+0
546.1867333333E+0	1.45E-3	-70.8E+0
546.3929333333E+0	230E-6	-66.25E+0
546.5992E+0	0E+0	0E+0
546.8055333333E+0	0E+0	0E+0
547.0118666667E+0	0E+0	0E+0
547.218E+0	0E+0	0E+0
547.3828E+0	0E+0	0E+0
547.5889333333E+0	0E+0	0E+0
547.7951333333E+0	0E+0	0E+0
548.0012666667E+0	0E+0	0E+0
548.2073333333E+0	0E+0	0E+0
548.4132666667E+0	0E+0	0E+0
548.6193333333E+0	0E+0	0E+0
548.7841333333E+0	0E+0	0E+0
548.99E+0	0E+0	0E+0
549.1960666667E+0	0E+0	0E+0
549.4018666667E+0	0E+0	0E+0
549.6078666667E+0	0E+0	0E+0
549.8137333333E+0	0E+0	0E+0
550.0196E+0	0E+0	0E+0
550.1841333333E+0	0E+0	0E+0
550.39E+0	0E+0	0E+0
550.5958E+0	0E+0	0E+0
550.8014666667E+0	0E+0	0E+0
551.0072E+0	0E+0	0E+0
551.2127333333E+0	0E+0	0E+0
551.4185333333E+0	0E+0	0E+0
551.5830666667E+0	0E+0	0E+0
551.7886666667E+0	0E+0	0E+0
551.9942666667E+0	0E+0	0E+0
552.1998E+0	0E+0	0E+0
552.4054E+0	0E+0	0E+0
552.6108E+0	0E+0	0E+0
552.8162E+0	0E+0	0E+0
552.9806666667E+0	0E+0	0E+0
553.186E+0	0E+0	0E+0
553.3914666667E+0	0E+0	0E+0
553.5969333333E+0	0E+0	0E+0
553.8022666667E+0	0E+0	0E+0
554.0076E+0	0E+0	0E+0
554.2128666667E+0	0E+0	0E+0
554.4181333333E+0	0E+0	0E+0
554.5822666667E+0	0E+0	0E+0
554.7875333333E+0	0E+0	0E+0
554.9926666667E+0	0E+0	0E+0
555.1978666667E+0	0E+0	0E+0
555.4030666667E+0	0E+0	0E+0
555.6081333333E+0	0E+0	0E+0
555.8132666667E+0	0E+0	0E+0
556.0182666667E+0	0E+0	0E+0
556.1823333333E+0	0E+0	0E+0
556.3874E+0	0E+0	0E+0
556.5924E+0	0E+0	0E+0
556.7972666667E+0	0E+0	0E+0
557.0022666667E+0	0E+0	0E+0
557.2073333333E+0	0E+0	0E+0
557.4120666667E+0	0E+0	0E+0
557.6169333333E+0	0E+0	0E+0
557.7808E+0	0E+0	0E+0
557.9856666667E+0	0E+0	0E+0
558.1903333333E+0	0E+0	0E+0
558.3951333333E+0	0E+0	0E+0
558.5999333333E+0	0E+0	0E+0
558.8046666667E+0	0E+0	0E+0
559.0092666667E+0	0E+0	0E+0
559.2138666667E+0	0E+0	0E+0
559.4185333333E+0	0E+0	0E+0
559.5822666667E+0	0E+0	0E+0
559.7868E+0	0E+0	0E+0
559.9914E+0	0E+0	0E+0
560.1958666667E+0	0E+0	0E+0
560.4004666667E+0	0E+0	0E+0
560.6049333333E+0	0E+0	0E+0
560.8092666667E+0	0E+0	0E+0
561.0137333333E+0	0E+0	0E+0
561.2181333333E+0	0E+0	0E+0
561.3815333333E+0	0E+0	0E+0
561.5858666667E+0	0E+0	0E+0
561.7902666667E+0	0E+0	0E+0
561.9945333333E+0	0E+0	0E+0
562.1988666667E+0	0E+0	0E+0
562.4030666667E+0	0E+0	0E+0
562.6073333333E+0	0E+0	0E+0
562.8114E+0	0E+0	0E+0
563.0156E+0	0E+0	0E+0
563.2197333333E+0	0E+0	0E+0
563.3830666667E+0	0E+0	0E+0
563.5871333333E+0	0E+0	0E+0
563.7912E+0	0E+0	0E+0
563.9952E+0	0E+0	0E+0
564.1991333333E+0	0E+0	0E+0
564.4032E+0	0E+0	0E+0
564.6070666667E+0	0E+0	0E+0
564.8109333333E+0	0E+0	0E+0
565.0148666667E+0	0E+0	0E+0
565.2188E+0	0E+0	0E+0
565.382E+0	0E+0	0E+0
565.5856E+0	0E+0	0E+0
565.7895333333E+0	0E+0	0E+0
565.9932666667E+0	0E+0	0E+0
566.1969333333E+0	0E+0	0E+0
566.4006666667E+0	0E+0	0E+0
566.6044E+0	0E+0	0E+0
566.8079333333E+0	0E+0	0E+0
567.0116E+0	0E+0	0E+0
567.2152E+0	0E+0	0E+0
567.4188E+0	0E+0	0E+0
567.5817333333E+0	0E+0	0E+0
567.7852E+0	0E+0	0E+0
567.9887333333E+0	0E+0	0E+0
568.1922E+0	0E+0	0E+0
568.3956E+0	0E+0	0E+0
568.5990666667E+0	0E+0	0E+0
568.8023333333E+0	0E+0	0E+0
569.0057333333E+0	0E+0	0E+0
569.2092E+0	0E+0	0E+0
569.4124E+0	0E+0	0E+0
569.6156E+0	0E+0	0E+0
569.8189333333E+0	0E+0	0E+0
569.9814666667E+0	0E+0	0E+0
570.1848E+0	0E+0	0E+0
570.3879333333E+0	0E+0	0E+0
570.5910666667E+0	0E+0	0E+0
570.7942666667E+0	0E+0	0E+0
570.9973333333E+0	0E+0	0E+0
571.2004E+0	0E+0	0E+0
571.4034666667E+0	0E+0	0E+0
571.6064E+0	0E+0	0E+0
571.8094666667E+0	0E+0	0E+0
572.0124E+0	0E+0	0E+0
572.2154E+0	0E+0	0E+0
572.4182666667E+0	0E+0	0E+0
572.5805333333E+0	0E+0	0E+0
572.7834E+0	0E+0	0E+0
572.9862666667E+0	0E+0	0E+0
573.189E+0	0E+0	0E+0
573.3918666667E+0	0E+0	0E+0
573.5945333333E+0	0E+0	0E+0
573.7972666667E+0	0E+0	0E+0
573.9999333333E+0	0E+0	0E+0
574.2026E+0	0E+0	0E+0
574.4054666667E+0	0E+0	0E+0
574.6078666667E+0	0E+0	0E+0
574.8105333333E+0	0E+0	0E+0
575.0129333333E+0	0E+0	0E+0
575.2156E+0	0E+0	0E+0
575.4180666667E+0	0E+0	0E+0
575.58E+0	0E+0	0E+0
575.7825333333E+0	0E+0	0E+0
575.9849333333E+0	0E+0	0E+0
576.1873333333E+0	0E+0	0E+0
576.3897333333E+0	0E+0	0E+0
576.5921333333E+0	0E+0	0E+0
576.7943333333E+0	0E+0	0E+0
576.9966666667E+0	53E-6	-51.75E+0
577.1988666667E+0	50E-6	-54.6E+0
577.4012E+0	0E+0	0E+0
577.6034E+0	0E+0	0E+0
577.8055333333E+0	0E+0	0E+0
578.0077333333E+0	0E+0	0E+0
578.2098666667E+0	0E+0	0E+0
578.4119333333E+0	0E+0	0E+0
578.614E+0	0E+0	0E+0
578.8161333333E+0	0E+0	0E+0
579.018E+0	28E-6	0E+0
579.22E+0	63E-6	-57.4E+0
579.3817333333E+0	13E-6	0E+0
579.5836E+0	0E+0	0E+0
579.7854666667E+0	0E+0	0E+0
579.9874E+0	0E+0	0E+0
580.1892E+0	0E+0	0E+0
580.3910666667E+0	0E+0	0E+0
580.5927333333E+0	0E+0	0E+0
580.7946E+0	0E+0	0E+0
580.9964E+0	0E+0	0E+0
581.198E+0	0E+0	0E+0
581.3997333333E+0	0E+0	0E+0
581.6014666667E+0	0E+0	0E+0
581.8030666667E+0	0E+0	0E+0
582.0046666667E+0	0E+0	0E+0
582.2062666667E+0	0E+0	0E+0
582.4077333333E+0	0E+0	0E+0
582.6092666667E+0	0E+0	0E+0
582.8108666667E+0	0E+0	0E+0
583.0122666667E+0	0E+0	0E+0
583.2137333333E+0	0E+0	0E+0
583.4151333333E+0	0E+0	0E+0
583.6164E+0	0E+0	0E+0
583.8178666667E+0	0E+0	0E+0
584.0190666667E+0	0E+0	0E+0
584.1802E+0	0E+0	0E+0
584.3814666667E+0	0E+0	0E+0
584.5828E+0	0E+0	-90E+0
584.7838666667E+0	0E+0	0E+0
584.9852E+0	0E+0	0E+0
585.1862666667E+0	0E+0	0E+0
585.3876E+0	0E+0	0E+0
585.5885333333E+0	0E+0	0E+0
585.7896E+0	0E+0	0E+0
585.9906E+0	0E+0	0E+0
586.1916666667E+0	0E+0	0E+0
586.3927333333E+0	0E+0	0E+0
586.5937333333E+0	0E+0	0E+0
586.7948E+0	0E+0	0E+0
586.9956E+0	0E+0	0E+0
587.1964E+0	0E+0	0E+0
