#2022-05-02
#17:50:56
#Balayage par: iq-qfl
#Description Keyword: 
#
#Instrument: Triax320@Triax320.lvclass; Function:Position (nm); Parameters: *BeforeWait(ms): 0;*AfterWait(ms): 0; ; Grating#: 3; Line Density(Grv/mm): 600; Blaze: 500nm; Input Slit(mm): 0.400; Output Slit(mm): 0.000;
#Instrument: Tools@Tools.lvclass; Function:Indice de Point (Points); Parameters: *BeforeWait(ms): 0;*AfterWait(ms): 0; 
#Instrument: SympCCD@SymphonyCCD.lvclass; Function:AcqImage (Counts); Parameters: *BeforeWait(ms): 0;*AfterWait(ms): 0;  Lambda Factor: 0.00000; Lambda Source: Lambda@Triax320; Lambda Offset: 0.00000;Multiplier Source: GrooveRatio@Triax320; Multiplier Value: 0.00000; Y Bins: 1; X Start: 1; X End: 1024; Y Start: 70; Y End: 120; Integration Time(ms): 30000; ADC1:  20 kHz Tab 1; ; Ccd Temp(degC): -124.054; Shutter Enable: True; Accumulation: 1; Noise Mode: Off; Noise Window Enabled: False; Window Width(ds): 1.000; Window Avg Samples: 1;

#SympCCD.XPixels               	SympCCD.Wavelenght(nm)        	SympCCD.Y Pix Row 1(Cnt)      
1E+0	607.4648E+0	1.142E+3
2E+0	607.5865E+0	1.157E+3
3E+0	607.7082E+0	1.147E+3
4E+0	607.83E+0	1.167E+3
5E+0	607.9517E+0	1.162E+3
6E+0	608.0734E+0	1.147E+3
7E+0	608.1952E+0	1.156E+3
8E+0	608.3169E+0	1.2E+3
9E+0	608.4387E+0	1.164E+3
10E+0	608.5604E+0	1.168E+3
11E+0	608.6821E+0	1.156E+3
12E+0	608.8039E+0	1.156E+3
13E+0	608.9256E+0	1.172E+3
14E+0	609.0474E+0	1.199E+3
15E+0	609.1691E+0	1.174E+3
16E+0	609.2909E+0	1.184E+3
17E+0	609.4126E+0	1.151E+3
18E+0	609.5344E+0	1.159E+3
19E+0	609.6561E+0	1.153E+3
20E+0	609.7779E+0	1.185E+3
21E+0	609.8997E+0	1.177E+3
22E+0	610.0214E+0	1.165E+3
23E+0	610.1432E+0	1.179E+3
24E+0	610.2649E+0	1.189E+3
25E+0	610.3867E+0	1.195E+3
26E+0	610.5085E+0	1.184E+3
27E+0	610.6302E+0	1.216E+3
28E+0	610.752E+0	1.178E+3
29E+0	610.8738E+0	1.181E+3
30E+0	610.9955E+0	1.18E+3
31E+0	611.1173E+0	1.201E+3
32E+0	611.2391E+0	1.167E+3
33E+0	611.3609E+0	1.192E+3
34E+0	611.4827E+0	1.168E+3
35E+0	611.6044E+0	1.203E+3
36E+0	611.7262E+0	1.201E+3
37E+0	611.848E+0	1.207E+3
38E+0	611.9698E+0	1.205E+3
39E+0	612.0916E+0	1.227E+3
40E+0	612.2133E+0	1.199E+3
41E+0	612.3351E+0	1.186E+3
42E+0	612.4569E+0	1.202E+3
43E+0	612.5787E+0	1.201E+3
44E+0	612.7005E+0	1.213E+3
45E+0	612.8223E+0	1.204E+3
46E+0	612.9441E+0	1.175E+3
47E+0	613.0659E+0	1.188E+3
48E+0	613.1877E+0	1.22E+3
49E+0	613.3095E+0	1.205E+3
50E+0	613.4313E+0	1.178E+3
51E+0	613.5531E+0	1.219E+3
52E+0	613.6749E+0	1.185E+3
53E+0	613.7967E+0	1.208E+3
54E+0	613.9185E+0	1.21E+3
55E+0	614.0403E+0	1.196E+3
56E+0	614.1621E+0	1.183E+3
57E+0	614.2839E+0	1.218E+3
58E+0	614.4057E+0	1.18E+3
59E+0	614.5276E+0	1.215E+3
60E+0	614.6494E+0	1.203E+3
61E+0	614.7712E+0	1.226E+3
62E+0	614.893E+0	1.206E+3
63E+0	615.0148E+0	1.235E+3
64E+0	615.1367E+0	1.24E+3
65E+0	615.2585E+0	1.216E+3
66E+0	615.3803E+0	1.196E+3
67E+0	615.5021E+0	1.222E+3
68E+0	615.6239E+0	1.207E+3
69E+0	615.7458E+0	1.209E+3
70E+0	615.8676E+0	1.218E+3
71E+0	615.9894E+0	1.218E+3
72E+0	616.1113E+0	1.214E+3
73E+0	616.2331E+0	1.224E+3
74E+0	616.3549E+0	1.214E+3
75E+0	616.4768E+0	1.219E+3
76E+0	616.5986E+0	1.237E+3
77E+0	616.7204E+0	1.202E+3
78E+0	616.8423E+0	1.203E+3
79E+0	616.9641E+0	1.225E+3
80E+0	617.086E+0	1.215E+3
81E+0	617.2078E+0	1.199E+3
82E+0	617.3297E+0	1.216E+3
83E+0	617.4515E+0	1.206E+3
84E+0	617.5733E+0	1.217E+3
85E+0	617.6952E+0	1.236E+3
86E+0	617.817E+0	1.242E+3
87E+0	617.9389E+0	1.219E+3
88E+0	618.0608E+0	1.216E+3
89E+0	618.1826E+0	1.239E+3
90E+0	618.3045E+0	1.211E+3
91E+0	618.4263E+0	1.223E+3
92E+0	618.5482E+0	1.23E+3
93E+0	618.67E+0	1.226E+3
94E+0	618.7919E+0	1.228E+3
95E+0	618.9138E+0	1.226E+3
96E+0	619.0356E+0	1.221E+3
97E+0	619.1575E+0	1.222E+3
98E+0	619.2794E+0	1.229E+3
99E+0	619.4012E+0	1.221E+3
100E+0	619.5231E+0	1.219E+3
101E+0	619.645E+0	1.241E+3
102E+0	619.7668E+0	1.233E+3
103E+0	619.8887E+0	1.222E+3
104E+0	620.0106E+0	1.228E+3
105E+0	620.1325E+0	1.253E+3
106E+0	620.2543E+0	1.197E+3
107E+0	620.3762E+0	1.218E+3
108E+0	620.4981E+0	1.212E+3
109E+0	620.62E+0	1.208E+3
110E+0	620.7419E+0	1.238E+3
111E+0	620.8637E+0	1.219E+3
112E+0	620.9856E+0	1.257E+3
113E+0	621.1075E+0	1.227E+3
114E+0	621.2294E+0	1.246E+3
115E+0	621.3513E+0	1.268E+3
116E+0	621.4732E+0	1.22E+3
117E+0	621.5951E+0	1.233E+3
118E+0	621.717E+0	1.234E+3
119E+0	621.8389E+0	1.222E+3
120E+0	621.9607E+0	1.241E+3
121E+0	622.0826E+0	1.226E+3
122E+0	622.2045E+0	1.242E+3
123E+0	622.3264E+0	1.254E+3
124E+0	622.4483E+0	1.22E+3
125E+0	622.5702E+0	1.237E+3
126E+0	622.6921E+0	1.237E+3
127E+0	622.814E+0	1.259E+3
128E+0	622.936E+0	1.235E+3
129E+0	623.0579E+0	1.257E+3
130E+0	623.1798E+0	1.27E+3
131E+0	623.3017E+0	1.241E+3
132E+0	623.4236E+0	1.252E+3
133E+0	623.5455E+0	1.254E+3
134E+0	623.6674E+0	1.228E+3
135E+0	623.7893E+0	1.239E+3
136E+0	623.9112E+0	1.235E+3
137E+0	624.0331E+0	1.229E+3
138E+0	624.1551E+0	1.213E+3
139E+0	624.277E+0	1.249E+3
140E+0	624.3989E+0	1.211E+3
141E+0	624.5208E+0	1.242E+3
142E+0	624.6427E+0	1.248E+3
143E+0	624.7647E+0	1.25E+3
144E+0	624.8866E+0	1.225E+3
145E+0	625.0085E+0	1.251E+3
146E+0	625.1304E+0	1.243E+3
147E+0	625.2524E+0	1.228E+3
148E+0	625.3743E+0	1.246E+3
149E+0	625.4962E+0	1.255E+3
150E+0	625.6182E+0	1.246E+3
151E+0	625.7401E+0	1.246E+3
152E+0	625.862E+0	1.235E+3
153E+0	625.984E+0	1.252E+3
154E+0	626.1059E+0	1.266E+3
155E+0	626.2278E+0	1.241E+3
156E+0	626.3498E+0	1.249E+3
157E+0	626.4717E+0	1.259E+3
158E+0	626.5937E+0	1.247E+3
159E+0	626.7156E+0	1.248E+3
160E+0	626.8375E+0	1.231E+3
161E+0	626.9595E+0	1.26E+3
162E+0	627.0814E+0	1.243E+3
163E+0	627.2034E+0	1.254E+3
164E+0	627.3253E+0	1.229E+3
165E+0	627.4473E+0	1.283E+3
166E+0	627.5692E+0	1.278E+3
167E+0	627.6912E+0	1.269E+3
168E+0	627.8131E+0	1.234E+3
169E+0	627.9351E+0	1.26E+3
170E+0	628.057E+0	1.276E+3
171E+0	628.179E+0	1.271E+3
172E+0	628.301E+0	1.278E+3
173E+0	628.4229E+0	1.316E+3
174E+0	628.5449E+0	1.256E+3
175E+0	628.6668E+0	1.266E+3
176E+0	628.7888E+0	1.25E+3
177E+0	628.9108E+0	1.274E+3
178E+0	629.0327E+0	1.245E+3
179E+0	629.1547E+0	1.275E+3
180E+0	629.2766E+0	1.267E+3
181E+0	629.3986E+0	1.27E+3
182E+0	629.5206E+0	1.312E+3
183E+0	629.6426E+0	1.295E+3
184E+0	629.7645E+0	1.277E+3
185E+0	629.8865E+0	1.289E+3
186E+0	630.0085E+0	1.295E+3
187E+0	630.1304E+0	1.239E+3
188E+0	630.2524E+0	1.261E+3
189E+0	630.3744E+0	1.278E+3
190E+0	630.4964E+0	1.326E+3
191E+0	630.6183E+0	1.278E+3
192E+0	630.7403E+0	1.277E+3
193E+0	630.8623E+0	1.275E+3
194E+0	630.9843E+0	1.287E+3
195E+0	631.1063E+0	1.282E+3
196E+0	631.2283E+0	1.254E+3
197E+0	631.3502E+0	1.31E+3
198E+0	631.4722E+0	1.288E+3
199E+0	631.5942E+0	1.257E+3
200E+0	631.7162E+0	1.297E+3
201E+0	631.8382E+0	1.293E+3
202E+0	631.9602E+0	1.264E+3
203E+0	632.0822E+0	1.26E+3
204E+0	632.2042E+0	1.29E+3
205E+0	632.3262E+0	1.273E+3
206E+0	632.4481E+0	1.288E+3
207E+0	632.5701E+0	1.263E+3
208E+0	632.6921E+0	1.253E+3
209E+0	632.8141E+0	1.269E+3
210E+0	632.9361E+0	1.28E+3
211E+0	633.0581E+0	1.261E+3
212E+0	633.1801E+0	1.284E+3
213E+0	633.3021E+0	1.269E+3
214E+0	633.4241E+0	1.273E+3
215E+0	633.5461E+0	1.265E+3
216E+0	633.6681E+0	1.252E+3
217E+0	633.7902E+0	1.277E+3
218E+0	633.9122E+0	1.279E+3
219E+0	634.0342E+0	1.303E+3
220E+0	634.1562E+0	1.267E+3
221E+0	634.2782E+0	1.29E+3
222E+0	634.4002E+0	1.232E+3
223E+0	634.5222E+0	1.249E+3
224E+0	634.6442E+0	1.27E+3
225E+0	634.7662E+0	1.262E+3
226E+0	634.8882E+0	1.277E+3
227E+0	635.0103E+0	1.25E+3
228E+0	635.1323E+0	1.246E+3
229E+0	635.2543E+0	1.263E+3
230E+0	635.3763E+0	1.238E+3
231E+0	635.4983E+0	1.235E+3
232E+0	635.6204E+0	1.273E+3
233E+0	635.7424E+0	1.264E+3
234E+0	635.8644E+0	1.288E+3
235E+0	635.9864E+0	1.253E+3
236E+0	636.1085E+0	1.247E+3
237E+0	636.2305E+0	1.254E+3
238E+0	636.3525E+0	1.273E+3
239E+0	636.4745E+0	1.256E+3
240E+0	636.5966E+0	1.249E+3
241E+0	636.7186E+0	1.239E+3
242E+0	636.8406E+0	1.253E+3
243E+0	636.9627E+0	1.248E+3
244E+0	637.0847E+0	1.258E+3
245E+0	637.2067E+0	1.221E+3
246E+0	637.3288E+0	1.223E+3
247E+0	637.4508E+0	1.239E+3
248E+0	637.5728E+0	1.213E+3
249E+0	637.6949E+0	1.24E+3
250E+0	637.8169E+0	1.234E+3
251E+0	637.9389E+0	1.244E+3
252E+0	638.061E+0	1.242E+3
253E+0	638.183E+0	1.217E+3
254E+0	638.3051E+0	1.229E+3
255E+0	638.4271E+0	1.227E+3
256E+0	638.5491E+0	1.254E+3
257E+0	638.6712E+0	1.236E+3
258E+0	638.7932E+0	1.256E+3
259E+0	638.9153E+0	1.218E+3
260E+0	639.0373E+0	1.219E+3
261E+0	639.1594E+0	1.208E+3
262E+0	639.2814E+0	1.235E+3
263E+0	639.4035E+0	1.25E+3
264E+0	639.5255E+0	1.22E+3
265E+0	639.6476E+0	1.218E+3
266E+0	639.7696E+0	1.227E+3
267E+0	639.8917E+0	1.248E+3
268E+0	640.0137E+0	1.23E+3
269E+0	640.1358E+0	1.222E+3
270E+0	640.2579E+0	1.228E+3
271E+0	640.3799E+0	1.211E+3
272E+0	640.502E+0	1.226E+3
273E+0	640.624E+0	1.238E+3
274E+0	640.7461E+0	1.233E+3
275E+0	640.8682E+0	1.229E+3
276E+0	640.9902E+0	1.218E+3
277E+0	641.1123E+0	1.223E+3
278E+0	641.2343E+0	1.202E+3
279E+0	641.3564E+0	1.222E+3
280E+0	641.4785E+0	1.23E+3
281E+0	641.6005E+0	1.21E+3
282E+0	641.7226E+0	1.239E+3
283E+0	641.8447E+0	1.22E+3
284E+0	641.9667E+0	1.234E+3
285E+0	642.0888E+0	1.206E+3
286E+0	642.2109E+0	1.21E+3
287E+0	642.333E+0	1.22E+3
288E+0	642.455E+0	1.221E+3
289E+0	642.5771E+0	1.238E+3
290E+0	642.6992E+0	1.182E+3
291E+0	642.8213E+0	1.236E+3
292E+0	642.9433E+0	1.202E+3
293E+0	643.0654E+0	1.222E+3
294E+0	643.1875E+0	1.241E+3
295E+0	643.3096E+0	1.213E+3
296E+0	643.4316E+0	1.187E+3
297E+0	643.5537E+0	1.204E+3
298E+0	643.6758E+0	1.204E+3
299E+0	643.7979E+0	1.197E+3
300E+0	643.92E+0	1.187E+3
301E+0	644.042E+0	1.238E+3
302E+0	644.1641E+0	1.194E+3
303E+0	644.2862E+0	1.2E+3
304E+0	644.4083E+0	1.246E+3
305E+0	644.5304E+0	1.217E+3
306E+0	644.6525E+0	1.192E+3
307E+0	644.7746E+0	1.222E+3
308E+0	644.8967E+0	1.223E+3
309E+0	645.0187E+0	1.217E+3
310E+0	645.1408E+0	1.216E+3
311E+0	645.2629E+0	1.216E+3
312E+0	645.385E+0	1.177E+3
313E+0	645.5071E+0	1.216E+3
314E+0	645.6292E+0	1.189E+3
315E+0	645.7513E+0	1.199E+3
316E+0	645.8734E+0	1.202E+3
317E+0	645.9955E+0	1.189E+3
318E+0	646.1176E+0	1.208E+3
319E+0	646.2397E+0	1.19E+3
320E+0	646.3618E+0	1.212E+3
321E+0	646.4839E+0	1.185E+3
322E+0	646.606E+0	1.205E+3
323E+0	646.7281E+0	1.22E+3
324E+0	646.8502E+0	1.222E+3
325E+0	646.9723E+0	1.204E+3
326E+0	647.0944E+0	1.218E+3
327E+0	647.2165E+0	1.199E+3
328E+0	647.3386E+0	1.205E+3
329E+0	647.4607E+0	1.226E+3
330E+0	647.5828E+0	1.196E+3
331E+0	647.7049E+0	1.205E+3
332E+0	647.827E+0	1.192E+3
333E+0	647.9491E+0	1.222E+3
334E+0	648.0712E+0	1.194E+3
335E+0	648.1934E+0	1.209E+3
336E+0	648.3155E+0	1.219E+3
337E+0	648.4376E+0	1.191E+3
338E+0	648.5597E+0	1.202E+3
339E+0	648.6818E+0	1.205E+3
340E+0	648.8039E+0	1.2E+3
341E+0	648.926E+0	1.216E+3
342E+0	649.0481E+0	1.178E+3
343E+0	649.1703E+0	1.194E+3
344E+0	649.2924E+0	1.21E+3
345E+0	649.4145E+0	1.18E+3
346E+0	649.5366E+0	1.2E+3
347E+0	649.6587E+0	1.203E+3
348E+0	649.7809E+0	1.167E+3
349E+0	649.903E+0	1.198E+3
350E+0	650.0251E+0	1.174E+3
351E+0	650.1472E+0	1.194E+3
352E+0	650.2693E+0	1.187E+3
353E+0	650.3915E+0	1.171E+3
354E+0	650.5136E+0	1.218E+3
355E+0	650.6357E+0	1.182E+3
356E+0	650.7578E+0	1.198E+3
357E+0	650.88E+0	1.197E+3
358E+0	651.0021E+0	1.178E+3
359E+0	651.1242E+0	1.201E+3
360E+0	651.2463E+0	1.192E+3
361E+0	651.3685E+0	1.171E+3
362E+0	651.4906E+0	1.192E+3
363E+0	651.6127E+0	1.19E+3
364E+0	651.7349E+0	1.189E+3
365E+0	651.857E+0	1.183E+3
366E+0	651.9791E+0	1.189E+3
367E+0	652.1013E+0	1.204E+3
368E+0	652.2234E+0	1.169E+3
369E+0	652.3455E+0	1.173E+3
370E+0	652.4677E+0	1.176E+3
371E+0	652.5898E+0	1.189E+3
372E+0	652.7119E+0	1.192E+3
373E+0	652.8341E+0	1.188E+3
374E+0	652.9562E+0	1.175E+3
375E+0	653.0783E+0	1.216E+3
376E+0	653.2005E+0	1.182E+3
377E+0	653.3226E+0	1.185E+3
378E+0	653.4448E+0	1.162E+3
379E+0	653.5669E+0	1.166E+3
380E+0	653.689E+0	1.169E+3
381E+0	653.8112E+0	1.174E+3
382E+0	653.9333E+0	1.194E+3
383E+0	654.0555E+0	1.178E+3
384E+0	654.1776E+0	1.2E+3
385E+0	654.2997E+0	1.188E+3
386E+0	654.4219E+0	1.186E+3
387E+0	654.544E+0	1.179E+3
388E+0	654.6662E+0	1.166E+3
389E+0	654.7883E+0	1.193E+3
390E+0	654.9105E+0	1.19E+3
391E+0	655.0326E+0	1.185E+3
392E+0	655.1548E+0	1.182E+3
393E+0	655.2769E+0	1.157E+3
394E+0	655.3991E+0	1.2E+3
395E+0	655.5212E+0	1.165E+3
396E+0	655.6434E+0	1.183E+3
397E+0	655.7655E+0	1.189E+3
398E+0	655.8877E+0	1.175E+3
399E+0	656.0098E+0	1.186E+3
400E+0	656.132E+0	1.176E+3
401E+0	656.2541E+0	1.188E+3
402E+0	656.3763E+0	1.188E+3
403E+0	656.4984E+0	1.175E+3
404E+0	656.6206E+0	1.166E+3
405E+0	656.7428E+0	1.205E+3
406E+0	656.8649E+0	1.172E+3
407E+0	656.9871E+0	1.193E+3
408E+0	657.1092E+0	1.169E+3
409E+0	657.2314E+0	1.164E+3
410E+0	657.3535E+0	1.204E+3
411E+0	657.4757E+0	1.173E+3
412E+0	657.5979E+0	1.173E+3
413E+0	657.72E+0	1.201E+3
414E+0	657.8422E+0	1.175E+3
415E+0	657.9643E+0	1.173E+3
416E+0	658.0865E+0	1.169E+3
417E+0	658.2087E+0	1.206E+3
418E+0	658.3308E+0	1.173E+3
419E+0	658.453E+0	1.196E+3
420E+0	658.5752E+0	1.181E+3
421E+0	658.6973E+0	1.184E+3
422E+0	658.8195E+0	1.205E+3
423E+0	658.9417E+0	1.196E+3
424E+0	659.0638E+0	1.198E+3
425E+0	659.186E+0	1.173E+3
426E+0	659.3082E+0	1.195E+3
427E+0	659.4303E+0	1.186E+3
428E+0	659.5525E+0	1.197E+3
429E+0	659.6747E+0	1.161E+3
430E+0	659.7968E+0	1.174E+3
431E+0	659.919E+0	1.171E+3
432E+0	660.0412E+0	1.17E+3
433E+0	660.1633E+0	1.167E+3
434E+0	660.2855E+0	1.178E+3
435E+0	660.4077E+0	1.168E+3
436E+0	660.5299E+0	1.144E+3
437E+0	660.652E+0	1.188E+3
438E+0	660.7742E+0	1.155E+3
439E+0	660.8964E+0	1.18E+3
440E+0	661.0185E+0	1.157E+3
441E+0	661.1407E+0	1.183E+3
442E+0	661.2629E+0	1.188E+3
443E+0	661.3851E+0	1.154E+3
444E+0	661.5072E+0	1.177E+3
445E+0	661.6294E+0	1.189E+3
446E+0	661.7516E+0	1.148E+3
447E+0	661.8738E+0	1.196E+3
448E+0	661.996E+0	1.172E+3
449E+0	662.1181E+0	1.199E+3
450E+0	662.2403E+0	1.158E+3
451E+0	662.3625E+0	1.19E+3
452E+0	662.4847E+0	1.166E+3
453E+0	662.6069E+0	1.182E+3
454E+0	662.729E+0	1.161E+3
455E+0	662.8512E+0	1.189E+3
456E+0	662.9734E+0	1.19E+3
457E+0	663.0956E+0	1.176E+3
458E+0	663.2178E+0	1.174E+3
459E+0	663.3399E+0	1.157E+3
460E+0	663.4621E+0	1.19E+3
461E+0	663.5843E+0	1.16E+3
462E+0	663.7065E+0	1.175E+3
463E+0	663.8287E+0	1.191E+3
464E+0	663.9509E+0	1.192E+3
465E+0	664.073E+0	1.161E+3
466E+0	664.1952E+0	1.201E+3
467E+0	664.3174E+0	1.172E+3
468E+0	664.4396E+0	1.157E+3
469E+0	664.5618E+0	1.187E+3
470E+0	664.684E+0	1.176E+3
471E+0	664.8062E+0	1.159E+3
472E+0	664.9284E+0	1.172E+3
473E+0	665.0505E+0	1.169E+3
474E+0	665.1727E+0	1.167E+3
475E+0	665.2949E+0	1.158E+3
476E+0	665.4171E+0	1.181E+3
477E+0	665.5393E+0	1.168E+3
478E+0	665.6615E+0	1.2E+3
479E+0	665.7837E+0	1.17E+3
480E+0	665.9059E+0	1.183E+3
481E+0	666.0281E+0	1.189E+3
482E+0	666.1503E+0	1.187E+3
483E+0	666.2725E+0	1.148E+3
484E+0	666.3946E+0	1.152E+3
485E+0	666.5168E+0	1.159E+3
486E+0	666.639E+0	1.163E+3
487E+0	666.7612E+0	1.176E+3
488E+0	666.8834E+0	1.154E+3
489E+0	667.0056E+0	1.177E+3
490E+0	667.1278E+0	1.168E+3
491E+0	667.25E+0	1.16E+3
492E+0	667.3722E+0	1.165E+3
493E+0	667.4944E+0	1.175E+3
494E+0	667.6166E+0	1.157E+3
495E+0	667.7388E+0	1.173E+3
496E+0	667.861E+0	1.173E+3
497E+0	667.9832E+0	1.169E+3
498E+0	668.1054E+0	1.168E+3
499E+0	668.2276E+0	1.17E+3
500E+0	668.3498E+0	1.188E+3
501E+0	668.472E+0	1.19E+3
502E+0	668.5942E+0	1.16E+3
503E+0	668.7164E+0	1.171E+3
504E+0	668.8386E+0	1.167E+3
505E+0	668.9608E+0	1.181E+3
506E+0	669.083E+0	1.165E+3
507E+0	669.2052E+0	1.17E+3
508E+0	669.3274E+0	1.16E+3
509E+0	669.4496E+0	1.183E+3
510E+0	669.5718E+0	1.175E+3
511E+0	669.694E+0	1.161E+3
512E+0	669.8162E+0	1.196E+3
513E+0	669.9384E+0	1.159E+3
514E+0	670.0606E+0	1.183E+3
515E+0	670.1828E+0	1.159E+3
516E+0	670.305E+0	1.175E+3
517E+0	670.4272E+0	1.171E+3
518E+0	670.5494E+0	1.171E+3
519E+0	670.6716E+0	1.168E+3
520E+0	670.7938E+0	1.175E+3
521E+0	670.916E+0	1.183E+3
522E+0	671.0382E+0	1.16E+3
523E+0	671.1604E+0	1.169E+3
524E+0	671.2826E+0	1.179E+3
525E+0	671.4049E+0	1.162E+3
526E+0	671.5271E+0	1.166E+3
527E+0	671.6493E+0	1.152E+3
528E+0	671.7715E+0	1.146E+3
529E+0	671.8937E+0	1.173E+3
530E+0	672.0159E+0	1.167E+3
531E+0	672.1381E+0	1.169E+3
532E+0	672.2603E+0	1.182E+3
533E+0	672.3825E+0	1.163E+3
534E+0	672.5047E+0	1.172E+3
535E+0	672.6269E+0	1.14E+3
536E+0	672.7491E+0	1.157E+3
537E+0	672.8713E+0	1.15E+3
538E+0	672.9936E+0	1.146E+3
539E+0	673.1158E+0	1.162E+3
540E+0	673.238E+0	1.153E+3
541E+0	673.3602E+0	1.182E+3
542E+0	673.4824E+0	1.163E+3
543E+0	673.6046E+0	1.175E+3
544E+0	673.7268E+0	1.167E+3
545E+0	673.849E+0	1.168E+3
546E+0	673.9712E+0	1.167E+3
547E+0	674.0935E+0	1.15E+3
548E+0	674.2157E+0	1.169E+3
549E+0	674.3379E+0	1.155E+3
550E+0	674.4601E+0	1.149E+3
551E+0	674.5823E+0	1.166E+3
552E+0	674.7045E+0	1.156E+3
553E+0	674.8267E+0	1.163E+3
554E+0	674.9489E+0	1.137E+3
555E+0	675.0712E+0	1.157E+3
556E+0	675.1934E+0	1.187E+3
557E+0	675.3156E+0	1.176E+3
558E+0	675.4378E+0	1.144E+3
559E+0	675.56E+0	1.157E+3
560E+0	675.6822E+0	1.152E+3
561E+0	675.8044E+0	1.15E+3
562E+0	675.9266E+0	1.155E+3
563E+0	676.0489E+0	1.166E+3
564E+0	676.1711E+0	1.169E+3
565E+0	676.2933E+0	1.165E+3
566E+0	676.4155E+0	1.159E+3
567E+0	676.5377E+0	1.157E+3
568E+0	676.6599E+0	1.175E+3
569E+0	676.7822E+0	1.135E+3
570E+0	676.9044E+0	1.176E+3
571E+0	677.0266E+0	1.195E+3
572E+0	677.1488E+0	1.156E+3
573E+0	677.271E+0	1.174E+3
574E+0	677.3932E+0	1.177E+3
575E+0	677.5155E+0	1.166E+3
576E+0	677.6377E+0	1.164E+3
577E+0	677.7599E+0	1.167E+3
578E+0	677.8821E+0	1.158E+3
579E+0	678.0043E+0	1.166E+3
580E+0	678.1265E+0	1.181E+3
581E+0	678.2488E+0	1.142E+3
582E+0	678.371E+0	1.155E+3
583E+0	678.4932E+0	1.166E+3
584E+0	678.6154E+0	1.158E+3
585E+0	678.7376E+0	1.166E+3
586E+0	678.8598E+0	1.17E+3
587E+0	678.9821E+0	1.157E+3
588E+0	679.1043E+0	1.166E+3
589E+0	679.2265E+0	1.172E+3
590E+0	679.3487E+0	1.15E+3
591E+0	679.4709E+0	1.159E+3
592E+0	679.5932E+0	1.157E+3
593E+0	679.7154E+0	1.156E+3
594E+0	679.8376E+0	1.158E+3
595E+0	679.9598E+0	1.157E+3
596E+0	680.082E+0	1.177E+3
597E+0	680.2042E+0	1.173E+3
598E+0	680.3265E+0	1.159E+3
599E+0	680.4487E+0	1.161E+3
600E+0	680.5709E+0	1.161E+3
601E+0	680.6931E+0	1.169E+3
602E+0	680.8153E+0	1.151E+3
603E+0	680.9376E+0	1.164E+3
604E+0	681.0598E+0	1.164E+3
605E+0	681.182E+0	1.157E+3
606E+0	681.3042E+0	1.162E+3
607E+0	681.4264E+0	1.157E+3
608E+0	681.5487E+0	1.156E+3
609E+0	681.6709E+0	1.17E+3
610E+0	681.7931E+0	1.151E+3
611E+0	681.9153E+0	1.153E+3
612E+0	682.0375E+0	1.157E+3
613E+0	682.1598E+0	1.149E+3
614E+0	682.282E+0	1.161E+3
615E+0	682.4042E+0	1.174E+3
616E+0	682.5264E+0	1.168E+3
617E+0	682.6486E+0	1.157E+3
618E+0	682.7709E+0	1.175E+3
619E+0	682.8931E+0	1.137E+3
620E+0	683.0153E+0	1.149E+3
621E+0	683.1375E+0	1.166E+3
622E+0	683.2597E+0	1.195E+3
623E+0	683.382E+0	1.165E+3
624E+0	683.5042E+0	1.193E+3
625E+0	683.6264E+0	1.158E+3
626E+0	683.7486E+0	1.167E+3
627E+0	683.8708E+0	1.157E+3
628E+0	683.9931E+0	1.148E+3
629E+0	684.1153E+0	1.145E+3
630E+0	684.2375E+0	1.145E+3
631E+0	684.3597E+0	1.149E+3
632E+0	684.482E+0	1.168E+3
633E+0	684.6042E+0	1.145E+3
634E+0	684.7264E+0	1.168E+3
635E+0	684.8486E+0	1.136E+3
636E+0	684.9708E+0	1.176E+3
637E+0	685.0931E+0	1.146E+3
638E+0	685.2153E+0	1.142E+3
639E+0	685.3375E+0	1.155E+3
640E+0	685.4597E+0	1.166E+3
641E+0	685.5819E+0	1.175E+3
642E+0	685.7042E+0	1.146E+3
643E+0	685.8264E+0	1.156E+3
644E+0	685.9486E+0	1.16E+3
645E+0	686.0708E+0	1.151E+3
646E+0	686.193E+0	1.162E+3
647E+0	686.3153E+0	1.166E+3
648E+0	686.4375E+0	1.16E+3
649E+0	686.5597E+0	1.159E+3
650E+0	686.6819E+0	1.168E+3
651E+0	686.8041E+0	1.14E+3
652E+0	686.9264E+0	1.176E+3
653E+0	687.0486E+0	1.154E+3
654E+0	687.1708E+0	1.145E+3
655E+0	687.293E+0	1.175E+3
656E+0	687.4152E+0	1.192E+3
657E+0	687.5375E+0	1.147E+3
658E+0	687.6597E+0	1.16E+3
659E+0	687.7819E+0	1.17E+3
660E+0	687.9041E+0	1.153E+3
661E+0	688.0263E+0	1.158E+3
662E+0	688.1486E+0	1.158E+3
663E+0	688.2708E+0	1.145E+3
664E+0	688.393E+0	1.145E+3
665E+0	688.5152E+0	1.139E+3
666E+0	688.6374E+0	1.147E+3
667E+0	688.7597E+0	1.166E+3
668E+0	688.8819E+0	1.159E+3
669E+0	689.0041E+0	1.167E+3
670E+0	689.1263E+0	1.163E+3
671E+0	689.2485E+0	1.174E+3
672E+0	689.3707E+0	1.14E+3
673E+0	689.493E+0	1.163E+3
674E+0	689.6152E+0	1.146E+3
675E+0	689.7374E+0	1.155E+3
676E+0	689.8596E+0	1.147E+3
677E+0	689.9818E+0	1.162E+3
678E+0	690.1041E+0	1.173E+3
679E+0	690.2263E+0	1.162E+3
680E+0	690.3485E+0	1.173E+3
681E+0	690.4707E+0	1.16E+3
682E+0	690.5929E+0	1.156E+3
683E+0	690.7151E+0	1.136E+3
684E+0	690.8374E+0	1.178E+3
685E+0	690.9596E+0	1.184E+3
686E+0	691.0818E+0	1.171E+3
687E+0	691.204E+0	1.159E+3
688E+0	691.3262E+0	1.14E+3
689E+0	691.4484E+0	1.169E+3
690E+0	691.5707E+0	1.15E+3
691E+0	691.6929E+0	1.125E+3
692E+0	691.8151E+0	1.148E+3
693E+0	691.9373E+0	1.16E+3
694E+0	692.0595E+0	1.181E+3
695E+0	692.1817E+0	1.163E+3
696E+0	692.304E+0	1.143E+3
697E+0	692.4262E+0	1.164E+3
698E+0	692.5484E+0	1.158E+3
699E+0	692.6706E+0	1.168E+3
700E+0	692.7928E+0	1.13E+3
701E+0	692.915E+0	1.164E+3
702E+0	693.0372E+0	1.158E+3
703E+0	693.1595E+0	1.164E+3
704E+0	693.2817E+0	1.148E+3
705E+0	693.4039E+0	1.152E+3
706E+0	693.5261E+0	1.156E+3
707E+0	693.6483E+0	1.153E+3
708E+0	693.7705E+0	1.147E+3
709E+0	693.8927E+0	1.142E+3
710E+0	694.015E+0	1.182E+3
711E+0	694.1372E+0	1.172E+3
712E+0	694.2594E+0	1.16E+3
713E+0	694.3816E+0	1.156E+3
714E+0	694.5038E+0	1.153E+3
715E+0	694.626E+0	1.155E+3
716E+0	694.7482E+0	1.16E+3
717E+0	694.8704E+0	1.157E+3
718E+0	694.9927E+0	1.173E+3
719E+0	695.1149E+0	1.139E+3
720E+0	695.2371E+0	1.135E+3
721E+0	695.3593E+0	1.16E+3
722E+0	695.4815E+0	1.167E+3
723E+0	695.6037E+0	1.143E+3
724E+0	695.7259E+0	1.175E+3
725E+0	695.8481E+0	1.137E+3
726E+0	695.9703E+0	1.15E+3
727E+0	696.0925E+0	1.134E+3
728E+0	696.2148E+0	1.166E+3
729E+0	696.337E+0	1.139E+3
730E+0	696.4592E+0	1.131E+3
731E+0	696.5814E+0	1.167E+3
732E+0	696.7036E+0	1.133E+3
733E+0	696.8258E+0	1.142E+3
734E+0	696.948E+0	1.16E+3
735E+0	697.0702E+0	1.156E+3
736E+0	697.1924E+0	1.151E+3
737E+0	697.3146E+0	1.177E+3
738E+0	697.4368E+0	1.145E+3
739E+0	697.559E+0	1.14E+3
740E+0	697.6812E+0	1.144E+3
741E+0	697.8034E+0	1.157E+3
742E+0	697.9257E+0	1.151E+3
743E+0	698.0479E+0	1.161E+3
744E+0	698.1701E+0	1.16E+3
745E+0	698.2923E+0	1.149E+3
746E+0	698.4145E+0	1.151E+3
747E+0	698.5367E+0	1.153E+3
748E+0	698.6589E+0	1.146E+3
749E+0	698.7811E+0	1.157E+3
750E+0	698.9033E+0	1.161E+3
751E+0	699.0255E+0	1.138E+3
752E+0	699.1477E+0	1.143E+3
753E+0	699.2699E+0	1.154E+3
754E+0	699.3921E+0	1.142E+3
755E+0	699.5143E+0	1.168E+3
756E+0	699.6365E+0	1.136E+3
757E+0	699.7587E+0	1.132E+3
758E+0	699.8809E+0	1.161E+3
759E+0	700.0031E+0	1.163E+3
760E+0	700.1253E+0	1.157E+3
761E+0	700.2475E+0	1.136E+3
762E+0	700.3697E+0	1.154E+3
763E+0	700.4919E+0	1.164E+3
764E+0	700.6141E+0	1.135E+3
765E+0	700.7363E+0	1.18E+3
766E+0	700.8585E+0	1.158E+3
767E+0	700.9807E+0	1.157E+3
768E+0	701.1029E+0	1.156E+3
769E+0	701.2251E+0	1.154E+3
770E+0	701.3473E+0	1.149E+3
771E+0	701.4695E+0	1.155E+3
772E+0	701.5917E+0	1.146E+3
773E+0	701.7139E+0	1.146E+3
774E+0	701.8361E+0	1.142E+3
775E+0	701.9583E+0	1.161E+3
776E+0	702.0804E+0	1.141E+3
777E+0	702.2026E+0	1.15E+3
778E+0	702.3248E+0	1.153E+3
779E+0	702.447E+0	1.144E+3
780E+0	702.5692E+0	1.152E+3
781E+0	702.6914E+0	1.129E+3
782E+0	702.8136E+0	1.15E+3
783E+0	702.9358E+0	1.168E+3
784E+0	703.058E+0	1.149E+3
785E+0	703.1802E+0	1.149E+3
786E+0	703.3024E+0	1.155E+3
787E+0	703.4246E+0	1.164E+3
788E+0	703.5468E+0	1.149E+3
789E+0	703.6689E+0	1.146E+3
790E+0	703.7911E+0	1.152E+3
791E+0	703.9133E+0	1.152E+3
792E+0	704.0355E+0	1.141E+3
793E+0	704.1577E+0	1.149E+3
794E+0	704.2799E+0	1.164E+3
795E+0	704.4021E+0	1.156E+3
796E+0	704.5243E+0	1.149E+3
797E+0	704.6464E+0	1.146E+3
798E+0	704.7686E+0	1.144E+3
799E+0	704.8908E+0	1.146E+3
800E+0	705.013E+0	1.155E+3
801E+0	705.1352E+0	1.138E+3
802E+0	705.2574E+0	1.142E+3
803E+0	705.3795E+0	1.155E+3
804E+0	705.5017E+0	1.172E+3
805E+0	705.6239E+0	1.13E+3
806E+0	705.7461E+0	1.131E+3
807E+0	705.8683E+0	1.12E+3
808E+0	705.9905E+0	1.151E+3
809E+0	706.1126E+0	1.133E+3
810E+0	706.2348E+0	1.128E+3
811E+0	706.357E+0	1.151E+3
812E+0	706.4792E+0	1.15E+3
813E+0	706.6014E+0	1.132E+3
814E+0	706.7235E+0	1.145E+3
815E+0	706.8457E+0	1.129E+3
816E+0	706.9679E+0	1.162E+3
817E+0	707.0901E+0	1.135E+3
818E+0	707.2122E+0	1.127E+3
819E+0	707.3344E+0	1.133E+3
820E+0	707.4566E+0	1.17E+3
821E+0	707.5788E+0	1.149E+3
822E+0	707.7009E+0	1.153E+3
823E+0	707.8231E+0	1.14E+3
824E+0	707.9453E+0	1.14E+3
825E+0	708.0675E+0	1.135E+3
826E+0	708.1896E+0	1.162E+3
827E+0	708.3118E+0	1.122E+3
828E+0	708.434E+0	1.137E+3
829E+0	708.5562E+0	1.149E+3
830E+0	708.6783E+0	1.149E+3
831E+0	708.8005E+0	1.145E+3
832E+0	708.9227E+0	1.153E+3
833E+0	709.0448E+0	1.153E+3
834E+0	709.167E+0	1.141E+3
835E+0	709.2892E+0	1.154E+3
836E+0	709.4113E+0	1.15E+3
837E+0	709.5335E+0	1.145E+3
838E+0	709.6557E+0	1.148E+3
839E+0	709.7778E+0	1.131E+3
840E+0	709.9E+0	1.148E+3
841E+0	710.0222E+0	1.122E+3
842E+0	710.1443E+0	1.128E+3
843E+0	710.2665E+0	1.131E+3
844E+0	710.3887E+0	1.157E+3
845E+0	710.5108E+0	1.135E+3
846E+0	710.633E+0	1.136E+3
847E+0	710.7551E+0	1.143E+3
848E+0	710.8773E+0	1.117E+3
849E+0	710.9995E+0	1.139E+3
850E+0	711.1216E+0	1.139E+3
851E+0	711.2438E+0	1.141E+3
852E+0	711.3659E+0	1.145E+3
853E+0	711.4881E+0	1.16E+3
854E+0	711.6103E+0	1.15E+3
855E+0	711.7324E+0	1.136E+3
856E+0	711.8546E+0	1.135E+3
857E+0	711.9767E+0	1.13E+3
858E+0	712.0989E+0	1.15E+3
859E+0	712.221E+0	1.138E+3
860E+0	712.3432E+0	1.15E+3
861E+0	712.4654E+0	1.165E+3
862E+0	712.5875E+0	1.136E+3
863E+0	712.7097E+0	1.162E+3
864E+0	712.8318E+0	1.137E+3
865E+0	712.954E+0	1.155E+3
866E+0	713.0761E+0	1.132E+3
867E+0	713.1983E+0	1.127E+3
868E+0	713.3204E+0	1.147E+3
869E+0	713.4426E+0	1.139E+3
870E+0	713.5647E+0	1.158E+3
871E+0	713.6869E+0	1.136E+3
872E+0	713.809E+0	1.144E+3
873E+0	713.9312E+0	1.142E+3
874E+0	714.0533E+0	1.138E+3
875E+0	714.1754E+0	1.13E+3
876E+0	714.2976E+0	1.132E+3
877E+0	714.4197E+0	1.137E+3
878E+0	714.5419E+0	1.122E+3
879E+0	714.664E+0	1.155E+3
880E+0	714.7862E+0	1.152E+3
881E+0	714.9083E+0	1.145E+3
882E+0	715.0304E+0	1.138E+3
883E+0	715.1526E+0	1.131E+3
884E+0	715.2747E+0	1.138E+3
885E+0	715.3969E+0	1.159E+3
886E+0	715.519E+0	1.126E+3
887E+0	715.6411E+0	1.147E+3
888E+0	715.7633E+0	1.141E+3
889E+0	715.8854E+0	1.143E+3
890E+0	716.0075E+0	1.149E+3
891E+0	716.1297E+0	1.133E+3
892E+0	716.2518E+0	1.156E+3
893E+0	716.3739E+0	1.132E+3
894E+0	716.4961E+0	1.131E+3
895E+0	716.6182E+0	1.146E+3
896E+0	716.7403E+0	1.132E+3
897E+0	716.8625E+0	1.127E+3
898E+0	716.9846E+0	1.138E+3
899E+0	717.1067E+0	1.137E+3
900E+0	717.2289E+0	1.145E+3
901E+0	717.351E+0	1.145E+3
902E+0	717.4731E+0	1.126E+3
903E+0	717.5952E+0	1.144E+3
904E+0	717.7174E+0	1.142E+3
905E+0	717.8395E+0	1.131E+3
906E+0	717.9616E+0	1.134E+3
907E+0	718.0837E+0	1.135E+3
908E+0	718.2059E+0	1.128E+3
909E+0	718.328E+0	1.139E+3
910E+0	718.4501E+0	1.127E+3
911E+0	718.5722E+0	1.136E+3
912E+0	718.6944E+0	1.119E+3
913E+0	718.8165E+0	1.124E+3
914E+0	718.9386E+0	1.138E+3
915E+0	719.0607E+0	1.136E+3
916E+0	719.1828E+0	1.144E+3
917E+0	719.3049E+0	1.16E+3
918E+0	719.4271E+0	1.145E+3
919E+0	719.5492E+0	1.128E+3
920E+0	719.6713E+0	1.141E+3
921E+0	719.7934E+0	1.153E+3
922E+0	719.9155E+0	1.124E+3
923E+0	720.0376E+0	1.147E+3
924E+0	720.1597E+0	1.14E+3
925E+0	720.2819E+0	1.139E+3
926E+0	720.404E+0	1.136E+3
927E+0	720.5261E+0	1.146E+3
928E+0	720.6482E+0	1.131E+3
929E+0	720.7703E+0	1.124E+3
930E+0	720.8924E+0	1.141E+3
931E+0	721.0145E+0	1.136E+3
932E+0	721.1366E+0	1.153E+3
933E+0	721.2587E+0	1.13E+3
934E+0	721.3808E+0	1.127E+3
935E+0	721.5029E+0	1.132E+3
936E+0	721.625E+0	1.131E+3
937E+0	721.7471E+0	1.14E+3
938E+0	721.8692E+0	1.139E+3
939E+0	721.9913E+0	1.125E+3
940E+0	722.1134E+0	1.153E+3
941E+0	722.2355E+0	1.126E+3
942E+0	722.3576E+0	1.134E+3
943E+0	722.4797E+0	1.124E+3
944E+0	722.6018E+0	1.147E+3
945E+0	722.7239E+0	1.143E+3
946E+0	722.846E+0	1.144E+3
947E+0	722.9681E+0	1.134E+3
948E+0	723.0902E+0	1.126E+3
949E+0	723.2123E+0	1.126E+3
950E+0	723.3344E+0	1.141E+3
951E+0	723.4565E+0	1.142E+3
952E+0	723.5786E+0	1.146E+3
953E+0	723.7006E+0	1.155E+3
954E+0	723.8227E+0	1.14E+3
955E+0	723.9448E+0	1.151E+3
956E+0	724.0669E+0	1.15E+3
957E+0	724.189E+0	1.136E+3
958E+0	724.3111E+0	1.156E+3
959E+0	724.4332E+0	1.134E+3
960E+0	724.5552E+0	1.145E+3
961E+0	724.6773E+0	1.121E+3
962E+0	724.7994E+0	1.14E+3
963E+0	724.9215E+0	1.133E+3
964E+0	725.0436E+0	1.128E+3
965E+0	725.1656E+0	1.128E+3
966E+0	725.2877E+0	1.126E+3
967E+0	725.4098E+0	1.119E+3
968E+0	725.5319E+0	1.121E+3
969E+0	725.654E+0	1.129E+3
970E+0	725.776E+0	1.151E+3
971E+0	725.8981E+0	1.116E+3
972E+0	726.0202E+0	1.141E+3
973E+0	726.1422E+0	1.131E+3
974E+0	726.2643E+0	1.119E+3
975E+0	726.3864E+0	1.128E+3
976E+0	726.5085E+0	1.132E+3
977E+0	726.6305E+0	1.139E+3
978E+0	726.7526E+0	1.131E+3
979E+0	726.8747E+0	1.136E+3
980E+0	726.9967E+0	1.124E+3
981E+0	727.1188E+0	1.123E+3
982E+0	727.2409E+0	1.144E+3
983E+0	727.3629E+0	1.145E+3
984E+0	727.485E+0	1.143E+3
985E+0	727.607E+0	1.12E+3
986E+0	727.7291E+0	1.145E+3
987E+0	727.8512E+0	1.139E+3
988E+0	727.9732E+0	1.104E+3
989E+0	728.0953E+0	1.119E+3
990E+0	728.2173E+0	1.132E+3
991E+0	728.3394E+0	1.131E+3
992E+0	728.4614E+0	1.151E+3
993E+0	728.5835E+0	1.13E+3
994E+0	728.7055E+0	1.112E+3
995E+0	728.8276E+0	1.131E+3
996E+0	728.9496E+0	1.137E+3
997E+0	729.0717E+0	1.121E+3
998E+0	729.1937E+0	1.116E+3
999E+0	729.3158E+0	1.137E+3
1E+3	729.4378E+0	1.142E+3
1.001E+3	729.5599E+0	1.141E+3
1.002E+3	729.6819E+0	1.11E+3
1.003E+3	729.804E+0	1.15E+3
1.004E+3	729.926E+0	1.109E+3
1.005E+3	730.0481E+0	1.129E+3
1.006E+3	730.1701E+0	1.133E+3
1.007E+3	730.2921E+0	1.126E+3
1.008E+3	730.4142E+0	1.154E+3
1.009E+3	730.5362E+0	1.142E+3
1.01E+3	730.6583E+0	1.142E+3
1.011E+3	730.7803E+0	1.136E+3
1.012E+3	730.9023E+0	1.15E+3
1.013E+3	731.0244E+0	1.134E+3
1.014E+3	731.1464E+0	1.148E+3
1.015E+3	731.2684E+0	1.131E+3
1.016E+3	731.3905E+0	1.145E+3
1.017E+3	731.5125E+0	1.145E+3
1.018E+3	731.6345E+0	1.147E+3
1.019E+3	731.7566E+0	1.137E+3
1.02E+3	731.8786E+0	1.134E+3
1.021E+3	732.0006E+0	1.137E+3
1.022E+3	732.1226E+0	1.129E+3
1.023E+3	732.2447E+0	1.176E+3
1.024E+3	732.3667E+0	1.153E+3

SympCCD.YPixels_Scan4         	                              
1E+0
