#2022-05-02
#16:08:20
#Balayage par: iq-qfl
#Description Keyword: 
#
#Instrument: Triax320@Triax320.lvclass; Function:Position (nm); Parameters: *BeforeWait(ms): 0;*AfterWait(ms): 0; ; Grating#: 3; Line Density(Grv/mm): 600; Blaze: 500nm; Input Slit(mm): 0.400; Output Slit(mm): 0.000;
#Instrument: Tools@Tools.lvclass; Function:Indice de Point (Points); Parameters: *BeforeWait(ms): 0;*AfterWait(ms): 0; 
#Instrument: SympCCD@SymphonyCCD.lvclass; Function:AcqImage (Counts); Parameters: *BeforeWait(ms): 0;*AfterWait(ms): 0;  Lambda Factor: 0.00000; Lambda Source: Lambda@Triax320; Lambda Offset: 0.00000;Multiplier Source: GrooveRatio@Triax320; Multiplier Value: 0.00000; Y Bins: 1; X Start: 1; X End: 1024; Y Start: 1; Y End: 256; Integration Time(ms): 2000; ADC1:  20 kHz Tab 1; ; Ccd Temp(degC): -124.178; Shutter Enable: True; Accumulation: 1; Noise Mode: Off; Noise Window Enabled: False; Window Width(ds): 1.000; Window Avg Samples: 1;

#SympCCD.XPixels               	SympCCD.Wavelenght(nm)        	SympCCD.Y Pix Row 1(Cnt)      
1E+0	-12.5994886E+3	1.503E+3
2E+0	-12.5738364E+3	1.55E+3
3E+0	-12.5481834E+3	1.562E+3
4E+0	-12.5225297E+3	1.527E+3
5E+0	-12.4968752E+3	1.539E+3
6E+0	-12.47122E+3	1.507E+3
7E+0	-12.445564E+3	1.568E+3
8E+0	-12.4199072E+3	1.526E+3
9E+0	-12.3942497E+3	1.523E+3
10E+0	-12.3685914E+3	1.581E+3
11E+0	-12.3429324E+3	1.55E+3
12E+0	-12.3172726E+3	1.594E+3
13E+0	-12.2916121E+3	1.63E+3
14E+0	-12.2659508E+3	1.593E+3
15E+0	-12.2402887E+3	1.551E+3
16E+0	-12.2146259E+3	1.575E+3
17E+0	-12.1889623E+3	1.578E+3
18E+0	-12.163298E+3	1.583E+3
19E+0	-12.1376329E+3	1.532E+3
20E+0	-12.1119671E+3	1.547E+3
21E+0	-12.0863005E+3	1.559E+3
22E+0	-12.0606332E+3	1.599E+3
23E+0	-12.0349651E+3	1.507E+3
24E+0	-12.0092963E+3	1.552E+3
25E+0	-11.9836267E+3	1.565E+3
26E+0	-11.9579563E+3	1.572E+3
27E+0	-11.9322853E+3	1.575E+3
28E+0	-11.9066134E+3	1.596E+3
29E+0	-11.8809408E+3	1.565E+3
30E+0	-11.8552675E+3	1.59E+3
31E+0	-11.8295934E+3	1.589E+3
32E+0	-11.8039186E+3	1.578E+3
33E+0	-11.778243E+3	1.629E+3
34E+0	-11.7525667E+3	1.599E+3
35E+0	-11.7268896E+3	1.592E+3
36E+0	-11.7012118E+3	1.631E+3
37E+0	-11.6755332E+3	1.56E+3
38E+0	-11.6498539E+3	1.598E+3
39E+0	-11.6241738E+3	1.609E+3
40E+0	-11.598493E+3	1.57E+3
41E+0	-11.5728115E+3	1.53E+3
42E+0	-11.5471292E+3	1.63E+3
43E+0	-11.5214462E+3	1.583E+3
44E+0	-11.4957624E+3	1.575E+3
45E+0	-11.4700779E+3	1.608E+3
46E+0	-11.4443926E+3	1.584E+3
47E+0	-11.4187066E+3	1.557E+3
48E+0	-11.3930199E+3	1.599E+3
49E+0	-11.3673324E+3	1.592E+3
50E+0	-11.3416442E+3	1.619E+3
51E+0	-11.3159552E+3	1.571E+3
52E+0	-11.2902655E+3	1.613E+3
53E+0	-11.264575E+3	1.548E+3
54E+0	-11.2388839E+3	1.591E+3
55E+0	-11.2131919E+3	1.562E+3
56E+0	-11.1874993E+3	1.552E+3
57E+0	-11.1618059E+3	1.581E+3
58E+0	-11.1361118E+3	1.631E+3
59E+0	-11.1104169E+3	1.59E+3
60E+0	-11.0847213E+3	1.622E+3
61E+0	-11.059025E+3	1.585E+3
62E+0	-11.0333279E+3	1.627E+3
63E+0	-11.0076301E+3	1.587E+3
64E+0	-10.9819316E+3	1.644E+3
65E+0	-10.9562323E+3	1.577E+3
66E+0	-10.9305323E+3	1.599E+3
67E+0	-10.9048315E+3	1.622E+3
68E+0	-10.8791301E+3	1.627E+3
69E+0	-10.8534279E+3	1.604E+3
70E+0	-10.8277249E+3	1.574E+3
71E+0	-10.8020213E+3	1.643E+3
72E+0	-10.7763169E+3	1.646E+3
73E+0	-10.7506117E+3	1.663E+3
74E+0	-10.7249059E+3	1.624E+3
75E+0	-10.6991993E+3	1.566E+3
76E+0	-10.673492E+3	1.568E+3
77E+0	-10.6477839E+3	1.666E+3
78E+0	-10.6220752E+3	1.656E+3
79E+0	-10.5963657E+3	1.639E+3
80E+0	-10.5706555E+3	1.597E+3
81E+0	-10.5449445E+3	1.645E+3
82E+0	-10.5192328E+3	1.648E+3
83E+0	-10.4935204E+3	1.641E+3
84E+0	-10.4678073E+3	1.66E+3
85E+0	-10.4420935E+3	1.634E+3
86E+0	-10.4163789E+3	1.616E+3
87E+0	-10.3906636E+3	1.657E+3
88E+0	-10.3649476E+3	1.612E+3
89E+0	-10.3392308E+3	1.647E+3
90E+0	-10.3135133E+3	1.641E+3
91E+0	-10.2877952E+3	1.605E+3
92E+0	-10.2620762E+3	1.638E+3
93E+0	-10.2363566E+3	1.647E+3
94E+0	-10.2106363E+3	1.656E+3
95E+0	-10.1849152E+3	1.654E+3
96E+0	-10.1591934E+3	1.644E+3
97E+0	-10.1334709E+3	1.646E+3
98E+0	-10.1077477E+3	1.635E+3
99E+0	-10.0820237E+3	1.676E+3
100E+0	-10.056299E+3	1.677E+3
101E+0	-10.0305737E+3	1.624E+3
102E+0	-10.0048476E+3	1.645E+3
103E+0	-9.9791207E+3	1.645E+3
104E+0	-9.9533932E+3	1.659E+3
105E+0	-9.9276649E+3	1.668E+3
106E+0	-9.901936E+3	1.686E+3
107E+0	-9.8762063E+3	1.66E+3
108E+0	-9.8504759E+3	1.666E+3
109E+0	-9.8247448E+3	1.682E+3
110E+0	-9.799013E+3	1.64E+3
111E+0	-9.7732804E+3	1.626E+3
112E+0	-9.7475472E+3	1.689E+3
113E+0	-9.7218132E+3	1.665E+3
114E+0	-9.6960786E+3	1.659E+3
115E+0	-9.6703432E+3	1.692E+3
116E+0	-9.6446071E+3	1.622E+3
117E+0	-9.6188703E+3	1.634E+3
118E+0	-9.5931328E+3	1.653E+3
119E+0	-9.5673945E+3	1.626E+3
120E+0	-9.5416556E+3	1.644E+3
121E+0	-9.515916E+3	1.683E+3
122E+0	-9.4901756E+3	1.67E+3
123E+0	-9.4644346E+3	1.649E+3
124E+0	-9.4386928E+3	1.694E+3
125E+0	-9.4129503E+3	1.661E+3
126E+0	-9.3872071E+3	1.64E+3
127E+0	-9.3614633E+3	1.719E+3
128E+0	-9.3357187E+3	1.679E+3
129E+0	-9.3099734E+3	1.697E+3
130E+0	-9.2842274E+3	1.691E+3
131E+0	-9.2584807E+3	1.657E+3
132E+0	-9.2327333E+3	1.715E+3
133E+0	-9.2069852E+3	1.696E+3
134E+0	-9.1812364E+3	1.667E+3
135E+0	-9.1554868E+3	1.642E+3
136E+0	-9.1297366E+3	1.745E+3
137E+0	-9.1039857E+3	1.758E+3
138E+0	-9.0782341E+3	1.657E+3
139E+0	-9.0524818E+3	1.687E+3
140E+0	-9.0267287E+3	1.671E+3
141E+0	-9.000975E+3	1.687E+3
142E+0	-8.9752206E+3	1.729E+3
143E+0	-8.9494655E+3	1.657E+3
144E+0	-8.9237097E+3	1.677E+3
145E+0	-8.8979532E+3	1.676E+3
146E+0	-8.872196E+3	1.694E+3
147E+0	-8.846438E+3	1.663E+3
148E+0	-8.8206794E+3	1.68E+3
149E+0	-8.7949201E+3	1.671E+3
150E+0	-8.7691602E+3	1.714E+3
151E+0	-8.7433995E+3	1.706E+3
152E+0	-8.7176381E+3	1.723E+3
153E+0	-8.691876E+3	1.697E+3
154E+0	-8.6661132E+3	1.669E+3
155E+0	-8.6403498E+3	1.699E+3
156E+0	-8.6145856E+3	1.796E+3
157E+0	-8.5888208E+3	1.742E+3
158E+0	-8.5630552E+3	1.687E+3
159E+0	-8.537289E+3	1.695E+3
160E+0	-8.511522E+3	1.687E+3
161E+0	-8.4857544E+3	1.69E+3
162E+0	-8.4599861E+3	1.677E+3
163E+0	-8.4342171E+3	1.685E+3
164E+0	-8.4084474E+3	1.653E+3
165E+0	-8.3826771E+3	1.725E+3
166E+0	-8.356906E+3	1.702E+3
167E+0	-8.3311343E+3	1.711E+3
168E+0	-8.3053618E+3	1.77E+3
169E+0	-8.2795887E+3	1.703E+3
170E+0	-8.2538149E+3	1.731E+3
171E+0	-8.2280404E+3	1.734E+3
172E+0	-8.2022652E+3	1.732E+3
173E+0	-8.1764893E+3	1.652E+3
174E+0	-8.1507128E+3	1.739E+3
175E+0	-8.1249356E+3	1.701E+3
176E+0	-8.0991576E+3	1.717E+3
177E+0	-8.073379E+3	1.772E+3
178E+0	-8.0475997E+3	1.736E+3
179E+0	-8.0218198E+3	1.707E+3
180E+0	-7.9960391E+3	1.679E+3
181E+0	-7.9702578E+3	1.733E+3
182E+0	-7.9444758E+3	1.736E+3
183E+0	-7.9186931E+3	1.747E+3
184E+0	-7.8929097E+3	1.749E+3
185E+0	-7.8671257E+3	1.79E+3
186E+0	-7.8413409E+3	1.725E+3
187E+0	-7.8155555E+3	1.768E+3
188E+0	-7.7897694E+3	1.728E+3
189E+0	-7.7639826E+3	1.684E+3
190E+0	-7.7381952E+3	1.78E+3
191E+0	-7.7124071E+3	1.764E+3
192E+0	-7.6866183E+3	1.763E+3
193E+0	-7.6608288E+3	1.773E+3
194E+0	-7.6350387E+3	1.755E+3
195E+0	-7.6092478E+3	1.756E+3
196E+0	-7.5834563E+3	1.744E+3
197E+0	-7.5576642E+3	1.798E+3
198E+0	-7.5318713E+3	1.706E+3
199E+0	-7.5060778E+3	1.766E+3
200E+0	-7.4802836E+3	1.78E+3
201E+0	-7.4544887E+3	1.769E+3
202E+0	-7.4286932E+3	1.773E+3
203E+0	-7.402897E+3	1.756E+3
204E+0	-7.3771001E+3	1.759E+3
205E+0	-7.3513025E+3	1.739E+3
206E+0	-7.3255043E+3	1.734E+3
207E+0	-7.2997054E+3	1.711E+3
208E+0	-7.2739059E+3	1.779E+3
209E+0	-7.2481056E+3	1.747E+3
210E+0	-7.2223047E+3	1.729E+3
211E+0	-7.1965032E+3	1.778E+3
212E+0	-7.1707009E+3	1.745E+3
213E+0	-7.144898E+3	1.758E+3
214E+0	-7.1190945E+3	1.736E+3
215E+0	-7.0932902E+3	1.796E+3
216E+0	-7.0674853E+3	1.808E+3
217E+0	-7.0416798E+3	1.765E+3
218E+0	-7.0158735E+3	1.777E+3
219E+0	-6.9900666E+3	1.739E+3
220E+0	-6.9642591E+3	1.714E+3
221E+0	-6.9384509E+3	1.716E+3
222E+0	-6.912642E+3	1.833E+3
223E+0	-6.8868324E+3	1.845E+3
224E+0	-6.8610222E+3	1.826E+3
225E+0	-6.8352114E+3	1.743E+3
226E+0	-6.8093998E+3	1.772E+3
227E+0	-6.7835877E+3	1.795E+3
228E+0	-6.7577748E+3	1.831E+3
229E+0	-6.7319613E+3	1.795E+3
230E+0	-6.7061471E+3	1.751E+3
231E+0	-6.6803323E+3	1.8E+3
232E+0	-6.6545168E+3	1.833E+3
233E+0	-6.6287007E+3	1.774E+3
234E+0	-6.6028839E+3	1.76E+3
235E+0	-6.5770664E+3	1.785E+3
236E+0	-6.5512483E+3	1.806E+3
237E+0	-6.5254295E+3	1.847E+3
238E+0	-6.4996101E+3	1.825E+3
239E+0	-6.47379E+3	1.835E+3
240E+0	-6.4479693E+3	1.822E+3
241E+0	-6.4221479E+3	1.867E+3
242E+0	-6.3963258E+3	1.811E+3
243E+0	-6.3705032E+3	1.852E+3
244E+0	-6.3446798E+3	1.844E+3
245E+0	-6.3188558E+3	1.863E+3
246E+0	-6.2930312E+3	1.822E+3
247E+0	-6.2672058E+3	1.807E+3
248E+0	-6.2413799E+3	1.836E+3
249E+0	-6.2155533E+3	1.854E+3
250E+0	-6.189726E+3	1.806E+3
251E+0	-6.1638981E+3	1.868E+3
252E+0	-6.1380696E+3	1.792E+3
253E+0	-6.1122404E+3	1.865E+3
254E+0	-6.0864105E+3	1.883E+3
255E+0	-6.06058E+3	1.85E+3
256E+0	-6.0347489E+3	1.863E+3
257E+0	-6.0089171E+3	1.862E+3
258E+0	-5.9830846E+3	1.845E+3
259E+0	-5.9572516E+3	1.867E+3
260E+0	-5.9314178E+3	1.868E+3
261E+0	-5.9055835E+3	1.871E+3
262E+0	-5.8797484E+3	1.828E+3
263E+0	-5.8539128E+3	1.872E+3
264E+0	-5.8280765E+3	1.916E+3
265E+0	-5.8022395E+3	1.886E+3
266E+0	-5.7764019E+3	1.856E+3
267E+0	-5.7505637E+3	1.819E+3
268E+0	-5.7247248E+3	1.839E+3
269E+0	-5.6988853E+3	1.904E+3
270E+0	-5.6730451E+3	1.824E+3
271E+0	-5.6472043E+3	1.872E+3
272E+0	-5.6213629E+3	1.852E+3
273E+0	-5.5955208E+3	1.903E+3
274E+0	-5.5696781E+3	1.849E+3
275E+0	-5.5438347E+3	1.926E+3
276E+0	-5.5179908E+3	1.898E+3
277E+0	-5.4921461E+3	1.855E+3
278E+0	-5.4663009E+3	1.868E+3
279E+0	-5.440455E+3	1.897E+3
280E+0	-5.4146084E+3	1.908E+3
281E+0	-5.3887612E+3	1.858E+3
282E+0	-5.3629134E+3	1.9E+3
283E+0	-5.337065E+3	1.904E+3
284E+0	-5.3112159E+3	1.924E+3
285E+0	-5.2853662E+3	1.892E+3
286E+0	-5.2595158E+3	1.888E+3
287E+0	-5.2336649E+3	1.933E+3
288E+0	-5.2078132E+3	1.91E+3
289E+0	-5.181961E+3	1.873E+3
290E+0	-5.1561081E+3	1.889E+3
291E+0	-5.1302546E+3	1.916E+3
292E+0	-5.1044005E+3	1.881E+3
293E+0	-5.0785457E+3	1.895E+3
294E+0	-5.0526903E+3	1.905E+3
295E+0	-5.0268343E+3	1.932E+3
296E+0	-5.0009776E+3	1.909E+3
297E+0	-4.9751203E+3	1.866E+3
298E+0	-4.9492624E+3	1.921E+3
299E+0	-4.9234039E+3	1.904E+3
300E+0	-4.8975447E+3	1.992E+3
301E+0	-4.8716849E+3	1.914E+3
302E+0	-4.8458245E+3	1.893E+3
303E+0	-4.8199635E+3	1.972E+3
304E+0	-4.7941018E+3	1.914E+3
305E+0	-4.7682395E+3	1.937E+3
306E+0	-4.7423766E+3	1.887E+3
307E+0	-4.7165131E+3	1.944E+3
308E+0	-4.6906489E+3	2.016E+3
309E+0	-4.6647841E+3	1.929E+3
310E+0	-4.6389187E+3	1.977E+3
311E+0	-4.6130527E+3	1.954E+3
312E+0	-4.587186E+3	1.937E+3
313E+0	-4.5613187E+3	1.941E+3
314E+0	-4.5354509E+3	1.973E+3
315E+0	-4.5095823E+3	1.928E+3
316E+0	-4.4837132E+3	1.96E+3
317E+0	-4.4578435E+3	1.968E+3
318E+0	-4.4319731E+3	1.897E+3
319E+0	-4.4061021E+3	1.921E+3
320E+0	-4.3802305E+3	1.948E+3
321E+0	-4.3543583E+3	2.02E+3
322E+0	-4.3284854E+3	1.917E+3
323E+0	-4.302612E+3	1.945E+3
324E+0	-4.2767379E+3	2.003E+3
325E+0	-4.2508632E+3	1.941E+3
326E+0	-4.2249879E+3	1.952E+3
327E+0	-4.199112E+3	1.976E+3
328E+0	-4.1732355E+3	1.974E+3
329E+0	-4.1473583E+3	1.924E+3
330E+0	-4.1214806E+3	1.96E+3
331E+0	-4.0956022E+3	1.922E+3
332E+0	-4.0697232E+3	1.92E+3
333E+0	-4.0438437E+3	1.971E+3
334E+0	-4.0179635E+3	1.953E+3
335E+0	-3.9920826E+3	1.955E+3
336E+0	-3.9662012E+3	2.007E+3
337E+0	-3.9403192E+3	1.989E+3
338E+0	-3.9144366E+3	2.016E+3
339E+0	-3.8885533E+3	1.991E+3
340E+0	-3.8626694E+3	2.006E+3
341E+0	-3.836785E+3	1.967E+3
342E+0	-3.8108999E+3	2.004E+3
343E+0	-3.7850142E+3	2.046E+3
344E+0	-3.7591279E+3	1.904E+3
345E+0	-3.7332411E+3	2.003E+3
346E+0	-3.7073536E+3	1.989E+3
347E+0	-3.6814655E+3	2.016E+3
348E+0	-3.6555767E+3	1.966E+3
349E+0	-3.6296874E+3	2.013E+3
350E+0	-3.6037975E+3	1.992E+3
351E+0	-3.577907E+3	1.955E+3
352E+0	-3.5520159E+3	2.003E+3
353E+0	-3.5261242E+3	2.021E+3
354E+0	-3.5002318E+3	1.897E+3
355E+0	-3.4743389E+3	2.032E+3
356E+0	-3.4484454E+3	2.022E+3
357E+0	-3.4225513E+3	1.99E+3
358E+0	-3.3966565E+3	2.028E+3
359E+0	-3.3707612E+3	2.061E+3
360E+0	-3.3448653E+3	2.086E+3
361E+0	-3.3189688E+3	2.091E+3
362E+0	-3.2930717E+3	2.005E+3
363E+0	-3.2671739E+3	2.027E+3
364E+0	-3.2412756E+3	2.039E+3
365E+0	-3.2153767E+3	2.021E+3
366E+0	-3.1894772E+3	1.974E+3
367E+0	-3.1635771E+3	2.034E+3
368E+0	-3.1376764E+3	2.038E+3
369E+0	-3.1117751E+3	2E+3
370E+0	-3.0858732E+3	2.02E+3
371E+0	-3.0599708E+3	1.994E+3
372E+0	-3.0340677E+3	2.041E+3
373E+0	-3.008164E+3	2.044E+3
374E+0	-2.9822598E+3	2.056E+3
375E+0	-2.9563549E+3	2.035E+3
376E+0	-2.9304495E+3	2.15E+3
377E+0	-2.9045435E+3	2.071E+3
378E+0	-2.8786368E+3	2.064E+3
379E+0	-2.8527296E+3	2.102E+3
380E+0	-2.8268218E+3	2.085E+3
381E+0	-2.8009134E+3	2.105E+3
382E+0	-2.7750045E+3	2.136E+3
383E+0	-2.7490949E+3	2.136E+3
384E+0	-2.7231847E+3	2.021E+3
385E+0	-2.697274E+3	2.03E+3
386E+0	-2.6713627E+3	2.157E+3
387E+0	-2.6454508E+3	2.111E+3
388E+0	-2.6195383E+3	2.087E+3
389E+0	-2.5936252E+3	2.134E+3
390E+0	-2.5677115E+3	2.117E+3
391E+0	-2.5417973E+3	2.056E+3
392E+0	-2.5158824E+3	2.183E+3
393E+0	-2.489967E+3	2.143E+3
394E+0	-2.464051E+3	2.188E+3
395E+0	-2.4381344E+3	2.158E+3
396E+0	-2.4122173E+3	2.145E+3
397E+0	-2.3862995E+3	2.134E+3
398E+0	-2.3603812E+3	2.212E+3
399E+0	-2.3344623E+3	2.155E+3
400E+0	-2.3085428E+3	2.168E+3
401E+0	-2.2826227E+3	2.168E+3
402E+0	-2.2567021E+3	2.214E+3
403E+0	-2.2307809E+3	2.21E+3
404E+0	-2.204859E+3	2.198E+3
405E+0	-2.1789367E+3	2.214E+3
406E+0	-2.1530137E+3	2.239E+3
407E+0	-2.1270902E+3	2.267E+3
408E+0	-2.1011661E+3	2.286E+3
409E+0	-2.0752414E+3	2.326E+3
410E+0	-2.0493161E+3	2.346E+3
411E+0	-2.0233903E+3	2.295E+3
412E+0	-1.9974639E+3	2.385E+3
413E+0	-1.9715369E+3	2.265E+3
414E+0	-1.9456093E+3	2.346E+3
415E+0	-1.9196812E+3	2.317E+3
416E+0	-1.8937525E+3	2.342E+3
417E+0	-1.8678232E+3	2.338E+3
418E+0	-1.8418934E+3	2.307E+3
419E+0	-1.815963E+3	2.337E+3
420E+0	-1.790032E+3	2.275E+3
421E+0	-1.7641004E+3	2.237E+3
422E+0	-1.7381683E+3	2.24E+3
423E+0	-1.7122356E+3	2.357E+3
424E+0	-1.6863023E+3	2.321E+3
425E+0	-1.6603685E+3	2.345E+3
426E+0	-1.6344341E+3	2.273E+3
427E+0	-1.6084991E+3	2.297E+3
428E+0	-1.5825636E+3	2.311E+3
429E+0	-1.5566275E+3	2.284E+3
430E+0	-1.5306908E+3	2.257E+3
431E+0	-1.5047536E+3	2.231E+3
432E+0	-1.4788158E+3	2.225E+3
433E+0	-1.4528775E+3	2.198E+3
434E+0	-1.4269385E+3	2.248E+3
435E+0	-1.400999E+3	2.281E+3
436E+0	-1.375059E+3	2.225E+3
437E+0	-1.3491184E+3	2.235E+3
438E+0	-1.3231772E+3	2.232E+3
439E+0	-1.2972355E+3	2.269E+3
440E+0	-1.2712932E+3	2.154E+3
441E+0	-1.2453503E+3	2.294E+3
442E+0	-1.2194069E+3	2.273E+3
443E+0	-1.1934629E+3	2.232E+3
444E+0	-1.1675184E+3	2.255E+3
445E+0	-1.1415733E+3	2.276E+3
446E+0	-1.1156277E+3	2.279E+3
447E+0	-1.0896814E+3	2.232E+3
448E+0	-1.0637347E+3	2.352E+3
449E+0	-1.0377874E+3	2.309E+3
450E+0	-1.0118395E+3	2.282E+3
451E+0	-985.891E+0	2.264E+3
452E+0	-959.9421E+0	2.168E+3
453E+0	-933.9925E+0	2.218E+3
454E+0	-908.0424E+0	2.268E+3
455E+0	-882.0918E+0	2.27E+3
456E+0	-856.1405E+0	2.216E+3
457E+0	-830.1888E+0	2.215E+3
458E+0	-804.2365E+0	2.277E+3
459E+0	-778.2836E+0	2.249E+3
460E+0	-752.3302E+0	2.248E+3
461E+0	-726.3762E+0	2.21E+3
462E+0	-700.4217E+0	2.263E+3
463E+0	-674.4667E+0	2.246E+3
464E+0	-648.511E+0	2.274E+3
465E+0	-622.5549E+0	2.297E+3
466E+0	-596.5982E+0	2.323E+3
467E+0	-570.6409E+0	2.255E+3
468E+0	-544.6831E+0	2.261E+3
469E+0	-518.7247E+0	2.325E+3
470E+0	-492.7658E+0	2.296E+3
471E+0	-466.8064E+0	2.164E+3
472E+0	-440.8464E+0	2.317E+3
473E+0	-414.8859E+0	2.278E+3
474E+0	-388.9248E+0	2.326E+3
475E+0	-362.9632E+0	2.338E+3
476E+0	-337.001E+0	2.216E+3
477E+0	-311.0383E+0	2.224E+3
478E+0	-285.075E+0	2.275E+3
479E+0	-259.1112E+0	2.32E+3
480E+0	-233.1469E+0	2.31E+3
481E+0	-207.182E+0	2.326E+3
482E+0	-181.2166E+0	2.234E+3
483E+0	-155.2506E+0	2.364E+3
484E+0	-129.2841E+0	2.292E+3
485E+0	-103.3171E+0	2.343E+3
486E+0	-77.3495E+0	2.296E+3
487E+0	-51.3814E+0	2.371E+3
488E+0	-25.4127E+0	2.245E+3
489E+0	556.5E-3	2.382E+3
490E+0	26.5262E+0	2.291E+3
491E+0	52.4965E+0	2.336E+3
492E+0	78.4673E+0	2.281E+3
493E+0	104.4386E+0	2.418E+3
494E+0	130.4105E+0	2.303E+3
495E+0	156.3829E+0	2.312E+3
496E+0	182.3558E+0	2.305E+3
497E+0	208.3293E+0	2.364E+3
498E+0	234.3033E+0	2.267E+3
499E+0	260.2779E+0	2.362E+3
500E+0	286.253E+0	2.398E+3
501E+0	312.2286E+0	2.338E+3
502E+0	338.2047E+0	2.318E+3
503E+0	364.1814E+0	2.356E+3
504E+0	390.1586E+0	2.354E+3
505E+0	416.1363E+0	2.362E+3
506E+0	442.1145E+0	2.297E+3
507E+0	468.0933E+0	2.356E+3
508E+0	494.0726E+0	2.349E+3
509E+0	520.0525E+0	2.308E+3
510E+0	546.0329E+0	2.328E+3
511E+0	572.0138E+0	2.349E+3
512E+0	597.9952E+0	2.289E+3
513E+0	623.9771E+0	2.428E+3
514E+0	649.9596E+0	2.438E+3
515E+0	675.9426E+0	2.383E+3
516E+0	701.9261E+0	2.356E+3
517E+0	727.9102E+0	2.39E+3
518E+0	753.8947E+0	2.438E+3
519E+0	779.8798E+0	2.387E+3
520E+0	805.8654E+0	2.425E+3
521E+0	831.8516E+0	2.455E+3
522E+0	857.8382E+0	2.421E+3
523E+0	883.8254E+0	2.388E+3
524E+0	909.8131E+0	2.409E+3
525E+0	935.8013E+0	2.405E+3
526E+0	961.7901E+0	2.494E+3
527E+0	987.7793E+0	2.407E+3
528E+0	1.0137691E+3	2.413E+3
529E+0	1.0397594E+3	2.399E+3
530E+0	1.0657502E+3	2.45E+3
531E+0	1.0917416E+3	2.436E+3
532E+0	1.1177334E+3	2.431E+3
533E+0	1.1437258E+3	2.473E+3
534E+0	1.1697187E+3	2.362E+3
535E+0	1.1957121E+3	2.446E+3
536E+0	1.221706E+3	2.479E+3
537E+0	1.2477004E+3	2.465E+3
538E+0	1.2736953E+3	2.431E+3
539E+0	1.2996908E+3	2.418E+3
540E+0	1.3256867E+3	2.495E+3
541E+0	1.3516832E+3	2.545E+3
542E+0	1.3776802E+3	2.475E+3
543E+0	1.4036777E+3	2.463E+3
544E+0	1.4296757E+3	2.421E+3
545E+0	1.4556742E+3	2.486E+3
546E+0	1.4816733E+3	2.525E+3
547E+0	1.5076728E+3	2.483E+3
548E+0	1.5336729E+3	2.561E+3
549E+0	1.5596734E+3	2.511E+3
550E+0	1.5856745E+3	2.567E+3
551E+0	1.6116761E+3	2.499E+3
552E+0	1.6376781E+3	2.538E+3
553E+0	1.6636807E+3	2.578E+3
554E+0	1.6896838E+3	2.618E+3
555E+0	1.7156874E+3	2.61E+3
556E+0	1.7416915E+3	2.55E+3
557E+0	1.7676961E+3	2.648E+3
558E+0	1.7937012E+3	2.477E+3
559E+0	1.8197068E+3	2.56E+3
560E+0	1.845713E+3	2.53E+3
561E+0	1.8717196E+3	2.51E+3
562E+0	1.8977267E+3	2.491E+3
563E+0	1.9237343E+3	2.57E+3
564E+0	1.9497425E+3	2.521E+3
565E+0	1.9757511E+3	2.634E+3
566E+0	2.0017602E+3	2.603E+3
567E+0	2.0277698E+3	2.51E+3
568E+0	2.05378E+3	2.701E+3
569E+0	2.0797906E+3	2.56E+3
570E+0	2.1058017E+3	2.656E+3
571E+0	2.1318133E+3	2.538E+3
572E+0	2.1578254E+3	2.598E+3
573E+0	2.183838E+3	2.65E+3
574E+0	2.2098512E+3	2.616E+3
575E+0	2.2358648E+3	2.643E+3
576E+0	2.2618789E+3	2.666E+3
577E+0	2.2878935E+3	2.555E+3
578E+0	2.3139085E+3	2.594E+3
579E+0	2.3399241E+3	2.68E+3
580E+0	2.3659402E+3	2.555E+3
581E+0	2.3919568E+3	2.702E+3
582E+0	2.4179738E+3	2.577E+3
583E+0	2.4439914E+3	2.54E+3
584E+0	2.4700094E+3	2.599E+3
585E+0	2.496028E+3	2.568E+3
586E+0	2.522047E+3	2.614E+3
587E+0	2.5480665E+3	2.626E+3
588E+0	2.5740865E+3	2.588E+3
589E+0	2.600107E+3	2.648E+3
590E+0	2.626128E+3	2.603E+3
591E+0	2.6521495E+3	2.527E+3
592E+0	2.6781714E+3	2.664E+3
593E+0	2.7041939E+3	2.69E+3
594E+0	2.7302168E+3	2.669E+3
595E+0	2.7562402E+3	2.685E+3
596E+0	2.7822641E+3	2.684E+3
597E+0	2.8082885E+3	2.639E+3
598E+0	2.8343134E+3	2.669E+3
599E+0	2.8603387E+3	2.655E+3
600E+0	2.8863646E+3	2.713E+3
601E+0	2.9123909E+3	2.669E+3
602E+0	2.9384177E+3	2.595E+3
603E+0	2.964445E+3	2.633E+3
604E+0	2.9904728E+3	2.716E+3
605E+0	3.016501E+3	2.66E+3
606E+0	3.0425298E+3	2.734E+3
607E+0	3.068559E+3	2.673E+3
608E+0	3.0945887E+3	2.714E+3
609E+0	3.1206188E+3	2.589E+3
610E+0	3.1466495E+3	2.845E+3
611E+0	3.1726806E+3	2.669E+3
612E+0	3.1987122E+3	2.632E+3
613E+0	3.2247443E+3	2.605E+3
614E+0	3.2507768E+3	2.67E+3
615E+0	3.2768099E+3	2.567E+3
616E+0	3.3028434E+3	2.614E+3
617E+0	3.3288774E+3	2.613E+3
618E+0	3.3549118E+3	2.634E+3
619E+0	3.3809468E+3	2.697E+3
620E+0	3.4069822E+3	2.636E+3
621E+0	3.4330181E+3	2.659E+3
622E+0	3.4590544E+3	2.656E+3
623E+0	3.4850912E+3	2.619E+3
624E+0	3.5111285E+3	2.721E+3
625E+0	3.5371663E+3	2.784E+3
626E+0	3.5632045E+3	2.713E+3
627E+0	3.5892433E+3	2.696E+3
628E+0	3.6152824E+3	2.692E+3
629E+0	3.6413221E+3	2.72E+3
630E+0	3.6673622E+3	2.618E+3
631E+0	3.6934028E+3	2.642E+3
632E+0	3.7194438E+3	2.705E+3
633E+0	3.7454854E+3	2.616E+3
634E+0	3.7715273E+3	2.631E+3
635E+0	3.7975698E+3	2.75E+3
636E+0	3.8236127E+3	2.664E+3
637E+0	3.8496561E+3	2.681E+3
638E+0	3.8757E+3	2.635E+3
639E+0	3.9017443E+3	2.633E+3
640E+0	3.9277891E+3	2.664E+3
641E+0	3.9538343E+3	2.643E+3
642E+0	3.97988E+3	2.627E+3
643E+0	4.0059262E+3	2.669E+3
644E+0	4.0319728E+3	2.625E+3
645E+0	4.0580199E+3	2.707E+3
646E+0	4.0840674E+3	2.743E+3
647E+0	4.1101154E+3	2.646E+3
648E+0	4.1361639E+3	2.684E+3
649E+0	4.1622129E+3	2.59E+3
650E+0	4.1882622E+3	2.698E+3
651E+0	4.2143121E+3	2.629E+3
652E+0	4.2403624E+3	2.68E+3
653E+0	4.2664132E+3	2.625E+3
654E+0	4.2924644E+3	2.679E+3
655E+0	4.3185161E+3	2.68E+3
656E+0	4.3445682E+3	2.691E+3
657E+0	4.3706208E+3	2.686E+3
658E+0	4.3966738E+3	2.684E+3
659E+0	4.4227273E+3	2.649E+3
660E+0	4.4487813E+3	2.715E+3
661E+0	4.4748357E+3	2.7E+3
662E+0	4.5008905E+3	2.706E+3
663E+0	4.5269458E+3	2.664E+3
664E+0	4.5530016E+3	2.675E+3
665E+0	4.5790578E+3	2.729E+3
666E+0	4.6051145E+3	2.68E+3
667E+0	4.6311716E+3	2.73E+3
668E+0	4.6572292E+3	2.673E+3
669E+0	4.6832872E+3	2.728E+3
670E+0	4.7093456E+3	2.704E+3
671E+0	4.7354046E+3	2.766E+3
672E+0	4.7614639E+3	2.626E+3
673E+0	4.7875237E+3	2.629E+3
674E+0	4.813584E+3	2.723E+3
675E+0	4.8396447E+3	2.664E+3
676E+0	4.8657058E+3	2.747E+3
677E+0	4.8917674E+3	2.689E+3
678E+0	4.9178295E+3	2.696E+3
679E+0	4.943892E+3	2.695E+3
680E+0	4.9699549E+3	2.848E+3
681E+0	4.9960183E+3	2.678E+3
682E+0	5.0220821E+3	2.773E+3
683E+0	5.0481463E+3	2.695E+3
684E+0	5.074211E+3	2.715E+3
685E+0	5.1002762E+3	2.7E+3
686E+0	5.1263417E+3	2.816E+3
687E+0	5.1524078E+3	2.723E+3
688E+0	5.1784742E+3	2.84E+3
689E+0	5.2045411E+3	2.661E+3
690E+0	5.2306085E+3	2.727E+3
691E+0	5.2566762E+3	2.733E+3
692E+0	5.2827445E+3	2.679E+3
693E+0	5.3088131E+3	2.76E+3
694E+0	5.3348822E+3	2.725E+3
695E+0	5.3609517E+3	2.704E+3
696E+0	5.3870217E+3	2.704E+3
697E+0	5.4130921E+3	2.748E+3
698E+0	5.4391629E+3	2.795E+3
699E+0	5.4652342E+3	2.729E+3
700E+0	5.4913059E+3	2.747E+3
701E+0	5.5173781E+3	2.682E+3
702E+0	5.5434506E+3	2.756E+3
703E+0	5.5695236E+3	2.75E+3
704E+0	5.5955971E+3	2.787E+3
705E+0	5.6216709E+3	2.856E+3
706E+0	5.6477452E+3	2.76E+3
707E+0	5.67382E+3	2.766E+3
708E+0	5.6998951E+3	2.739E+3
709E+0	5.7259707E+3	2.696E+3
710E+0	5.7520467E+3	2.815E+3
711E+0	5.7781232E+3	2.872E+3
712E+0	5.8042E+3	2.823E+3
713E+0	5.8302773E+3	2.822E+3
714E+0	5.8563551E+3	2.822E+3
715E+0	5.8824332E+3	2.773E+3
716E+0	5.9085118E+3	2.88E+3
717E+0	5.9345908E+3	2.816E+3
718E+0	5.9606703E+3	2.756E+3
719E+0	5.9867501E+3	2.819E+3
720E+0	6.0128304E+3	2.693E+3
721E+0	6.0389111E+3	2.795E+3
722E+0	6.0649922E+3	2.791E+3
723E+0	6.0910738E+3	2.805E+3
724E+0	6.1171558E+3	2.734E+3
725E+0	6.1432381E+3	2.787E+3
726E+0	6.169321E+3	2.848E+3
727E+0	6.1954042E+3	2.858E+3
728E+0	6.2214879E+3	2.81E+3
729E+0	6.2475719E+3	2.829E+3
730E+0	6.2736564E+3	2.826E+3
731E+0	6.2997413E+3	2.774E+3
732E+0	6.3258267E+3	2.893E+3
733E+0	6.3519124E+3	2.883E+3
734E+0	6.3779986E+3	2.897E+3
735E+0	6.4040852E+3	2.877E+3
736E+0	6.4301722E+3	2.822E+3
737E+0	6.4562596E+3	2.907E+3
738E+0	6.4823474E+3	2.878E+3
739E+0	6.5084357E+3	2.78E+3
740E+0	6.5345243E+3	2.887E+3
741E+0	6.5606134E+3	2.855E+3
742E+0	6.5867029E+3	2.885E+3
743E+0	6.6127928E+3	2.82E+3
744E+0	6.6388831E+3	2.787E+3
745E+0	6.6649738E+3	2.813E+3
746E+0	6.691065E+3	2.874E+3
747E+0	6.7171565E+3	2.85E+3
748E+0	6.7432485E+3	2.75E+3
749E+0	6.7693408E+3	2.878E+3
750E+0	6.7954336E+3	2.884E+3
751E+0	6.8215268E+3	2.932E+3
752E+0	6.8476204E+3	2.935E+3
753E+0	6.8737144E+3	2.923E+3
754E+0	6.8998088E+3	2.807E+3
755E+0	6.9259036E+3	2.872E+3
756E+0	6.9519988E+3	2.899E+3
757E+0	6.9780944E+3	2.85E+3
758E+0	7.0041905E+3	2.786E+3
759E+0	7.0302869E+3	2.884E+3
760E+0	7.0563837E+3	2.902E+3
761E+0	7.082481E+3	2.887E+3
762E+0	7.1085786E+3	2.914E+3
763E+0	7.1346767E+3	3.014E+3
764E+0	7.1607751E+3	2.924E+3
765E+0	7.186874E+3	2.906E+3
766E+0	7.2129732E+3	2.936E+3
767E+0	7.2390729E+3	2.898E+3
768E+0	7.2651729E+3	2.913E+3
769E+0	7.2912734E+3	2.937E+3
770E+0	7.3173742E+3	2.914E+3
771E+0	7.3434755E+3	2.93E+3
772E+0	7.3695771E+3	2.973E+3
773E+0	7.3956792E+3	2.903E+3
774E+0	7.4217816E+3	3.001E+3
775E+0	7.4478844E+3	2.889E+3
776E+0	7.4739877E+3	2.923E+3
777E+0	7.5000913E+3	2.895E+3
778E+0	7.5261953E+3	2.907E+3
779E+0	7.5522997E+3	2.845E+3
780E+0	7.5784046E+3	2.918E+3
781E+0	7.6045098E+3	2.921E+3
782E+0	7.6306154E+3	2.843E+3
783E+0	7.6567214E+3	2.904E+3
784E+0	7.6828277E+3	2.964E+3
785E+0	7.7089345E+3	3.025E+3
786E+0	7.7350417E+3	2.837E+3
787E+0	7.7611492E+3	2.906E+3
788E+0	7.7872572E+3	2.848E+3
789E+0	7.8133655E+3	2.952E+3
790E+0	7.8394743E+3	2.899E+3
791E+0	7.8655834E+3	2.936E+3
792E+0	7.8916929E+3	3.012E+3
793E+0	7.9178028E+3	2.876E+3
794E+0	7.943913E+3	2.911E+3
795E+0	7.9700237E+3	2.955E+3
796E+0	7.9961348E+3	2.809E+3
797E+0	8.0222462E+3	2.962E+3
798E+0	8.048358E+3	2.925E+3
799E+0	8.0744702E+3	2.96E+3
800E+0	8.1005828E+3	2.898E+3
801E+0	8.1266958E+3	2.914E+3
802E+0	8.1528091E+3	2.902E+3
803E+0	8.1789229E+3	2.901E+3
804E+0	8.205037E+3	2.883E+3
805E+0	8.2311515E+3	2.986E+3
806E+0	8.2572664E+3	2.889E+3
807E+0	8.2833816E+3	2.9E+3
808E+0	8.3094973E+3	2.945E+3
809E+0	8.3356133E+3	2.988E+3
810E+0	8.3617297E+3	2.998E+3
811E+0	8.3878465E+3	3.027E+3
812E+0	8.4139636E+3	2.902E+3
813E+0	8.4400812E+3	2.967E+3
814E+0	8.4661991E+3	2.938E+3
815E+0	8.4923174E+3	2.93E+3
816E+0	8.518436E+3	2.971E+3
817E+0	8.5445551E+3	2.883E+3
818E+0	8.5706745E+3	2.93E+3
819E+0	8.5967943E+3	2.975E+3
820E+0	8.6229144E+3	2.915E+3
821E+0	8.649035E+3	2.914E+3
822E+0	8.6751559E+3	2.914E+3
823E+0	8.7012772E+3	2.928E+3
824E+0	8.7273988E+3	3.018E+3
825E+0	8.7535208E+3	2.922E+3
826E+0	8.7796432E+3	2.888E+3
827E+0	8.805766E+3	2.815E+3
828E+0	8.8318891E+3	2.841E+3
829E+0	8.8580126E+3	2.98E+3
830E+0	8.8841365E+3	2.859E+3
831E+0	8.9102607E+3	2.955E+3
832E+0	8.9363853E+3	3.085E+3
833E+0	8.9625103E+3	2.979E+3
834E+0	8.9886357E+3	2.939E+3
835E+0	9.0147614E+3	2.911E+3
836E+0	9.0408874E+3	2.941E+3
837E+0	9.0670139E+3	2.869E+3
838E+0	9.0931407E+3	2.945E+3
839E+0	9.1192679E+3	2.99E+3
840E+0	9.1453954E+3	2.934E+3
841E+0	9.1715233E+3	2.935E+3
842E+0	9.1976515E+3	2.995E+3
843E+0	9.2237802E+3	2.863E+3
844E+0	9.2499091E+3	2.986E+3
845E+0	9.2760385E+3	2.897E+3
846E+0	9.3021682E+3	2.954E+3
847E+0	9.3282983E+3	2.995E+3
848E+0	9.3544287E+3	2.93E+3
849E+0	9.3805595E+3	2.865E+3
850E+0	9.4066906E+3	2.995E+3
851E+0	9.4328221E+3	3.043E+3
852E+0	9.458954E+3	2.978E+3
853E+0	9.4850862E+3	2.954E+3
854E+0	9.5112187E+3	2.969E+3
855E+0	9.5373517E+3	2.886E+3
856E+0	9.5634849E+3	2.926E+3
857E+0	9.5896186E+3	2.945E+3
858E+0	9.6157526E+3	2.975E+3
859E+0	9.6418869E+3	3.024E+3
860E+0	9.6680216E+3	3.017E+3
861E+0	9.6941567E+3	2.881E+3
862E+0	9.7202921E+3	2.874E+3
863E+0	9.7464278E+3	2.952E+3
864E+0	9.7725639E+3	2.896E+3
865E+0	9.7987004E+3	2.917E+3
866E+0	9.8248372E+3	2.934E+3
867E+0	9.8509744E+3	2.95E+3
868E+0	9.8771119E+3	2.963E+3
869E+0	9.9032497E+3	2.901E+3
870E+0	9.9293879E+3	2.936E+3
871E+0	9.9555265E+3	3.008E+3
872E+0	9.9816654E+3	2.922E+3
873E+0	10.0078046E+3	3.031E+3
874E+0	10.0339442E+3	2.925E+3
875E+0	10.0600842E+3	2.869E+3
876E+0	10.0862245E+3	2.93E+3
877E+0	10.1123651E+3	2.857E+3
878E+0	10.1385061E+3	2.997E+3
879E+0	10.1646474E+3	2.95E+3
880E+0	10.1907891E+3	2.945E+3
881E+0	10.2169311E+3	2.975E+3
882E+0	10.2430734E+3	3.008E+3
883E+0	10.2692161E+3	2.946E+3
884E+0	10.2953591E+3	2.892E+3
885E+0	10.3215025E+3	2.964E+3
886E+0	10.3476462E+3	2.948E+3
887E+0	10.3737903E+3	3.03E+3
888E+0	10.3999346E+3	3.019E+3
889E+0	10.4260794E+3	2.971E+3
890E+0	10.4522244E+3	3.009E+3
891E+0	10.4783698E+3	2.975E+3
892E+0	10.5045156E+3	2.906E+3
893E+0	10.5306617E+3	3.085E+3
894E+0	10.5568081E+3	3.023E+3
895E+0	10.5829548E+3	2.986E+3
896E+0	10.6091019E+3	2.91E+3
897E+0	10.6352493E+3	2.824E+3
898E+0	10.6613971E+3	3.005E+3
899E+0	10.6875452E+3	3.026E+3
900E+0	10.7136936E+3	2.998E+3
901E+0	10.7398424E+3	2.998E+3
902E+0	10.7659914E+3	2.934E+3
903E+0	10.7921409E+3	3.009E+3
904E+0	10.8182906E+3	2.911E+3
905E+0	10.8444407E+3	3.017E+3
906E+0	10.8705911E+3	2.926E+3
907E+0	10.8967418E+3	2.958E+3
908E+0	10.9228929E+3	2.896E+3
909E+0	10.9490443E+3	3.034E+3
910E+0	10.975196E+3	2.878E+3
911E+0	11.0013481E+3	2.993E+3
912E+0	11.0275004E+3	2.99E+3
913E+0	11.0536531E+3	2.932E+3
914E+0	11.0798062E+3	2.854E+3
915E+0	11.1059595E+3	2.923E+3
916E+0	11.1321132E+3	2.908E+3
917E+0	11.1582672E+3	2.802E+3
918E+0	11.1844215E+3	2.974E+3
919E+0	11.2105762E+3	2.943E+3
920E+0	11.2367312E+3	2.986E+3
921E+0	11.2628865E+3	2.919E+3
922E+0	11.2890421E+3	2.91E+3
923E+0	11.315198E+3	2.88E+3
924E+0	11.3413543E+3	2.929E+3
925E+0	11.3675109E+3	2.812E+3
926E+0	11.3936678E+3	2.887E+3
927E+0	11.419825E+3	2.927E+3
928E+0	11.4459825E+3	2.979E+3
929E+0	11.4721404E+3	2.983E+3
930E+0	11.4982986E+3	2.89E+3
931E+0	11.5244571E+3	2.953E+3
932E+0	11.5506159E+3	2.95E+3
933E+0	11.576775E+3	2.913E+3
934E+0	11.6029344E+3	2.93E+3
935E+0	11.6290942E+3	2.883E+3
936E+0	11.6552543E+3	3.047E+3
937E+0	11.6814146E+3	2.903E+3
938E+0	11.7075753E+3	2.918E+3
939E+0	11.7337363E+3	2.936E+3
940E+0	11.7598977E+3	2.955E+3
941E+0	11.7860593E+3	2.921E+3
942E+0	11.8122212E+3	2.976E+3
943E+0	11.8383835E+3	2.881E+3
944E+0	11.8645461E+3	2.937E+3
945E+0	11.890709E+3	2.918E+3
946E+0	11.9168721E+3	3.006E+3
947E+0	11.9430356E+3	2.944E+3
948E+0	11.9691994E+3	2.895E+3
949E+0	11.9953636E+3	3.019E+3
950E+0	12.021528E+3	2.91E+3
951E+0	12.0476927E+3	2.886E+3
952E+0	12.0738577E+3	2.996E+3
953E+0	12.1000231E+3	2.87E+3
954E+0	12.1261887E+3	2.9E+3
955E+0	12.1523547E+3	3.027E+3
956E+0	12.1785209E+3	2.935E+3
957E+0	12.2046875E+3	2.957E+3
958E+0	12.2308543E+3	2.824E+3
959E+0	12.2570215E+3	2.977E+3
960E+0	12.283189E+3	2.964E+3
961E+0	12.3093567E+3	2.907E+3
962E+0	12.3355248E+3	2.94E+3
963E+0	12.3616932E+3	3.002E+3
964E+0	12.3878618E+3	2.926E+3
965E+0	12.4140308E+3	2.933E+3
966E+0	12.4402001E+3	2.961E+3
967E+0	12.4663696E+3	2.951E+3
968E+0	12.4925395E+3	2.961E+3
969E+0	12.5187097E+3	2.947E+3
970E+0	12.5448801E+3	2.891E+3
971E+0	12.5710509E+3	2.894E+3
972E+0	12.5972219E+3	2.92E+3
973E+0	12.6233933E+3	2.919E+3
974E+0	12.6495649E+3	2.967E+3
975E+0	12.6757369E+3	2.976E+3
976E+0	12.7019091E+3	2.923E+3
977E+0	12.7280816E+3	3.002E+3
978E+0	12.7542544E+3	2.98E+3
979E+0	12.7804276E+3	2.92E+3
980E+0	12.806601E+3	2.933E+3
981E+0	12.8327746E+3	2.825E+3
982E+0	12.8589486E+3	2.941E+3
983E+0	12.8851229E+3	2.93E+3
984E+0	12.9112975E+3	2.917E+3
985E+0	12.9374723E+3	2.872E+3
986E+0	12.9636475E+3	2.755E+3
987E+0	12.9898229E+3	2.881E+3
988E+0	13.0159986E+3	2.933E+3
989E+0	13.0421746E+3	2.919E+3
990E+0	13.0683509E+3	2.848E+3
991E+0	13.0945275E+3	2.893E+3
992E+0	13.1207044E+3	2.946E+3
993E+0	13.1468815E+3	2.96E+3
994E+0	13.1730589E+3	2.866E+3
995E+0	13.1992367E+3	2.981E+3
996E+0	13.2254147E+3	2.971E+3
997E+0	13.2515929E+3	2.832E+3
998E+0	13.2777715E+3	2.987E+3
999E+0	13.3039504E+3	2.984E+3
1E+3	13.3301295E+3	2.99E+3
1.001E+3	13.3563089E+3	2.879E+3
1.002E+3	13.3824886E+3	2.92E+3
1.003E+3	13.4086686E+3	2.906E+3
1.004E+3	13.4348488E+3	3.001E+3
1.005E+3	13.4610293E+3	2.896E+3
1.006E+3	13.4872102E+3	2.909E+3
1.007E+3	13.5133912E+3	2.939E+3
1.008E+3	13.5395726E+3	2.948E+3
1.009E+3	13.5657542E+3	2.905E+3
1.01E+3	13.5919362E+3	2.933E+3
1.011E+3	13.6181184E+3	2.948E+3
1.012E+3	13.6443008E+3	2.929E+3
1.013E+3	13.6704836E+3	2.922E+3
1.014E+3	13.6966666E+3	2.938E+3
1.015E+3	13.7228499E+3	2.966E+3
1.016E+3	13.7490334E+3	2.989E+3
1.017E+3	13.7752173E+3	2.952E+3
1.018E+3	13.8014014E+3	2.948E+3
1.019E+3	13.8275858E+3	2.874E+3
1.02E+3	13.8537704E+3	2.925E+3
1.021E+3	13.8799553E+3	2.816E+3
1.022E+3	13.9061405E+3	2.89E+3
1.023E+3	13.932326E+3	2.854E+3
1.024E+3	13.9585117E+3	2.925E+3

SympCCD.YPixels_Scan8         	                              
1E+0
