#2022-05-02
#12:30:02
#Balayage par: iq-qfl
#Description Keyword: 
#
#Instrument: Triax320@Triax320.lvclass; Function:Position (nm); Parameters: *BeforeWait(ms): 0;*AfterWait(ms): 0; ; Grating#: 1; Line Density(Grv/mm): 1800; Blaze: 400nm; Input Slit(mm): 0.400; Output Slit(mm): 0.000;
#Instrument: Tools@Tools.lvclass; Function:Indice de Point (Points); Parameters: *BeforeWait(ms): 0;*AfterWait(ms): 0; 
#Instrument: SympCCD@SymphonyCCD.lvclass; Function:AcqImage (Counts); Parameters: *BeforeWait(ms): 0;*AfterWait(ms): 0;  Lambda Factor: 0.00000; Lambda Source: Lambda@Triax320; Lambda Offset: 0.00000;Multiplier Source: GrooveRatio@Triax320; Multiplier Value: 0.00000; Y Bins: 1; X Start: 1; X End: 1024; Y Start: 1; Y End: 256; Integration Time(ms): 30000; ADC1:  20 kHz Tab 1; Gain  2.0(x); Ccd Temp(degC): -101.907; Shutter Enable: True; Accumulation: 1; Noise Mode: Off; Noise Window Enabled: False; Window Width(ds): 1.000; Window Avg Samples: 1;

#SympCCD.XPixels               	SympCCD.Wavelenght(nm)        	SympCCD.Y Pix Row 1(Cnt)      
1E+0	555.1294E+0	1.077E+3
2E+0	555.1625E+0	1.079E+3
3E+0	555.1957E+0	1.083E+3
4E+0	555.2288E+0	1.079E+3
5E+0	555.262E+0	1.082E+3
6E+0	555.2951E+0	1.083E+3
7E+0	555.3282E+0	1.08E+3
8E+0	555.3614E+0	1.083E+3
9E+0	555.3945E+0	1.084E+3
10E+0	555.4277E+0	1.078E+3
11E+0	555.4608E+0	1.081E+3
12E+0	555.494E+0	1.083E+3
13E+0	555.5271E+0	1.08E+3
14E+0	555.5602E+0	1.079E+3
15E+0	555.5934E+0	1.08E+3
16E+0	555.6265E+0	1.081E+3
17E+0	555.6596E+0	1.084E+3
18E+0	555.6928E+0	1.081E+3
19E+0	555.7259E+0	1.086E+3
20E+0	555.759E+0	1.082E+3
21E+0	555.7922E+0	1.081E+3
22E+0	555.8253E+0	1.086E+3
23E+0	555.8584E+0	1.08E+3
24E+0	555.8916E+0	1.082E+3
25E+0	555.9247E+0	1.083E+3
26E+0	555.9578E+0	1.082E+3
27E+0	555.991E+0	1.082E+3
28E+0	556.0241E+0	1.082E+3
29E+0	556.0572E+0	1.086E+3
30E+0	556.0903E+0	1.082E+3
31E+0	556.1235E+0	1.084E+3
32E+0	556.1566E+0	1.084E+3
33E+0	556.1897E+0	1.085E+3
34E+0	556.2228E+0	1.081E+3
35E+0	556.256E+0	1.085E+3
36E+0	556.2891E+0	1.086E+3
37E+0	556.3222E+0	1.088E+3
38E+0	556.3553E+0	1.086E+3
39E+0	556.3884E+0	1.083E+3
40E+0	556.4215E+0	1.085E+3
41E+0	556.4547E+0	1.086E+3
42E+0	556.4878E+0	1.086E+3
43E+0	556.5209E+0	1.084E+3
44E+0	556.554E+0	1.086E+3
45E+0	556.5871E+0	1.085E+3
46E+0	556.6202E+0	1.084E+3
47E+0	556.6533E+0	1.081E+3
48E+0	556.6865E+0	1.085E+3
49E+0	556.7196E+0	1.087E+3
50E+0	556.7527E+0	1.081E+3
51E+0	556.7858E+0	1.085E+3
52E+0	556.8189E+0	1.088E+3
53E+0	556.852E+0	1.084E+3
54E+0	556.8851E+0	1.089E+3
55E+0	556.9182E+0	1.089E+3
56E+0	556.9513E+0	1.087E+3
57E+0	556.9844E+0	1.087E+3
58E+0	557.0175E+0	1.085E+3
59E+0	557.0506E+0	1.089E+3
60E+0	557.0837E+0	1.088E+3
61E+0	557.1168E+0	1.088E+3
62E+0	557.1499E+0	1.087E+3
63E+0	557.183E+0	1.087E+3
64E+0	557.2161E+0	1.087E+3
65E+0	557.2492E+0	1.089E+3
66E+0	557.2823E+0	1.087E+3
67E+0	557.3154E+0	1.088E+3
68E+0	557.3485E+0	1.09E+3
69E+0	557.3816E+0	1.087E+3
70E+0	557.4147E+0	1.086E+3
71E+0	557.4478E+0	1.088E+3
72E+0	557.4809E+0	1.09E+3
73E+0	557.514E+0	1.088E+3
74E+0	557.547E+0	1.088E+3
75E+0	557.5801E+0	1.092E+3
76E+0	557.6132E+0	1.088E+3
77E+0	557.6463E+0	1.088E+3
78E+0	557.6794E+0	1.091E+3
79E+0	557.7125E+0	1.086E+3
80E+0	557.7456E+0	1.089E+3
81E+0	557.7786E+0	1.091E+3
82E+0	557.8117E+0	1.089E+3
83E+0	557.8448E+0	1.089E+3
84E+0	557.8779E+0	1.088E+3
85E+0	557.911E+0	1.091E+3
86E+0	557.944E+0	1.091E+3
87E+0	557.9771E+0	1.089E+3
88E+0	558.0102E+0	1.089E+3
89E+0	558.0433E+0	1.091E+3
90E+0	558.0764E+0	1.09E+3
91E+0	558.1094E+0	1.093E+3
92E+0	558.1425E+0	1.09E+3
93E+0	558.1756E+0	1.09E+3
94E+0	558.2086E+0	1.09E+3
95E+0	558.2417E+0	1.092E+3
96E+0	558.2748E+0	1.089E+3
97E+0	558.3079E+0	1.093E+3
98E+0	558.3409E+0	1.093E+3
99E+0	558.374E+0	1.09E+3
100E+0	558.4071E+0	1.09E+3
101E+0	558.4401E+0	1.094E+3
102E+0	558.4732E+0	1.093E+3
103E+0	558.5062E+0	1.093E+3
104E+0	558.5393E+0	1.087E+3
105E+0	558.5724E+0	1.095E+3
106E+0	558.6054E+0	1.09E+3
107E+0	558.6385E+0	1.094E+3
108E+0	558.6716E+0	1.095E+3
109E+0	558.7046E+0	1.09E+3
110E+0	558.7377E+0	1.094E+3
111E+0	558.7707E+0	1.096E+3
112E+0	558.8038E+0	1.094E+3
113E+0	558.8368E+0	1.093E+3
114E+0	558.8699E+0	1.092E+3
115E+0	558.9029E+0	1.095E+3
116E+0	558.936E+0	1.091E+3
117E+0	558.9691E+0	1.093E+3
118E+0	559.0021E+0	1.092E+3
119E+0	559.0352E+0	1.093E+3
120E+0	559.0682E+0	1.092E+3
121E+0	559.1013E+0	1.097E+3
122E+0	559.1343E+0	1.096E+3
123E+0	559.1673E+0	1.091E+3
124E+0	559.2004E+0	1.094E+3
125E+0	559.2334E+0	1.093E+3
126E+0	559.2665E+0	1.092E+3
127E+0	559.2995E+0	1.094E+3
128E+0	559.3326E+0	1.097E+3
129E+0	559.3656E+0	1.094E+3
130E+0	559.3986E+0	1.095E+3
131E+0	559.4317E+0	1.094E+3
132E+0	559.4647E+0	1.095E+3
133E+0	559.4978E+0	1.092E+3
134E+0	559.5308E+0	1.094E+3
135E+0	559.5638E+0	1.094E+3
136E+0	559.5969E+0	1.093E+3
137E+0	559.6299E+0	1.096E+3
138E+0	559.6629E+0	1.093E+3
139E+0	559.696E+0	1.091E+3
140E+0	559.729E+0	1.095E+3
141E+0	559.762E+0	1.094E+3
142E+0	559.7951E+0	1.094E+3
143E+0	559.8281E+0	1.095E+3
144E+0	559.8611E+0	1.094E+3
145E+0	559.8941E+0	1.097E+3
146E+0	559.9272E+0	1.094E+3
147E+0	559.9602E+0	1.095E+3
148E+0	559.9932E+0	1.096E+3
149E+0	560.0262E+0	1.095E+3
150E+0	560.0593E+0	1.095E+3
151E+0	560.0923E+0	1.098E+3
152E+0	560.1253E+0	1.094E+3
153E+0	560.1583E+0	1.096E+3
154E+0	560.1913E+0	1.099E+3
155E+0	560.2244E+0	1.094E+3
156E+0	560.2574E+0	1.093E+3
157E+0	560.2904E+0	1.094E+3
158E+0	560.3234E+0	1.096E+3
159E+0	560.3564E+0	1.095E+3
160E+0	560.3894E+0	1.095E+3
161E+0	560.4224E+0	1.097E+3
162E+0	560.4554E+0	1.096E+3
163E+0	560.4885E+0	1.097E+3
164E+0	560.5215E+0	1.095E+3
165E+0	560.5545E+0	1.093E+3
166E+0	560.5875E+0	1.095E+3
167E+0	560.6205E+0	1.098E+3
168E+0	560.6535E+0	1.094E+3
169E+0	560.6865E+0	1.093E+3
170E+0	560.7195E+0	1.094E+3
171E+0	560.7525E+0	1.096E+3
172E+0	560.7855E+0	1.096E+3
173E+0	560.8185E+0	1.096E+3
174E+0	560.8515E+0	1.095E+3
175E+0	560.8845E+0	1.098E+3
176E+0	560.9175E+0	1.093E+3
177E+0	560.9505E+0	1.094E+3
178E+0	560.9835E+0	1.093E+3
179E+0	561.0165E+0	1.099E+3
180E+0	561.0495E+0	1.094E+3
181E+0	561.0825E+0	1.095E+3
182E+0	561.1155E+0	1.094E+3
183E+0	561.1485E+0	1.096E+3
184E+0	561.1815E+0	1.095E+3
185E+0	561.2144E+0	1.098E+3
186E+0	561.2474E+0	1.094E+3
187E+0	561.2804E+0	1.094E+3
188E+0	561.3134E+0	1.093E+3
189E+0	561.3464E+0	1.094E+3
190E+0	561.3794E+0	1.099E+3
191E+0	561.4124E+0	1.096E+3
192E+0	561.4453E+0	1.092E+3
193E+0	561.4783E+0	1.095E+3
194E+0	561.5113E+0	1.099E+3
195E+0	561.5443E+0	1.094E+3
196E+0	561.5773E+0	1.098E+3
197E+0	561.6103E+0	1.099E+3
198E+0	561.6432E+0	1.096E+3
199E+0	561.6762E+0	1.097E+3
200E+0	561.7092E+0	1.096E+3
201E+0	561.7422E+0	1.095E+3
202E+0	561.7751E+0	1.095E+3
203E+0	561.8081E+0	1.095E+3
204E+0	561.8411E+0	1.096E+3
205E+0	561.874E+0	1.097E+3
206E+0	561.907E+0	1.097E+3
207E+0	561.94E+0	1.098E+3
208E+0	561.9729E+0	1.094E+3
209E+0	562.0059E+0	1.097E+3
210E+0	562.0389E+0	1.103E+3
211E+0	562.0718E+0	1.094E+3
212E+0	562.1048E+0	1.095E+3
213E+0	562.1378E+0	1.095E+3
214E+0	562.1707E+0	1.095E+3
215E+0	562.2037E+0	1.095E+3
216E+0	562.2367E+0	1.096E+3
217E+0	562.2696E+0	1.097E+3
218E+0	562.3026E+0	1.096E+3
219E+0	562.3355E+0	1.096E+3
220E+0	562.3685E+0	1.097E+3
221E+0	562.4014E+0	1.098E+3
222E+0	562.4344E+0	1.095E+3
223E+0	562.4674E+0	1.101E+3
224E+0	562.5003E+0	1.096E+3
225E+0	562.5333E+0	1.096E+3
226E+0	562.5662E+0	1.1E+3
227E+0	562.5992E+0	1.096E+3
228E+0	562.6321E+0	1.094E+3
229E+0	562.6651E+0	1.093E+3
230E+0	562.698E+0	1.097E+3
231E+0	562.7309E+0	1.098E+3
232E+0	562.7639E+0	1.095E+3
233E+0	562.7968E+0	1.099E+3
234E+0	562.8298E+0	1.093E+3
235E+0	562.8627E+0	1.093E+3
236E+0	562.8957E+0	1.097E+3
237E+0	562.9286E+0	1.098E+3
238E+0	562.9615E+0	1.094E+3
239E+0	562.9945E+0	1.097E+3
240E+0	563.0274E+0	1.097E+3
241E+0	563.0603E+0	1.096E+3
242E+0	563.0933E+0	1.096E+3
243E+0	563.1262E+0	1.096E+3
244E+0	563.1592E+0	1.098E+3
245E+0	563.1921E+0	1.098E+3
246E+0	563.225E+0	1.094E+3
247E+0	563.2579E+0	1.099E+3
248E+0	563.2909E+0	1.097E+3
249E+0	563.3238E+0	1.097E+3
250E+0	563.3567E+0	1.098E+3
251E+0	563.3897E+0	1.094E+3
252E+0	563.4226E+0	1.097E+3
253E+0	563.4555E+0	1.097E+3
254E+0	563.4884E+0	1.096E+3
255E+0	563.5213E+0	1.097E+3
256E+0	563.5543E+0	1.097E+3
257E+0	563.5872E+0	1.097E+3
258E+0	563.6201E+0	1.099E+3
259E+0	563.653E+0	1.101E+3
260E+0	563.6859E+0	1.098E+3
261E+0	563.7189E+0	1.098E+3
262E+0	563.7518E+0	1.097E+3
263E+0	563.7847E+0	1.097E+3
264E+0	563.8176E+0	1.093E+3
265E+0	563.8505E+0	1.1E+3
266E+0	563.8834E+0	1.101E+3
267E+0	563.9163E+0	1.1E+3
268E+0	563.9492E+0	1.094E+3
269E+0	563.9822E+0	1.099E+3
270E+0	564.0151E+0	1.099E+3
271E+0	564.048E+0	1.093E+3
272E+0	564.0809E+0	1.098E+3
273E+0	564.1138E+0	1.095E+3
274E+0	564.1467E+0	1.097E+3
275E+0	564.1796E+0	1.099E+3
276E+0	564.2125E+0	1.095E+3
277E+0	564.2454E+0	1.095E+3
278E+0	564.2783E+0	1.096E+3
279E+0	564.3112E+0	1.096E+3
280E+0	564.3441E+0	1.098E+3
281E+0	564.377E+0	1.096E+3
282E+0	564.4099E+0	1.099E+3
283E+0	564.4428E+0	1.097E+3
284E+0	564.4757E+0	1.095E+3
285E+0	564.5085E+0	1.097E+3
286E+0	564.5414E+0	1.1E+3
287E+0	564.5743E+0	1.098E+3
288E+0	564.6072E+0	1.098E+3
289E+0	564.6401E+0	1.097E+3
290E+0	564.673E+0	1.099E+3
291E+0	564.7059E+0	1.095E+3
292E+0	564.7388E+0	1.096E+3
293E+0	564.7716E+0	1.097E+3
294E+0	564.8045E+0	1.097E+3
295E+0	564.8374E+0	1.098E+3
296E+0	564.8703E+0	1.1E+3
297E+0	564.9032E+0	1.097E+3
298E+0	564.936E+0	1.098E+3
299E+0	564.9689E+0	1.098E+3
300E+0	565.0018E+0	1.092E+3
301E+0	565.0347E+0	1.097E+3
302E+0	565.0676E+0	1.096E+3
303E+0	565.1004E+0	1.1E+3
304E+0	565.1333E+0	1.096E+3
305E+0	565.1662E+0	1.096E+3
306E+0	565.199E+0	1.098E+3
307E+0	565.2319E+0	1.098E+3
308E+0	565.2648E+0	1.099E+3
309E+0	565.2976E+0	1.1E+3
310E+0	565.3305E+0	1.101E+3
311E+0	565.3634E+0	1.094E+3
312E+0	565.3962E+0	1.095E+3
313E+0	565.4291E+0	1.099E+3
314E+0	565.462E+0	1.097E+3
315E+0	565.4948E+0	1.1E+3
316E+0	565.5277E+0	1.098E+3
317E+0	565.5605E+0	1.097E+3
318E+0	565.5934E+0	1.099E+3
319E+0	565.6263E+0	1.101E+3
320E+0	565.6591E+0	1.095E+3
321E+0	565.692E+0	1.096E+3
322E+0	565.7248E+0	1.101E+3
323E+0	565.7577E+0	1.094E+3
324E+0	565.7905E+0	1.099E+3
325E+0	565.8234E+0	1.099E+3
326E+0	565.8562E+0	1.099E+3
327E+0	565.8891E+0	1.098E+3
328E+0	565.9219E+0	1.1E+3
329E+0	565.9548E+0	1.099E+3
330E+0	565.9876E+0	1.097E+3
331E+0	566.0205E+0	1.096E+3
332E+0	566.0533E+0	1.098E+3
333E+0	566.0861E+0	1.103E+3
334E+0	566.119E+0	1.098E+3
335E+0	566.1518E+0	1.099E+3
336E+0	566.1847E+0	1.097E+3
337E+0	566.2175E+0	1.099E+3
338E+0	566.2503E+0	1.098E+3
339E+0	566.2832E+0	1.101E+3
340E+0	566.316E+0	1.095E+3
341E+0	566.3488E+0	1.098E+3
342E+0	566.3817E+0	1.103E+3
343E+0	566.4145E+0	1.097E+3
344E+0	566.4473E+0	1.096E+3
345E+0	566.4802E+0	1.099E+3
346E+0	566.513E+0	1.098E+3
347E+0	566.5458E+0	1.096E+3
348E+0	566.5787E+0	1.099E+3
349E+0	566.6115E+0	1.097E+3
350E+0	566.6443E+0	1.097E+3
351E+0	566.6771E+0	1.096E+3
352E+0	566.7099E+0	1.103E+3
353E+0	566.7428E+0	1.098E+3
354E+0	566.7756E+0	1.099E+3
355E+0	566.8084E+0	1.103E+3
356E+0	566.8412E+0	1.096E+3
357E+0	566.874E+0	1.098E+3
358E+0	566.9069E+0	1.098E+3
359E+0	566.9397E+0	1.1E+3
360E+0	566.9725E+0	1.097E+3
361E+0	567.0053E+0	1.097E+3
362E+0	567.0381E+0	1.102E+3
363E+0	567.0709E+0	1.098E+3
364E+0	567.1037E+0	1.097E+3
365E+0	567.1365E+0	1.098E+3
366E+0	567.1693E+0	1.1E+3
367E+0	567.2021E+0	1.097E+3
368E+0	567.235E+0	1.103E+3
369E+0	567.2678E+0	1.102E+3
370E+0	567.3006E+0	1.103E+3
371E+0	567.3334E+0	1.101E+3
372E+0	567.3662E+0	1.1E+3
373E+0	567.399E+0	1.099E+3
374E+0	567.4318E+0	1.103E+3
375E+0	567.4646E+0	1.1E+3
376E+0	567.4974E+0	1.102E+3
377E+0	567.5301E+0	1.1E+3
378E+0	567.5629E+0	1.099E+3
379E+0	567.5957E+0	1.1E+3
380E+0	567.6285E+0	1.101E+3
381E+0	567.6613E+0	1.1E+3
382E+0	567.6941E+0	1.102E+3
383E+0	567.7269E+0	1.098E+3
384E+0	567.7597E+0	1.099E+3
385E+0	567.7925E+0	1.102E+3
386E+0	567.8253E+0	1.093E+3
387E+0	567.858E+0	1.098E+3
388E+0	567.8908E+0	1.099E+3
389E+0	567.9236E+0	1.098E+3
390E+0	567.9564E+0	1.1E+3
391E+0	567.9892E+0	1.102E+3
392E+0	568.0219E+0	1.101E+3
393E+0	568.0547E+0	1.101E+3
394E+0	568.0875E+0	1.1E+3
395E+0	568.1203E+0	1.101E+3
396E+0	568.153E+0	1.102E+3
397E+0	568.1858E+0	1.101E+3
398E+0	568.2186E+0	1.103E+3
399E+0	568.2514E+0	1.103E+3
400E+0	568.2841E+0	1.102E+3
401E+0	568.3169E+0	1.105E+3
402E+0	568.3497E+0	1.104E+3
403E+0	568.3824E+0	1.103E+3
404E+0	568.4152E+0	1.099E+3
405E+0	568.448E+0	1.103E+3
406E+0	568.4807E+0	1.099E+3
407E+0	568.5135E+0	1.1E+3
408E+0	568.5462E+0	1.103E+3
409E+0	568.579E+0	1.103E+3
410E+0	568.6118E+0	1.102E+3
411E+0	568.6445E+0	1.104E+3
412E+0	568.6773E+0	1.102E+3
413E+0	568.71E+0	1.1E+3
414E+0	568.7428E+0	1.101E+3
415E+0	568.7755E+0	1.104E+3
416E+0	568.8083E+0	1.1E+3
417E+0	568.841E+0	1.101E+3
418E+0	568.8738E+0	1.103E+3
419E+0	568.9065E+0	1.1E+3
420E+0	568.9393E+0	1.106E+3
421E+0	568.972E+0	1.105E+3
422E+0	569.0048E+0	1.1E+3
423E+0	569.0375E+0	1.1E+3
424E+0	569.0703E+0	1.101E+3
425E+0	569.103E+0	1.104E+3
426E+0	569.1357E+0	1.1E+3
427E+0	569.1685E+0	1.103E+3
428E+0	569.2012E+0	1.103E+3
429E+0	569.234E+0	1.1E+3
430E+0	569.2667E+0	1.107E+3
431E+0	569.2994E+0	1.101E+3
432E+0	569.3322E+0	1.103E+3
433E+0	569.3649E+0	1.103E+3
434E+0	569.3976E+0	1.104E+3
435E+0	569.4304E+0	1.102E+3
436E+0	569.4631E+0	1.104E+3
437E+0	569.4958E+0	1.104E+3
438E+0	569.5285E+0	1.106E+3
439E+0	569.5613E+0	1.098E+3
440E+0	569.594E+0	1.104E+3
441E+0	569.6267E+0	1.104E+3
442E+0	569.6594E+0	1.103E+3
443E+0	569.6922E+0	1.1E+3
444E+0	569.7249E+0	1.099E+3
445E+0	569.7576E+0	1.104E+3
446E+0	569.7903E+0	1.099E+3
447E+0	569.823E+0	1.104E+3
448E+0	569.8558E+0	1.101E+3
449E+0	569.8885E+0	1.103E+3
450E+0	569.9212E+0	1.099E+3
451E+0	569.9539E+0	1.1E+3
452E+0	569.9866E+0	1.103E+3
453E+0	570.0193E+0	1.1E+3
454E+0	570.052E+0	1.103E+3
455E+0	570.0847E+0	1.104E+3
456E+0	570.1174E+0	1.104E+3
457E+0	570.1501E+0	1.102E+3
458E+0	570.1828E+0	1.106E+3
459E+0	570.2155E+0	1.101E+3
460E+0	570.2482E+0	1.104E+3
461E+0	570.281E+0	1.103E+3
462E+0	570.3136E+0	1.103E+3
463E+0	570.3463E+0	1.106E+3
464E+0	570.379E+0	1.102E+3
465E+0	570.4117E+0	1.099E+3
466E+0	570.4444E+0	1.106E+3
467E+0	570.4771E+0	1.103E+3
468E+0	570.5098E+0	1.103E+3
469E+0	570.5425E+0	1.102E+3
470E+0	570.5752E+0	1.104E+3
471E+0	570.6079E+0	1.103E+3
472E+0	570.6406E+0	1.104E+3
473E+0	570.6733E+0	1.105E+3
474E+0	570.706E+0	1.102E+3
475E+0	570.7386E+0	1.101E+3
476E+0	570.7713E+0	1.102E+3
477E+0	570.804E+0	1.105E+3
478E+0	570.8367E+0	1.106E+3
479E+0	570.8694E+0	1.105E+3
480E+0	570.902E+0	1.107E+3
481E+0	570.9347E+0	1.104E+3
482E+0	570.9674E+0	1.104E+3
483E+0	571.0001E+0	1.104E+3
484E+0	571.0327E+0	1.102E+3
485E+0	571.0654E+0	1.102E+3
486E+0	571.0981E+0	1.101E+3
487E+0	571.1308E+0	1.101E+3
488E+0	571.1634E+0	1.1E+3
489E+0	571.1961E+0	1.102E+3
490E+0	571.2288E+0	1.104E+3
491E+0	571.2614E+0	1.103E+3
492E+0	571.2941E+0	1.101E+3
493E+0	571.3268E+0	1.103E+3
494E+0	571.3594E+0	1.104E+3
495E+0	571.3921E+0	1.104E+3
496E+0	571.4247E+0	1.102E+3
497E+0	571.4574E+0	1.108E+3
498E+0	571.49E+0	1.102E+3
499E+0	571.5227E+0	1.101E+3
500E+0	571.5554E+0	1.102E+3
501E+0	571.588E+0	1.101E+3
502E+0	571.6207E+0	1.102E+3
503E+0	571.6533E+0	1.104E+3
504E+0	571.686E+0	1.105E+3
505E+0	571.7186E+0	1.1E+3
506E+0	571.7513E+0	1.102E+3
507E+0	571.7839E+0	1.102E+3
508E+0	571.8166E+0	1.104E+3
509E+0	571.8492E+0	1.103E+3
510E+0	571.8818E+0	1.102E+3
511E+0	571.9145E+0	1.104E+3
512E+0	571.9471E+0	1.104E+3
513E+0	571.9798E+0	1.103E+3
514E+0	572.0124E+0	1.105E+3
515E+0	572.045E+0	1.101E+3
516E+0	572.0777E+0	1.106E+3
517E+0	572.1103E+0	1.1E+3
518E+0	572.1429E+0	1.099E+3
519E+0	572.1756E+0	1.103E+3
520E+0	572.2082E+0	1.104E+3
521E+0	572.2408E+0	1.1E+3
522E+0	572.2735E+0	1.103E+3
523E+0	572.3061E+0	1.103E+3
524E+0	572.3387E+0	1.106E+3
525E+0	572.3713E+0	1.101E+3
526E+0	572.404E+0	1.101E+3
527E+0	572.4366E+0	1.102E+3
528E+0	572.4692E+0	1.104E+3
529E+0	572.5018E+0	1.102E+3
530E+0	572.5344E+0	1.102E+3
531E+0	572.5671E+0	1.103E+3
532E+0	572.5997E+0	1.103E+3
533E+0	572.6323E+0	1.104E+3
534E+0	572.6649E+0	1.102E+3
535E+0	572.6975E+0	1.099E+3
536E+0	572.7301E+0	1.107E+3
537E+0	572.7627E+0	1.108E+3
538E+0	572.7954E+0	1.102E+3
539E+0	572.828E+0	1.104E+3
540E+0	572.8606E+0	1.107E+3
541E+0	572.8932E+0	1.1E+3
542E+0	572.9258E+0	1.104E+3
543E+0	572.9584E+0	1.107E+3
544E+0	572.991E+0	1.104E+3
545E+0	573.0236E+0	1.101E+3
546E+0	573.0562E+0	1.104E+3
547E+0	573.0888E+0	1.102E+3
548E+0	573.1214E+0	1.101E+3
549E+0	573.154E+0	1.101E+3
550E+0	573.1866E+0	1.104E+3
551E+0	573.2192E+0	1.102E+3
552E+0	573.2517E+0	1.101E+3
553E+0	573.2843E+0	1.103E+3
554E+0	573.3169E+0	1.099E+3
555E+0	573.3495E+0	1.101E+3
556E+0	573.3821E+0	1.101E+3
557E+0	573.4147E+0	1.101E+3
558E+0	573.4473E+0	1.1E+3
559E+0	573.4799E+0	1.104E+3
560E+0	573.5124E+0	1.101E+3
561E+0	573.545E+0	1.099E+3
562E+0	573.5776E+0	1.106E+3
563E+0	573.6102E+0	1.104E+3
564E+0	573.6428E+0	1.103E+3
565E+0	573.6753E+0	1.104E+3
566E+0	573.7079E+0	1.102E+3
567E+0	573.7405E+0	1.103E+3
568E+0	573.773E+0	1.101E+3
569E+0	573.8056E+0	1.101E+3
570E+0	573.8382E+0	1.104E+3
571E+0	573.8708E+0	1.102E+3
572E+0	573.9033E+0	1.101E+3
573E+0	573.9359E+0	1.108E+3
574E+0	573.9685E+0	1.101E+3
575E+0	574.001E+0	1.107E+3
576E+0	574.0336E+0	1.106E+3
577E+0	574.0661E+0	1.102E+3
578E+0	574.0987E+0	1.105E+3
579E+0	574.1313E+0	1.101E+3
580E+0	574.1638E+0	1.102E+3
581E+0	574.1964E+0	1.103E+3
582E+0	574.2289E+0	1.102E+3
583E+0	574.2615E+0	1.103E+3
584E+0	574.294E+0	1.1E+3
585E+0	574.3266E+0	1.102E+3
586E+0	574.3591E+0	1.103E+3
587E+0	574.3917E+0	1.102E+3
588E+0	574.4242E+0	1.1E+3
589E+0	574.4568E+0	1.106E+3
590E+0	574.4893E+0	1.105E+3
591E+0	574.5219E+0	1.102E+3
592E+0	574.5544E+0	1.106E+3
593E+0	574.5869E+0	1.104E+3
594E+0	574.6195E+0	1.103E+3
595E+0	574.652E+0	1.105E+3
596E+0	574.6846E+0	1.102E+3
597E+0	574.7171E+0	1.104E+3
598E+0	574.7496E+0	1.105E+3
599E+0	574.7822E+0	1.107E+3
600E+0	574.8147E+0	1.105E+3
601E+0	574.8472E+0	1.101E+3
602E+0	574.8798E+0	1.105E+3
603E+0	574.9123E+0	1.108E+3
604E+0	574.9448E+0	1.099E+3
605E+0	574.9773E+0	1.104E+3
606E+0	575.0099E+0	1.103E+3
607E+0	575.0424E+0	1.103E+3
608E+0	575.0749E+0	1.104E+3
609E+0	575.1074E+0	1.105E+3
610E+0	575.1399E+0	1.106E+3
611E+0	575.1725E+0	1.1E+3
612E+0	575.205E+0	1.105E+3
613E+0	575.2375E+0	1.105E+3
614E+0	575.27E+0	1.099E+3
615E+0	575.3025E+0	1.102E+3
616E+0	575.335E+0	1.107E+3
617E+0	575.3675E+0	1.102E+3
618E+0	575.4E+0	1.103E+3
619E+0	575.4326E+0	1.107E+3
620E+0	575.4651E+0	1.104E+3
621E+0	575.4976E+0	1.104E+3
622E+0	575.5301E+0	1.108E+3
623E+0	575.5626E+0	1.104E+3
624E+0	575.5951E+0	1.103E+3
625E+0	575.6276E+0	1.103E+3
626E+0	575.6601E+0	1.106E+3
627E+0	575.6926E+0	1.105E+3
628E+0	575.7251E+0	1.102E+3
629E+0	575.7576E+0	1.106E+3
630E+0	575.79E+0	1.104E+3
631E+0	575.8225E+0	1.099E+3
632E+0	575.855E+0	1.106E+3
633E+0	575.8875E+0	1.104E+3
634E+0	575.92E+0	1.105E+3
635E+0	575.9525E+0	1.104E+3
636E+0	575.985E+0	1.102E+3
637E+0	576.0175E+0	1.102E+3
638E+0	576.0499E+0	1.104E+3
639E+0	576.0824E+0	1.105E+3
640E+0	576.1149E+0	1.107E+3
641E+0	576.1474E+0	1.104E+3
642E+0	576.1799E+0	1.108E+3
643E+0	576.2123E+0	1.099E+3
644E+0	576.2448E+0	1.108E+3
645E+0	576.2773E+0	1.104E+3
646E+0	576.3098E+0	1.104E+3
647E+0	576.3422E+0	1.102E+3
648E+0	576.3747E+0	1.105E+3
649E+0	576.4072E+0	1.105E+3
650E+0	576.4396E+0	1.106E+3
651E+0	576.4721E+0	1.103E+3
652E+0	576.5046E+0	1.103E+3
653E+0	576.537E+0	1.105E+3
654E+0	576.5695E+0	1.102E+3
655E+0	576.602E+0	1.107E+3
656E+0	576.6344E+0	1.105E+3
657E+0	576.6669E+0	1.105E+3
658E+0	576.6993E+0	1.107E+3
659E+0	576.7318E+0	1.104E+3
660E+0	576.7642E+0	1.1E+3
661E+0	576.7967E+0	1.102E+3
662E+0	576.8291E+0	1.104E+3
663E+0	576.8616E+0	1.105E+3
664E+0	576.894E+0	1.106E+3
665E+0	576.9265E+0	1.107E+3
666E+0	576.9589E+0	1.108E+3
667E+0	576.9914E+0	1.105E+3
668E+0	577.0238E+0	1.108E+3
669E+0	577.0563E+0	1.105E+3
670E+0	577.0887E+0	1.103E+3
671E+0	577.1212E+0	1.107E+3
672E+0	577.1536E+0	1.102E+3
673E+0	577.186E+0	1.104E+3
674E+0	577.2185E+0	1.104E+3
675E+0	577.2509E+0	1.108E+3
676E+0	577.2833E+0	1.103E+3
677E+0	577.3158E+0	1.108E+3
678E+0	577.3482E+0	1.11E+3
679E+0	577.3806E+0	1.102E+3
680E+0	577.413E+0	1.102E+3
681E+0	577.4455E+0	1.107E+3
682E+0	577.4779E+0	1.106E+3
683E+0	577.5103E+0	1.103E+3
684E+0	577.5427E+0	1.102E+3
685E+0	577.5752E+0	1.105E+3
686E+0	577.6076E+0	1.104E+3
687E+0	577.64E+0	1.101E+3
688E+0	577.6724E+0	1.104E+3
689E+0	577.7048E+0	1.104E+3
690E+0	577.7373E+0	1.098E+3
691E+0	577.7697E+0	1.105E+3
692E+0	577.8021E+0	1.106E+3
693E+0	577.8345E+0	1.099E+3
694E+0	577.8669E+0	1.106E+3
695E+0	577.8993E+0	1.107E+3
696E+0	577.9317E+0	1.106E+3
697E+0	577.9641E+0	1.107E+3
698E+0	577.9965E+0	1.107E+3
699E+0	578.0289E+0	1.103E+3
700E+0	578.0613E+0	1.102E+3
701E+0	578.0937E+0	1.107E+3
702E+0	578.1261E+0	1.103E+3
703E+0	578.1585E+0	1.105E+3
704E+0	578.1909E+0	1.105E+3
705E+0	578.2233E+0	1.106E+3
706E+0	578.2557E+0	1.1E+3
707E+0	578.2881E+0	1.103E+3
708E+0	578.3205E+0	1.109E+3
709E+0	578.3529E+0	1.101E+3
710E+0	578.3853E+0	1.105E+3
711E+0	578.4176E+0	1.107E+3
712E+0	578.45E+0	1.102E+3
713E+0	578.4824E+0	1.105E+3
714E+0	578.5148E+0	1.102E+3
715E+0	578.5472E+0	1.106E+3
716E+0	578.5795E+0	1.107E+3
717E+0	578.6119E+0	1.105E+3
718E+0	578.6443E+0	1.108E+3
719E+0	578.6767E+0	1.1E+3
720E+0	578.7091E+0	1.107E+3
721E+0	578.7414E+0	1.111E+3
722E+0	578.7738E+0	1.107E+3
723E+0	578.8062E+0	1.103E+3
724E+0	578.8385E+0	1.106E+3
725E+0	578.8709E+0	1.102E+3
726E+0	578.9033E+0	1.106E+3
727E+0	578.9356E+0	1.103E+3
728E+0	578.968E+0	1.103E+3
729E+0	579.0004E+0	1.107E+3
730E+0	579.0327E+0	1.108E+3
731E+0	579.0651E+0	1.108E+3
732E+0	579.0974E+0	1.106E+3
733E+0	579.1298E+0	1.107E+3
734E+0	579.1621E+0	1.109E+3
735E+0	579.1945E+0	1.105E+3
736E+0	579.2268E+0	1.104E+3
737E+0	579.2592E+0	1.105E+3
738E+0	579.2915E+0	1.105E+3
739E+0	579.3239E+0	1.103E+3
740E+0	579.3562E+0	1.105E+3
741E+0	579.3886E+0	1.103E+3
742E+0	579.4209E+0	1.105E+3
743E+0	579.4533E+0	1.105E+3
744E+0	579.4856E+0	1.107E+3
745E+0	579.5179E+0	1.107E+3
746E+0	579.5503E+0	1.104E+3
747E+0	579.5826E+0	1.105E+3
748E+0	579.615E+0	1.106E+3
749E+0	579.6473E+0	1.101E+3
750E+0	579.6796E+0	1.108E+3
751E+0	579.712E+0	1.106E+3
752E+0	579.7443E+0	1.104E+3
753E+0	579.7766E+0	1.108E+3
754E+0	579.8089E+0	1.108E+3
755E+0	579.8413E+0	1.102E+3
756E+0	579.8736E+0	1.107E+3
757E+0	579.9059E+0	1.105E+3
758E+0	579.9382E+0	1.104E+3
759E+0	579.9705E+0	1.105E+3
760E+0	580.0029E+0	1.104E+3
761E+0	580.0352E+0	1.108E+3
762E+0	580.0675E+0	1.104E+3
763E+0	580.0998E+0	1.107E+3
764E+0	580.1321E+0	1.108E+3
765E+0	580.1644E+0	1.104E+3
766E+0	580.1967E+0	1.104E+3
767E+0	580.2291E+0	1.106E+3
768E+0	580.2614E+0	1.106E+3
769E+0	580.2937E+0	1.107E+3
770E+0	580.326E+0	1.104E+3
771E+0	580.3583E+0	1.103E+3
772E+0	580.3906E+0	1.104E+3
773E+0	580.4229E+0	1.104E+3
774E+0	580.4552E+0	1.107E+3
775E+0	580.4875E+0	1.101E+3
776E+0	580.5198E+0	1.103E+3
777E+0	580.5521E+0	1.106E+3
778E+0	580.5844E+0	1.104E+3
779E+0	580.6166E+0	1.103E+3
780E+0	580.6489E+0	1.11E+3
781E+0	580.6812E+0	1.104E+3
782E+0	580.7135E+0	1.103E+3
783E+0	580.7458E+0	1.105E+3
784E+0	580.7781E+0	1.105E+3
785E+0	580.8104E+0	1.105E+3
786E+0	580.8426E+0	1.102E+3
787E+0	580.8749E+0	1.107E+3
788E+0	580.9072E+0	1.104E+3
789E+0	580.9395E+0	1.105E+3
790E+0	580.9718E+0	1.105E+3
791E+0	581.004E+0	1.104E+3
792E+0	581.0363E+0	1.106E+3
793E+0	581.0686E+0	1.106E+3
794E+0	581.1009E+0	1.104E+3
795E+0	581.1331E+0	1.105E+3
796E+0	581.1654E+0	1.105E+3
797E+0	581.1977E+0	1.104E+3
798E+0	581.2299E+0	1.101E+3
799E+0	581.2622E+0	1.107E+3
800E+0	581.2944E+0	1.103E+3
801E+0	581.3267E+0	1.106E+3
802E+0	581.359E+0	1.106E+3
803E+0	581.3912E+0	1.103E+3
804E+0	581.4235E+0	1.106E+3
805E+0	581.4557E+0	1.105E+3
806E+0	581.488E+0	1.105E+3
807E+0	581.5202E+0	1.104E+3
808E+0	581.5525E+0	1.105E+3
809E+0	581.5847E+0	1.105E+3
810E+0	581.617E+0	1.106E+3
811E+0	581.6492E+0	1.107E+3
812E+0	581.6815E+0	1.106E+3
813E+0	581.7137E+0	1.106E+3
814E+0	581.746E+0	1.105E+3
815E+0	581.7782E+0	1.105E+3
816E+0	581.8104E+0	1.107E+3
817E+0	581.8427E+0	1.109E+3
818E+0	581.8749E+0	1.105E+3
819E+0	581.9071E+0	1.106E+3
820E+0	581.9394E+0	1.109E+3
821E+0	581.9716E+0	1.102E+3
822E+0	582.0038E+0	1.101E+3
823E+0	582.0361E+0	1.107E+3
824E+0	582.0683E+0	1.101E+3
825E+0	582.1005E+0	1.104E+3
826E+0	582.1327E+0	1.108E+3
827E+0	582.165E+0	1.107E+3
828E+0	582.1972E+0	1.108E+3
829E+0	582.2294E+0	1.105E+3
830E+0	582.2616E+0	1.107E+3
831E+0	582.2938E+0	1.108E+3
832E+0	582.3261E+0	1.102E+3
833E+0	582.3583E+0	1.107E+3
834E+0	582.3905E+0	1.106E+3
835E+0	582.4227E+0	1.11E+3
836E+0	582.4549E+0	1.107E+3
837E+0	582.4871E+0	1.108E+3
838E+0	582.5193E+0	1.104E+3
839E+0	582.5515E+0	1.108E+3
840E+0	582.5837E+0	1.109E+3
841E+0	582.6159E+0	1.105E+3
842E+0	582.6481E+0	1.107E+3
843E+0	582.6803E+0	1.108E+3
844E+0	582.7125E+0	1.108E+3
845E+0	582.7447E+0	1.108E+3
846E+0	582.7769E+0	1.109E+3
847E+0	582.8091E+0	1.111E+3
848E+0	582.8413E+0	1.107E+3
849E+0	582.8735E+0	1.106E+3
850E+0	582.9057E+0	1.11E+3
851E+0	582.9379E+0	1.105E+3
852E+0	582.9701E+0	1.106E+3
853E+0	583.0022E+0	1.114E+3
854E+0	583.0344E+0	1.102E+3
855E+0	583.0666E+0	1.109E+3
856E+0	583.0988E+0	1.11E+3
857E+0	583.131E+0	1.106E+3
858E+0	583.1631E+0	1.103E+3
859E+0	583.1953E+0	1.107E+3
860E+0	583.2275E+0	1.11E+3
861E+0	583.2597E+0	1.105E+3
862E+0	583.2918E+0	1.107E+3
863E+0	583.324E+0	1.107E+3
864E+0	583.3562E+0	1.107E+3
865E+0	583.3883E+0	1.106E+3
866E+0	583.4205E+0	1.11E+3
867E+0	583.4527E+0	1.105E+3
868E+0	583.4848E+0	1.105E+3
869E+0	583.517E+0	1.108E+3
870E+0	583.5492E+0	1.107E+3
871E+0	583.5813E+0	1.11E+3
872E+0	583.6135E+0	1.103E+3
873E+0	583.6456E+0	1.107E+3
874E+0	583.6778E+0	1.109E+3
875E+0	583.7099E+0	1.107E+3
876E+0	583.7421E+0	1.11E+3
877E+0	583.7742E+0	1.106E+3
878E+0	583.8064E+0	1.106E+3
879E+0	583.8385E+0	1.106E+3
880E+0	583.8707E+0	1.104E+3
881E+0	583.9028E+0	1.107E+3
882E+0	583.935E+0	1.107E+3
883E+0	583.9671E+0	1.108E+3
884E+0	583.9992E+0	1.107E+3
885E+0	584.0314E+0	1.106E+3
886E+0	584.0635E+0	1.109E+3
887E+0	584.0956E+0	1.107E+3
888E+0	584.1278E+0	1.108E+3
889E+0	584.1599E+0	1.108E+3
890E+0	584.192E+0	1.106E+3
891E+0	584.2242E+0	1.105E+3
892E+0	584.2563E+0	1.107E+3
893E+0	584.2884E+0	1.104E+3
894E+0	584.3205E+0	1.106E+3
895E+0	584.3527E+0	1.103E+3
896E+0	584.3848E+0	1.11E+3
897E+0	584.4169E+0	1.105E+3
898E+0	584.449E+0	1.106E+3
899E+0	584.4811E+0	1.108E+3
900E+0	584.5133E+0	1.105E+3
901E+0	584.5454E+0	1.107E+3
902E+0	584.5775E+0	1.106E+3
903E+0	584.6096E+0	1.105E+3
904E+0	584.6417E+0	1.107E+3
905E+0	584.6738E+0	1.107E+3
906E+0	584.7059E+0	1.112E+3
907E+0	584.738E+0	1.104E+3
908E+0	584.7701E+0	1.106E+3
909E+0	584.8022E+0	1.109E+3
910E+0	584.8343E+0	1.108E+3
911E+0	584.8664E+0	1.107E+3
912E+0	584.8985E+0	1.108E+3
913E+0	584.9306E+0	1.107E+3
914E+0	584.9627E+0	1.104E+3
915E+0	584.9948E+0	1.108E+3
916E+0	585.0269E+0	1.104E+3
917E+0	585.059E+0	1.106E+3
918E+0	585.0911E+0	1.106E+3
919E+0	585.1231E+0	1.11E+3
920E+0	585.1552E+0	1.104E+3
921E+0	585.1873E+0	1.112E+3
922E+0	585.2194E+0	1.106E+3
923E+0	585.2515E+0	1.106E+3
924E+0	585.2835E+0	1.106E+3
925E+0	585.3156E+0	1.108E+3
926E+0	585.3477E+0	1.105E+3
927E+0	585.3798E+0	1.104E+3
928E+0	585.4118E+0	1.102E+3
929E+0	585.4439E+0	1.107E+3
930E+0	585.476E+0	1.105E+3
931E+0	585.5081E+0	1.102E+3
932E+0	585.5401E+0	1.108E+3
933E+0	585.5722E+0	1.108E+3
934E+0	585.6042E+0	1.107E+3
935E+0	585.6363E+0	1.102E+3
936E+0	585.6684E+0	1.108E+3
937E+0	585.7004E+0	1.103E+3
938E+0	585.7325E+0	1.104E+3
939E+0	585.7645E+0	1.106E+3
940E+0	585.7966E+0	1.105E+3
941E+0	585.8286E+0	1.106E+3
942E+0	585.8607E+0	1.106E+3
943E+0	585.8927E+0	1.103E+3
944E+0	585.9248E+0	1.105E+3
945E+0	585.9568E+0	1.104E+3
946E+0	585.9889E+0	1.107E+3
947E+0	586.0209E+0	1.104E+3
948E+0	586.053E+0	1.106E+3
949E+0	586.085E+0	1.11E+3
950E+0	586.117E+0	1.108E+3
951E+0	586.1491E+0	1.106E+3
952E+0	586.1811E+0	1.106E+3
953E+0	586.2131E+0	1.104E+3
954E+0	586.2452E+0	1.109E+3
955E+0	586.2772E+0	1.106E+3
956E+0	586.3092E+0	1.107E+3
957E+0	586.3413E+0	1.102E+3
958E+0	586.3733E+0	1.109E+3
959E+0	586.4053E+0	1.108E+3
960E+0	586.4373E+0	1.105E+3
961E+0	586.4694E+0	1.109E+3
962E+0	586.5014E+0	1.106E+3
963E+0	586.5334E+0	1.107E+3
964E+0	586.5654E+0	1.106E+3
965E+0	586.5974E+0	1.111E+3
966E+0	586.6294E+0	1.106E+3
967E+0	586.6614E+0	1.106E+3
968E+0	586.6935E+0	1.108E+3
969E+0	586.7255E+0	1.106E+3
970E+0	586.7575E+0	1.109E+3
971E+0	586.7895E+0	1.106E+3
972E+0	586.8215E+0	1.107E+3
973E+0	586.8535E+0	1.103E+3
974E+0	586.8855E+0	1.107E+3
975E+0	586.9175E+0	1.108E+3
976E+0	586.9495E+0	1.107E+3
977E+0	586.9815E+0	1.107E+3
978E+0	587.0135E+0	1.114E+3
979E+0	587.0455E+0	1.106E+3
980E+0	587.0775E+0	1.106E+3
981E+0	587.1094E+0	1.107E+3
982E+0	587.1414E+0	1.108E+3
983E+0	587.1734E+0	1.107E+3
984E+0	587.2054E+0	1.107E+3
985E+0	587.2374E+0	1.108E+3
986E+0	587.2694E+0	1.105E+3
987E+0	587.3013E+0	1.11E+3
988E+0	587.3333E+0	1.107E+3
989E+0	587.3653E+0	1.106E+3
990E+0	587.3973E+0	1.106E+3
991E+0	587.4293E+0	1.11E+3
992E+0	587.4612E+0	1.106E+3
993E+0	587.4932E+0	1.105E+3
994E+0	587.5252E+0	1.111E+3
995E+0	587.5571E+0	1.104E+3
996E+0	587.5891E+0	1.11E+3
997E+0	587.6211E+0	1.106E+3
998E+0	587.653E+0	1.11E+3
999E+0	587.685E+0	1.105E+3
1E+3	587.7169E+0	1.105E+3
1.001E+3	587.7489E+0	1.109E+3
1.002E+3	587.7809E+0	1.104E+3
1.003E+3	587.8128E+0	1.104E+3
1.004E+3	587.8448E+0	1.106E+3
1.005E+3	587.8767E+0	1.108E+3
1.006E+3	587.9087E+0	1.106E+3
1.007E+3	587.9406E+0	1.105E+3
1.008E+3	587.9726E+0	1.108E+3
1.009E+3	588.0045E+0	1.103E+3
1.01E+3	588.0365E+0	1.109E+3
1.011E+3	588.0684E+0	1.112E+3
1.012E+3	588.1003E+0	1.109E+3
1.013E+3	588.1323E+0	1.107E+3
1.014E+3	588.1642E+0	1.109E+3
1.015E+3	588.1961E+0	1.107E+3
1.016E+3	588.2281E+0	1.108E+3
1.017E+3	588.26E+0	1.111E+3
1.018E+3	588.2919E+0	1.108E+3
1.019E+3	588.3239E+0	1.107E+3
1.02E+3	588.3558E+0	1.108E+3
1.021E+3	588.3877E+0	1.106E+3
1.022E+3	588.4196E+0	1.106E+3
1.023E+3	588.4516E+0	1.109E+3
1.024E+3	588.4835E+0	1.113E+3

SympCCD.YPixels_Scan5         	                              
1E+0
