#2022-08-18
#15:12:22
#Balayage par: iq-qfl
#Description Keyword: 
#ScanTask Size: 1001
##Instrument: Tools@Tools.lvclass; Function:Indice de Point (Points); Parameters: *BeforeWait(ms): 0;*AfterWait(ms): 0; 
#Instrument: Tools@Tools.lvclass; Function:AbsTime (ms); Parameters: *BeforeWait(ms): 0;*AfterWait(ms): 0; 
#Instrument: ThorPM100A@ThorPM100A.lvclass; Function:Read Power (mW); Parameters: *BeforeWait(ms): 500;*AfterWait(ms): 0; Range: 1.861588E-1 (W); Autorange: Off; Wavelenght 530.80 (nm); Act Power: 15.399E-6 (W); Attenuation 0.00 (dB); Average Cnt: 1;
#
#Tools.Indice de points(Points)	Tools.Time(s)                 	Tools.Temps Abs(ms)           	ThorPM100A.Power(mW)          
0E+0	3.743694742974E+9	3.743694742974E+9	-22.3947827E-6
1E+0	3.743694743476E+9	3.743694743476E+9	11.1983763E-6
2E+0	3.74369474398E+9	3.74369474398E+9	19.5971588E-6
3E+0	3.743694744484E+9	3.743694744484E+9	2.79959409E-6
4E+0	3.743694744989E+9	3.743694744989E+9	6.99997054E-6
5E+0	3.743694745492E+9	3.743694745492E+9	6.99997054E-6
6E+0	3.743694745995E+9	3.743694745995E+9	-1.39881206E-6
7E+0	3.743694746501E+9	3.743694746501E+9	2.79959409E-6
8E+0	3.743694747004E+9	3.743694747004E+9	-13.9979711E-6
9E+0	3.743694747508E+9	3.743694747508E+9	2.79959409E-6
10E+0	3.743694748011E+9	3.743694748011E+9	2.79959409E-6
11E+0	3.743694748516E+9	3.743694748516E+9	6.99997054E-6
12E+0	3.743694749018E+9	3.743694749018E+9	-5.59918817E-6
13E+0	3.743694749523E+9	3.743694749523E+9	-9.79759443E-6
14E+0	3.743694750026E+9	3.743694750026E+9	-1.39881206E-6
15E+0	3.743694750531E+9	3.743694750531E+9	2.79959409E-6
16E+0	3.743694751035E+9	3.743694751035E+9	-5.59918817E-6
17E+0	3.743694751538E+9	3.743694751538E+9	11.1983763E-6
18E+0	3.743694752042E+9	3.743694752042E+9	2.79959409E-6
19E+0	3.743694752545E+9	3.743694752545E+9	-5.59918817E-6
20E+0	3.743694753048E+9	3.743694753048E+9	-18.1963769E-6
21E+0	3.743694753553E+9	3.743694753553E+9	-1.39881206E-6
22E+0	3.743694754056E+9	3.743694754056E+9	2.79959409E-6
23E+0	3.743694754559E+9	3.743694754559E+9	-1.39881206E-6
24E+0	3.743694755062E+9	3.743694755062E+9	11.1983763E-6
25E+0	3.743694755566E+9	3.743694755566E+9	6.99997054E-6
26E+0	3.74369475607E+9	3.74369475607E+9	-5.59918817E-6
27E+0	3.743694756574E+9	3.743694756574E+9	-13.9979711E-6
28E+0	3.743694757077E+9	3.743694757077E+9	-1.39881206E-6
29E+0	3.74369475758E+9	3.74369475758E+9	-1.39881206E-6
30E+0	3.743694758082E+9	3.743694758082E+9	2.79959409E-6
31E+0	3.743694758585E+9	3.743694758585E+9	-18.1963769E-6
32E+0	3.743694759088E+9	3.743694759088E+9	15.398753E-6
33E+0	3.743694759591E+9	3.743694759591E+9	2.79959409E-6
34E+0	3.743694760094E+9	3.743694760094E+9	-5.59918817E-6
35E+0	3.743694760599E+9	3.743694760599E+9	-1.39881206E-6
36E+0	3.743694761115E+9	3.743694761115E+9	-1.39881206E-6
37E+0	3.743694761618E+9	3.743694761618E+9	-1.39881206E-6
38E+0	3.743694762122E+9	3.743694762122E+9	2.79959409E-6
39E+0	3.743694762626E+9	3.743694762626E+9	15.398753E-6
40E+0	3.743694763129E+9	3.743694763129E+9	2.79959409E-6
41E+0	3.743694763634E+9	3.743694763634E+9	-5.59918817E-6
42E+0	3.743694764137E+9	3.743694764137E+9	-18.1963769E-6
43E+0	3.743694764641E+9	3.743694764641E+9	6.99997054E-6
44E+0	3.743694765177E+9	3.743694765177E+9	-18.1963769E-6
45E+0	3.743694765679E+9	3.743694765679E+9	2.79959409E-6
46E+0	3.743694766183E+9	3.743694766183E+9	-9.79759443E-6
47E+0	3.743694766686E+9	3.743694766686E+9	-22.3947827E-6
48E+0	3.743694767195E+9	3.743694767195E+9	-1.39881206E-6
49E+0	3.743694767698E+9	3.743694767698E+9	11.1983763E-6
50E+0	3.743694768201E+9	3.743694768201E+9	-1.39881206E-6
51E+0	3.743694768704E+9	3.743694768704E+9	-5.59918817E-6
52E+0	3.743694769207E+9	3.743694769207E+9	-1.39881206E-6
53E+0	3.74369476971E+9	3.74369476971E+9	-5.59918817E-6
54E+0	3.743694770269E+9	3.743694770269E+9	15.398753E-6
55E+0	3.743694770772E+9	3.743694770772E+9	11.1983763E-6
56E+0	3.743694771275E+9	3.743694771275E+9	6.99997054E-6
57E+0	3.743694771778E+9	3.743694771778E+9	11.1983763E-6
58E+0	3.743694772284E+9	3.743694772284E+9	2.79959409E-6
59E+0	3.743694772788E+9	3.743694772788E+9	15.398753E-6
60E+0	3.743694773291E+9	3.743694773291E+9	-9.79759443E-6
61E+0	3.743694773797E+9	3.743694773797E+9	2.79959409E-6
62E+0	3.743694774301E+9	3.743694774301E+9	6.99997054E-6
63E+0	3.743694774804E+9	3.743694774804E+9	6.99997054E-6
64E+0	3.743694775306E+9	3.743694775307E+9	-9.79759443E-6
65E+0	3.743694775827E+9	3.743694775827E+9	2.79959409E-6
66E+0	3.743694776331E+9	3.743694776331E+9	11.1983763E-6
67E+0	3.743694776835E+9	3.743694776835E+9	11.1983763E-6
68E+0	3.743694777338E+9	3.743694777338E+9	-1.39881206E-6
69E+0	3.74369477784E+9	3.74369477784E+9	-9.79759443E-6
70E+0	3.743694778344E+9	3.743694778344E+9	-5.59918817E-6
71E+0	3.743694778847E+9	3.743694778847E+9	2.79959409E-6
72E+0	3.743694779351E+9	3.743694779351E+9	15.398753E-6
73E+0	3.743694779855E+9	3.743694779855E+9	-1.39881206E-6
74E+0	3.743694780359E+9	3.743694780359E+9	6.99997054E-6
75E+0	3.743694780862E+9	3.743694780862E+9	-1.39881206E-6
76E+0	3.743694781365E+9	3.743694781365E+9	-9.79759443E-6
77E+0	3.743694781868E+9	3.743694781868E+9	-1.39881206E-6
78E+0	3.743694782371E+9	3.743694782371E+9	-9.79759443E-6
79E+0	3.743694782875E+9	3.743694782875E+9	11.1983763E-6
80E+0	3.743694783378E+9	3.743694783378E+9	-1.39881206E-6
81E+0	3.743694783881E+9	3.743694783881E+9	2.79959409E-6
82E+0	3.743694784385E+9	3.743694784385E+9	-5.59918817E-6
83E+0	3.743694784888E+9	3.743694784888E+9	2.79959409E-6
84E+0	3.743694785392E+9	3.743694785392E+9	6.99997054E-6
85E+0	3.743694785895E+9	3.743694785895E+9	-1.39881206E-6
86E+0	3.743694786398E+9	3.743694786398E+9	-5.59918817E-6
87E+0	3.743694786901E+9	3.743694786901E+9	-5.59918817E-6
88E+0	3.743694787405E+9	3.743694787405E+9	2.79959409E-6
89E+0	3.743694787908E+9	3.743694787908E+9	6.99997054E-6
90E+0	3.74369478841E+9	3.74369478841E+9	-1.39881206E-6
91E+0	3.743694788913E+9	3.743694788913E+9	2.79959409E-6
92E+0	3.743694789425E+9	3.743694789425E+9	-1.39881206E-6
93E+0	3.743694789929E+9	3.743694789929E+9	11.1983763E-6
94E+0	3.743694790432E+9	3.743694790432E+9	-1.39881206E-6
95E+0	3.743694790935E+9	3.743694790935E+9	-1.39881206E-6
96E+0	3.743694791438E+9	3.743694791438E+9	-1.39881206E-6
97E+0	3.743694791941E+9	3.743694791941E+9	-5.59918817E-6
98E+0	3.743694792445E+9	3.743694792445E+9	-9.79759443E-6
99E+0	3.743694792948E+9	3.743694792948E+9	2.79959409E-6
100E+0	3.743694793452E+9	3.743694793452E+9	-5.59918817E-6
101E+0	3.743694793955E+9	3.743694793955E+9	-9.79759443E-6
102E+0	3.743694794458E+9	3.743694794458E+9	2.79959409E-6
103E+0	3.743694794962E+9	3.743694794962E+9	15.398753E-6
104E+0	3.743694795465E+9	3.743694795465E+9	2.79959409E-6
105E+0	3.743694795969E+9	3.743694795969E+9	6.99997054E-6
106E+0	3.743694796473E+9	3.743694796473E+9	-1.39881206E-6
107E+0	3.743694796976E+9	3.743694796976E+9	6.99997054E-6
108E+0	3.743694797479E+9	3.743694797479E+9	2.79959409E-6
109E+0	3.743694797982E+9	3.743694797982E+9	-1.39881206E-6
110E+0	3.743694798484E+9	3.743694798484E+9	6.99997054E-6
111E+0	3.743694798987E+9	3.743694798987E+9	2.79959409E-6
112E+0	3.743694799491E+9	3.743694799491E+9	11.1983763E-6
113E+0	3.743694799995E+9	3.743694799995E+9	15.398753E-6
114E+0	3.743694800498E+9	3.743694800498E+9	2.79959409E-6
115E+0	3.743694801E+9	3.743694801E+9	19.5971588E-6
116E+0	3.743694801503E+9	3.743694801503E+9	-5.59918817E-6
117E+0	3.743694802006E+9	3.743694802006E+9	-18.1963769E-6
118E+0	3.74369480251E+9	3.74369480251E+9	11.1983763E-6
119E+0	3.743694803013E+9	3.743694803013E+9	-1.39881206E-6
120E+0	3.743694803516E+9	3.743694803516E+9	6.99997054E-6
121E+0	3.74369480402E+9	3.74369480402E+9	-9.79759443E-6
122E+0	3.743694804523E+9	3.743694804523E+9	6.99997054E-6
123E+0	3.743694805028E+9	3.743694805028E+9	-1.39881206E-6
124E+0	3.743694805531E+9	3.743694805531E+9	2.79959409E-6
125E+0	3.743694806034E+9	3.743694806034E+9	6.99997054E-6
126E+0	3.743694806536E+9	3.743694806536E+9	11.1983763E-6
127E+0	3.743694807039E+9	3.743694807039E+9	-9.79759443E-6
128E+0	3.743694807542E+9	3.743694807542E+9	-13.9979711E-6
129E+0	3.743694808045E+9	3.743694808045E+9	-1.39881206E-6
130E+0	3.743694808549E+9	3.743694808549E+9	23.7975346E-6
131E+0	3.743694809053E+9	3.743694809053E+9	19.5971588E-6
132E+0	3.743694809557E+9	3.743694809557E+9	-5.59918817E-6
133E+0	3.74369481006E+9	3.74369481006E+9	6.99997054E-6
134E+0	3.743694810564E+9	3.743694810564E+9	-1.39881206E-6
135E+0	3.743694811067E+9	3.743694811067E+9	2.79959409E-6
136E+0	3.74369481157E+9	3.74369481157E+9	-1.39881206E-6
137E+0	3.743694812073E+9	3.743694812073E+9	2.79959409E-6
138E+0	3.743694812576E+9	3.743694812576E+9	2.79959409E-6
139E+0	3.743694813079E+9	3.743694813079E+9	2.79959409E-6
140E+0	3.743694813581E+9	3.743694813581E+9	11.1983763E-6
141E+0	3.743694814085E+9	3.743694814085E+9	2.79959409E-6
142E+0	3.743694814589E+9	3.743694814589E+9	11.1983763E-6
143E+0	3.743694815094E+9	3.743694815094E+9	-5.59918817E-6
144E+0	3.743694815596E+9	3.743694815596E+9	-1.39881206E-6
145E+0	3.743694816099E+9	3.743694816099E+9	-26.5951603E-6
146E+0	3.743694816603E+9	3.743694816603E+9	-5.59918817E-6
147E+0	3.743694817107E+9	3.743694817107E+9	-5.59918817E-6
148E+0	3.74369481761E+9	3.74369481761E+9	2.79959409E-6
149E+0	3.743694818113E+9	3.743694818113E+9	11.1983763E-6
150E+0	3.743694818616E+9	3.743694818616E+9	19.5971588E-6
151E+0	3.743694819119E+9	3.743694819119E+9	6.99997054E-6
152E+0	3.743694819622E+9	3.743694819622E+9	-9.79759443E-6
153E+0	3.743694820126E+9	3.743694820126E+9	2.79959409E-6
154E+0	3.743694820629E+9	3.743694820629E+9	6.99997054E-6
155E+0	3.743694821133E+9	3.743694821133E+9	2.79959409E-6
156E+0	3.743694821636E+9	3.743694821636E+9	2.79959409E-6
157E+0	3.74369482214E+9	3.74369482214E+9	2.79959409E-6
158E+0	3.743694822643E+9	3.743694822643E+9	-1.39881206E-6
159E+0	3.743694823147E+9	3.743694823147E+9	2.79959409E-6
160E+0	3.743694823652E+9	3.743694823652E+9	6.99997054E-6
161E+0	3.743694824156E+9	3.743694824156E+9	6.99997054E-6
162E+0	3.743694824658E+9	3.743694824658E+9	2.79959409E-6
163E+0	3.743694825162E+9	3.743694825162E+9	2.79959409E-6
164E+0	3.743694825666E+9	3.743694825666E+9	2.79959409E-6
165E+0	3.74369482617E+9	3.74369482617E+9	6.99997054E-6
166E+0	3.743694826673E+9	3.743694826673E+9	-9.79759443E-6
167E+0	3.743694827176E+9	3.743694827176E+9	-5.59918817E-6
168E+0	3.743694827679E+9	3.743694827679E+9	2.79959409E-6
169E+0	3.743694828183E+9	3.743694828183E+9	11.1983763E-6
170E+0	3.743694828687E+9	3.743694828687E+9	-5.59918817E-6
171E+0	3.743694829191E+9	3.743694829191E+9	15.398753E-6
172E+0	3.743694829715E+9	3.743694829715E+9	-1.39881206E-6
173E+0	3.74369483022E+9	3.74369483022E+9	15.398753E-6
174E+0	3.743694830724E+9	3.743694830724E+9	-9.79759443E-6
175E+0	3.743694831228E+9	3.743694831228E+9	2.79959409E-6
176E+0	3.743694831732E+9	3.743694831732E+9	11.1983763E-6
177E+0	3.743694832236E+9	3.743694832236E+9	15.398753E-6
178E+0	3.743694832741E+9	3.743694832741E+9	23.7975346E-6
179E+0	3.743694833432E+9	3.743694833432E+9	2.79959409E-6
180E+0	3.743694833935E+9	3.743694833935E+9	11.1983763E-6
181E+0	3.743694834438E+9	3.743694834438E+9	-1.39881206E-6
182E+0	3.743694834941E+9	3.743694834941E+9	6.99997054E-6
183E+0	3.743694835445E+9	3.743694835445E+9	2.79959409E-6
184E+0	3.743694835948E+9	3.743694835948E+9	6.99997054E-6
185E+0	3.743694836451E+9	3.743694836451E+9	2.79959409E-6
186E+0	3.743694836955E+9	3.743694836955E+9	-1.39881206E-6
187E+0	3.743694837459E+9	3.743694837459E+9	2.79959409E-6
188E+0	3.743694837963E+9	3.743694837963E+9	11.1983763E-6
189E+0	3.743694838467E+9	3.743694838467E+9	-18.1963769E-6
190E+0	3.743694838971E+9	3.743694838971E+9	-5.59918817E-6
191E+0	3.743694839475E+9	3.743694839475E+9	-9.79759443E-6
192E+0	3.743694839979E+9	3.743694839979E+9	-1.39881206E-6
193E+0	3.743694840482E+9	3.743694840482E+9	2.79959409E-6
194E+0	3.743694840985E+9	3.743694840985E+9	-22.3947827E-6
195E+0	3.743694841488E+9	3.743694841488E+9	2.79959409E-6
196E+0	3.743694841991E+9	3.743694841991E+9	2.79959409E-6
197E+0	3.743694842495E+9	3.743694842495E+9	-1.39881206E-6
198E+0	3.743694842997E+9	3.743694842997E+9	3.18426737E-6
199E+0	3.7436948435E+9	3.7436948435E+9	1.50027518E-6
200E+0	3.743694844004E+9	3.743694844004E+9	2.76339256E-6
201E+0	3.743694844508E+9	3.743694844508E+9	2.34227127E-6
202E+0	3.743694845019E+9	3.743694845019E+9	-604.838419E-9
203E+0	3.743694845539E+9	3.743694845539E+9	1.50027518E-6
204E+0	3.743694846043E+9	3.743694846043E+9	3.18426737E-6
205E+0	3.743694846547E+9	3.743694846547E+9	237.157735E-9
206E+0	3.74369484705E+9	3.74369484705E+9	3.18426737E-6
207E+0	3.743694847553E+9	3.743694847553E+9	2.76339256E-6
208E+0	3.743694848056E+9	3.743694848056E+9	237.157735E-9
209E+0	3.743694848559E+9	3.743694848559E+9	4.02626347E-6
210E+0	3.743694849061E+9	3.743694849061E+9	-604.838419E-9
211E+0	3.743694849579E+9	3.743694849579E+9	1.50027518E-6
212E+0	3.743694850083E+9	3.743694850083E+9	2.76339256E-6
213E+0	3.743694850585E+9	3.743694850585E+9	1.50027518E-6
214E+0	3.743694851088E+9	3.743694851088E+9	1.50027518E-6
215E+0	3.743694851591E+9	3.743694851591E+9	658.278964E-9
216E+0	3.743694852093E+9	3.743694852093E+9	-604.838419E-9
217E+0	3.743694852596E+9	3.743694852596E+9	-4.81506549E-6
218E+0	3.743694853099E+9	3.743694853099E+9	2.76339256E-6
219E+0	3.743694853602E+9	3.743694853602E+9	3.18426737E-6
220E+0	3.743694854104E+9	3.743694854104E+9	1.92114999E-6
221E+0	3.743694854609E+9	3.743694854609E+9	1.50027518E-6
222E+0	3.743694855112E+9	3.743694855112E+9	1.92114999E-6
223E+0	3.743694855615E+9	3.743694855615E+9	658.278964E-9
224E+0	3.743694856118E+9	3.743694856118E+9	1.50027518E-6
225E+0	3.743694856621E+9	3.743694856621E+9	4.44738498E-6
226E+0	3.743694857124E+9	3.743694857124E+9	1.07915389E-6
227E+0	3.743694857628E+9	3.743694857628E+9	658.278964E-9
228E+0	3.743694858131E+9	3.743694858131E+9	-1.0259597E-6
229E+0	3.743694858634E+9	3.743694858634E+9	-604.838419E-9
230E+0	3.743694859136E+9	3.743694859136E+9	1.50027518E-6
231E+0	3.74369485964E+9	3.74369485964E+9	1.92114999E-6
232E+0	3.743694860143E+9	3.743694860143E+9	2.34227127E-6
233E+0	3.743694860645E+9	3.743694860645E+9	1.92114999E-6
234E+0	3.74369486115E+9	3.74369486115E+9	1.07915389E-6
235E+0	3.743694861652E+9	3.743694861652E+9	-604.838419E-9
236E+0	3.743694862154E+9	3.743694862154E+9	1.07915389E-6
237E+0	3.743694862658E+9	3.743694862658E+9	1.92114999E-6
238E+0	3.743694863161E+9	3.743694863161E+9	3.18426737E-6
239E+0	3.743694863665E+9	3.743694863665E+9	1.07915389E-6
240E+0	3.743694864168E+9	3.743694864168E+9	658.278964E-9
241E+0	3.743694864671E+9	3.743694864671E+9	2.76339256E-6
242E+0	3.743694865174E+9	3.743694865174E+9	1.07915389E-6
243E+0	3.743694865681E+9	3.743694865681E+9	2.34227127E-6
244E+0	3.743694866184E+9	3.743694866184E+9	1.92114999E-6
245E+0	3.743694866688E+9	3.743694866688E+9	-183.717205E-9
246E+0	3.74369486719E+9	3.74369486719E+9	1.07915389E-6
247E+0	3.743694867693E+9	3.743694867693E+9	1.92114999E-6
248E+0	3.743694868196E+9	3.743694868196E+9	2.34227127E-6
249E+0	3.7436948687E+9	3.7436948687E+9	1.50027518E-6
250E+0	3.743694869203E+9	3.743694869203E+9	1.92114999E-6
251E+0	3.743694869707E+9	3.743694869707E+9	3.60538866E-6
252E+0	3.743694870209E+9	3.743694870209E+9	658.278964E-9
253E+0	3.743694870712E+9	3.743694870712E+9	1.92114999E-6
254E+0	3.743694871217E+9	3.743694871217E+9	1.92114999E-6
255E+0	3.743694871721E+9	3.743694871721E+9	2.34227127E-6
256E+0	3.743694872224E+9	3.743694872224E+9	1.07915389E-6
257E+0	3.743694872728E+9	3.743694872728E+9	1.07915389E-6
258E+0	3.743694873232E+9	3.743694873232E+9	2.34227127E-6
259E+0	3.743694873735E+9	3.743694873735E+9	-183.717205E-9
260E+0	3.743694874237E+9	3.743694874237E+9	237.157735E-9
261E+0	3.743694874742E+9	3.743694874742E+9	1.50027518E-6
262E+0	3.743694875245E+9	3.743694875245E+9	1.50027518E-6
263E+0	3.743694875749E+9	3.743694875749E+9	-604.838419E-9
264E+0	3.743694876252E+9	3.743694876252E+9	1.92114999E-6
265E+0	3.743694876756E+9	3.743694876756E+9	-604.838419E-9
266E+0	3.743694877259E+9	3.743694877259E+9	1.50027518E-6
267E+0	3.743694877763E+9	3.743694877763E+9	2.76339256E-6
268E+0	3.743694878267E+9	3.743694878267E+9	1.92114999E-6
269E+0	3.74369487877E+9	3.743694878771E+9	1.07915389E-6
270E+0	3.743694879275E+9	3.743694879275E+9	1.07915389E-6
271E+0	3.743694879778E+9	3.743694879778E+9	-1.0259597E-6
272E+0	3.74369488028E+9	3.74369488028E+9	-183.717205E-9
273E+0	3.743694880785E+9	3.743694880785E+9	1.92114999E-6
274E+0	3.743694881287E+9	3.743694881287E+9	3.18426737E-6
275E+0	3.743694881791E+9	3.743694881791E+9	1.50027518E-6
276E+0	3.743694882294E+9	3.743694882294E+9	2.34227127E-6
277E+0	3.743694882798E+9	3.743694882798E+9	658.278964E-9
278E+0	3.743694883302E+9	3.743694883302E+9	-1.44683463E-6
279E+0	3.743694883806E+9	3.743694883806E+9	3.18426737E-6
280E+0	3.743694884309E+9	3.743694884309E+9	1.07915389E-6
281E+0	3.743694884813E+9	3.743694884813E+9	237.157735E-9
282E+0	3.743694885317E+9	3.743694885317E+9	2.34227127E-6
283E+0	3.74369488582E+9	3.74369488582E+9	1.50027518E-6
284E+0	3.743694886324E+9	3.743694886324E+9	1.50027518E-6
285E+0	3.743694886827E+9	3.743694886827E+9	1.07915389E-6
286E+0	3.74369488733E+9	3.74369488733E+9	237.157735E-9
287E+0	3.743694887835E+9	3.743694887835E+9	1.50027518E-6
288E+0	3.743694888338E+9	3.743694888338E+9	1.92114999E-6
289E+0	3.743694888842E+9	3.743694888842E+9	-3.1310733E-6
290E+0	3.743694889346E+9	3.743694889346E+9	-183.717205E-9
291E+0	3.743694889849E+9	3.743694889849E+9	1.50015194E-6
292E+0	3.743694890352E+9	3.743694890352E+9	2.34227127E-6
293E+0	3.743694890856E+9	3.743694890856E+9	658.155841E-9
294E+0	3.74369489136E+9	3.74369489136E+9	658.155841E-9
295E+0	3.743694891863E+9	3.743694891863E+9	658.155841E-9
296E+0	3.743694892366E+9	3.743694892366E+9	-183.840342E-9
297E+0	3.743694892869E+9	3.743694892869E+9	2.13183375E-6
298E+0	3.743694893371E+9	3.743694893371E+9	-815.399062E-9
299E+0	3.743694893876E+9	3.743694893876E+9	447.71835E-9
300E+0	3.743694894379E+9	3.743694894379E+9	1.28971453E-6
301E+0	3.743694894882E+9	3.743694894882E+9	2.76326932E-6
302E+0	3.743694895387E+9	3.743694895387E+9	1.28971453E-6
303E+0	3.743694895891E+9	3.743694895891E+9	237.280872E-9
304E+0	3.743694896395E+9	3.743694896395E+9	2.76326932E-6
305E+0	3.7436948969E+9	3.7436948969E+9	447.71835E-9
306E+0	3.743694897405E+9	3.743694897405E+9	1.07915389E-6
307E+0	3.743694897908E+9	3.743694897908E+9	1.7108357E-6
308E+0	3.743694898412E+9	3.743694898412E+9	1.92127322E-6
309E+0	3.743694898917E+9	3.743694898917E+9	1.92127322E-6
310E+0	3.74369489942E+9	3.74369489942E+9	868.716427E-9
311E+0	3.743694899924E+9	3.743694899924E+9	1.07915389E-6
312E+0	3.743694900429E+9	3.743694900429E+9	1.07927701E-6
313E+0	3.743694900932E+9	3.743694900932E+9	1.50027518E-6
314E+0	3.743694901436E+9	3.743694901436E+9	-183.840342E-9
315E+0	3.74369490194E+9	3.74369490194E+9	1.07915389E-6
316E+0	3.743694902443E+9	3.743694902443E+9	2.34227127E-6
317E+0	3.743694902946E+9	3.743694902946E+9	658.155841E-9
318E+0	3.74369490345E+9	3.74369490345E+9	1.92127322E-6
319E+0	3.743694903955E+9	3.743694903955E+9	237.157735E-9
320E+0	3.743694904459E+9	3.743694904459E+9	2.76326932E-6
321E+0	3.743694904961E+9	3.743694904961E+9	1.50015194E-6
322E+0	3.743694905465E+9	3.743694905465E+9	2.13183375E-6
323E+0	3.74369490597E+9	3.74369490597E+9	1.92127322E-6
324E+0	3.743694906475E+9	3.743694906475E+9	1.50027518E-6
325E+0	3.743694906978E+9	3.743694906978E+9	237.157735E-9
326E+0	3.743694907482E+9	3.743694907483E+9	1.50027518E-6
327E+0	3.743694907986E+9	3.743694907986E+9	-815.275882E-9
328E+0	3.74369490849E+9	3.74369490849E+9	868.716427E-9
329E+0	3.743694908993E+9	3.743694908993E+9	447.71835E-9
330E+0	3.743694909496E+9	3.743694909496E+9	2.55270879E-6
331E+0	3.74369491E+9	3.74369491E+9	2.13183375E-6
332E+0	3.743694910502E+9	3.743694910502E+9	1.71071258E-6
333E+0	3.743694911007E+9	3.743694911007E+9	1.07927701E-6
334E+0	3.74369491151E+9	3.74369491151E+9	447.595227E-9
335E+0	3.743694912014E+9	3.743694912014E+9	1.92127322E-6
336E+0	3.743694912517E+9	3.743694912517E+9	-1.44695775E-6
337E+0	3.743694913021E+9	3.743694913021E+9	1.50027518E-6
338E+0	3.743694913525E+9	3.743694913525E+9	1.07927701E-6
339E+0	3.743694914028E+9	3.743694914028E+9	26.7202651E-9
340E+0	3.743694914532E+9	3.743694914532E+9	2.55270879E-6
341E+0	3.743694915037E+9	3.743694915037E+9	658.278964E-9
342E+0	3.743694915541E+9	3.743694915541E+9	1.50027518E-6
343E+0	3.743694916043E+9	3.743694916044E+9	237.280872E-9
344E+0	3.743694916548E+9	3.743694916548E+9	26.7202651E-9
345E+0	3.743694917052E+9	3.743694917052E+9	1.71071258E-6
346E+0	3.743694917555E+9	3.743694917555E+9	26.5971298E-9
347E+0	3.743694918058E+9	3.743694918058E+9	26.5971298E-9
348E+0	3.743694918561E+9	3.743694918561E+9	2.13171074E-6
349E+0	3.743694919065E+9	3.743694919065E+9	447.71835E-9
350E+0	3.743694919568E+9	3.743694919568E+9	1.28971453E-6
351E+0	3.743694920072E+9	3.743694920072E+9	2.13171074E-6
352E+0	3.743694920576E+9	3.743694920576E+9	26.7202651E-9
353E+0	3.74369492108E+9	3.74369492108E+9	868.716427E-9
354E+0	3.743694921583E+9	3.743694921583E+9	1.28971453E-6
355E+0	3.743694922086E+9	3.743694922086E+9	658.278964E-9
356E+0	3.743694922589E+9	3.743694922589E+9	1.92114999E-6
357E+0	3.743694923092E+9	3.743694923092E+9	1.92127322E-6
358E+0	3.743694923594E+9	3.743694923594E+9	-1.02583647E-6
359E+0	3.743694924098E+9	3.743694924098E+9	1.28971453E-6
360E+0	3.7436949246E+9	3.7436949246E+9	2.76326932E-6
361E+0	3.743694925104E+9	3.743694925104E+9	1.28971453E-6
362E+0	3.743694925607E+9	3.743694925607E+9	237.280872E-9
363E+0	3.74369492611E+9	3.74369492611E+9	1.92127322E-6
364E+0	3.743694926612E+9	3.743694926612E+9	658.278964E-9
365E+0	3.743694927116E+9	3.743694927116E+9	26.7202651E-9
366E+0	3.743694927618E+9	3.743694927618E+9	237.157735E-9
367E+0	3.743694928121E+9	3.743694928121E+9	1.07915389E-6
368E+0	3.743694928625E+9	3.743694928625E+9	-183.840342E-9
369E+0	3.743694929128E+9	3.743694929128E+9	1.07927701E-6
370E+0	3.743694929632E+9	3.743694929632E+9	1.50027518E-6
371E+0	3.743694930135E+9	3.743694930135E+9	-183.840342E-9
372E+0	3.743694930638E+9	3.743694930638E+9	237.280872E-9
373E+0	3.74369493114E+9	3.74369493114E+9	1.07915389E-6
374E+0	3.743694931645E+9	3.743694931645E+9	-1.23627399E-6
375E+0	3.743694932148E+9	3.743694932148E+9	1.50027518E-6
376E+0	3.743694932652E+9	3.743694932652E+9	-394.277833E-9
377E+0	3.743694933155E+9	3.743694933155E+9	237.280872E-9
378E+0	3.743694933659E+9	3.743694933659E+9	658.155841E-9
379E+0	3.743694934164E+9	3.743694934164E+9	447.71835E-9
380E+0	3.743694934669E+9	3.743694934669E+9	1.50015194E-6
381E+0	3.743694935172E+9	3.743694935172E+9	1.50027518E-6
382E+0	3.743694935677E+9	3.743694935677E+9	2.13171074E-6
383E+0	3.743694936181E+9	3.743694936181E+9	1.50015194E-6
384E+0	3.743694936684E+9	3.743694936684E+9	-815.399062E-9
385E+0	3.743694937186E+9	3.743694937186E+9	237.157735E-9
386E+0	3.743694937691E+9	3.743694937691E+9	658.278964E-9
387E+0	3.743694938194E+9	3.743694938194E+9	-815.399062E-9
388E+0	3.743694938699E+9	3.743694938699E+9	-604.838419E-9
389E+0	3.743694939201E+9	3.743694939201E+9	1.07927701E-6
390E+0	3.743694939704E+9	3.743694939704E+9	-394.400956E-9
391E+0	3.743694940208E+9	3.743694940208E+9	237.280872E-9
392E+0	3.743694940711E+9	3.743694940711E+9	-815.399062E-9
393E+0	3.743694941214E+9	3.743694941214E+9	868.716427E-9
394E+0	3.743694941717E+9	3.743694941717E+9	-1.8679558E-6
395E+0	3.743694942221E+9	3.743694942221E+9	-604.838419E-9
396E+0	3.743694942724E+9	3.743694942724E+9	-183.840342E-9
397E+0	3.743694943228E+9	3.743694943228E+9	868.716427E-9
398E+0	3.743694943732E+9	3.743694943732E+9	447.595227E-9
399E+0	3.743694944235E+9	3.743694944235E+9	1.07915389E-6
400E+0	3.743694944738E+9	3.743694944738E+9	447.71835E-9
401E+0	3.743694945241E+9	3.743694945241E+9	658.278964E-9
402E+0	3.743694945745E+9	3.743694945745E+9	658.155841E-9
403E+0	3.743694946248E+9	3.743694946248E+9	-394.277833E-9
404E+0	3.743694946751E+9	3.743694946751E+9	1.50027518E-6
405E+0	3.743694947255E+9	3.743694947255E+9	-183.840342E-9
406E+0	3.743694947758E+9	3.743694947758E+9	1.7108357E-6
407E+0	3.74369494826E+9	3.74369494826E+9	1.50015194E-6
408E+0	3.743694948767E+9	3.743694948767E+9	868.716427E-9
409E+0	3.743694949269E+9	3.743694949269E+9	868.716427E-9
410E+0	3.743694949772E+9	3.743694949772E+9	2.5528318E-6
411E+0	3.743694950276E+9	3.743694950276E+9	658.155841E-9
412E+0	3.74369495078E+9	3.74369495078E+9	237.157735E-9
413E+0	3.743694951283E+9	3.743694951283E+9	-2.28883073E-6
414E+0	3.743694951788E+9	3.743694951788E+9	868.716427E-9
415E+0	3.743694952293E+9	3.743694952293E+9	868.716427E-9
416E+0	3.743694952795E+9	3.743694952795E+9	1.92114999E-6
417E+0	3.743694953299E+9	3.743694953299E+9	237.157735E-9
418E+0	3.743694953802E+9	3.743694953802E+9	658.278964E-9
419E+0	3.743694954307E+9	3.743694954307E+9	658.278964E-9
420E+0	3.743694954809E+9	3.743694954809E+9	658.278964E-9
421E+0	3.743694955312E+9	3.743694955312E+9	447.71835E-9
422E+0	3.743694955818E+9	3.743694955818E+9	658.155841E-9
423E+0	3.743694956322E+9	3.743694956322E+9	1.07915389E-6
424E+0	3.743694956827E+9	3.743694956827E+9	447.71835E-9
425E+0	3.743694957331E+9	3.743694957331E+9	1.28971453E-6
426E+0	3.743694957836E+9	3.743694957836E+9	447.71835E-9
427E+0	3.74369495834E+9	3.74369495834E+9	-604.838419E-9
428E+0	3.743694958845E+9	3.743694958845E+9	26.7202651E-9
429E+0	3.743694959348E+9	3.743694959348E+9	26.7202651E-9
430E+0	3.743694959852E+9	3.743694959852E+9	1.07927701E-6
431E+0	3.743694960357E+9	3.743694960357E+9	-604.838419E-9
432E+0	3.74369496086E+9	3.74369496086E+9	-183.717205E-9
433E+0	3.743694961364E+9	3.743694961364E+9	-183.840342E-9
434E+0	3.743694961867E+9	3.743694961867E+9	26.7202651E-9
435E+0	3.74369496237E+9	3.74369496237E+9	1.07927701E-6
436E+0	3.743694962875E+9	3.743694962875E+9	447.595227E-9
437E+0	3.743694963379E+9	3.743694963379E+9	1.28971453E-6
438E+0	3.743694963883E+9	3.743694963883E+9	2.34227127E-6
439E+0	3.743694964385E+9	3.743694964386E+9	-183.717205E-9
440E+0	3.743694964891E+9	3.743694964891E+9	237.157735E-9
441E+0	3.743694965394E+9	3.743694965394E+9	658.278964E-9
442E+0	3.743694965898E+9	3.743694965898E+9	1.07915389E-6
443E+0	3.7436949664E+9	3.7436949664E+9	1.71071258E-6
444E+0	3.743694966903E+9	3.743694966903E+9	447.71835E-9
445E+0	3.743694967407E+9	3.743694967407E+9	658.155841E-9
446E+0	3.743694967912E+9	3.743694967912E+9	237.280872E-9
447E+0	3.743694968415E+9	3.743694968415E+9	-604.838419E-9
448E+0	3.74369496892E+9	3.74369496892E+9	1.07915389E-6
449E+0	3.743694969426E+9	3.743694969426E+9	1.71071258E-6
450E+0	3.74369496993E+9	3.74369496993E+9	447.71835E-9
451E+0	3.743694970432E+9	3.743694970432E+9	2.13171074E-6
452E+0	3.743694970936E+9	3.743694970936E+9	-183.840342E-9
453E+0	3.74369497144E+9	3.74369497144E+9	237.157735E-9
454E+0	3.743694971943E+9	3.743694971943E+9	1.50027518E-6
455E+0	3.743694972446E+9	3.743694972446E+9	237.157735E-9
456E+0	3.74369497295E+9	3.74369497295E+9	-183.840342E-9
457E+0	3.743694973454E+9	3.743694973454E+9	26.7202651E-9
458E+0	3.74369497396E+9	3.74369497396E+9	658.278964E-9
459E+0	3.743694974463E+9	3.743694974463E+9	1.28971453E-6
460E+0	3.743694974967E+9	3.743694974967E+9	1.07915389E-6
461E+0	3.743694975471E+9	3.743694975471E+9	26.5971298E-9
462E+0	3.743694975975E+9	3.743694975975E+9	-604.838419E-9
463E+0	3.743694976479E+9	3.743694976479E+9	658.278964E-9
464E+0	3.743694976983E+9	3.743694976983E+9	1.07927701E-6
465E+0	3.743694977485E+9	3.743694977485E+9	658.155841E-9
466E+0	3.743694977989E+9	3.743694977989E+9	1.07915389E-6
467E+0	3.743694978493E+9	3.743694978493E+9	-604.838419E-9
468E+0	3.743694978997E+9	3.743694978997E+9	658.278964E-9
469E+0	3.7436949795E+9	3.743694979501E+9	447.595227E-9
470E+0	3.743694980004E+9	3.743694980004E+9	658.155841E-9
471E+0	3.743694980507E+9	3.743694980507E+9	447.595227E-9
472E+0	3.743694981012E+9	3.743694981012E+9	-183.840342E-9
473E+0	3.743694981517E+9	3.743694981517E+9	2.76339256E-6
474E+0	3.74369498202E+9	3.74369498202E+9	-815.399062E-9
475E+0	3.743694982523E+9	3.743694982523E+9	1.50027518E-6
476E+0	3.743694983027E+9	3.743694983027E+9	1.50027518E-6
477E+0	3.74369498353E+9	3.74369498353E+9	1.71071258E-6
478E+0	3.743694984035E+9	3.743694984035E+9	447.71835E-9
479E+0	3.743694984537E+9	3.743694984537E+9	-183.840342E-9
480E+0	3.743694985041E+9	3.743694985041E+9	1.92127322E-6
481E+0	3.743694985545E+9	3.743694985545E+9	237.157735E-9
482E+0	3.743694986048E+9	3.743694986048E+9	868.716427E-9
483E+0	3.743694986551E+9	3.743694986551E+9	26.7202651E-9
484E+0	3.743694987054E+9	3.743694987054E+9	447.71835E-9
485E+0	3.743694987556E+9	3.743694987556E+9	1.28971453E-6
486E+0	3.74369498806E+9	3.74369498806E+9	658.278964E-9
487E+0	3.743694988563E+9	3.743694988563E+9	-394.277833E-9
488E+0	3.743694989068E+9	3.743694989068E+9	447.71835E-9
489E+0	3.743694989571E+9	3.743694989571E+9	-1.02583647E-6
490E+0	3.743694990075E+9	3.743694990075E+9	447.71835E-9
491E+0	3.743694990579E+9	3.743694990579E+9	-183.840342E-9
492E+0	3.743694991081E+9	3.743694991081E+9	237.157735E-9
493E+0	3.743694991584E+9	3.743694991584E+9	1.07915389E-6
494E+0	3.743694992088E+9	3.743694992088E+9	658.278964E-9
495E+0	3.743694992591E+9	3.743694992591E+9	1.07927701E-6
496E+0	3.743694993096E+9	3.743694993096E+9	658.155841E-9
497E+0	3.743694993601E+9	3.743694993601E+9	658.155841E-9
498E+0	3.743694994104E+9	3.743694994104E+9	658.155841E-9
499E+0	3.743694994606E+9	3.743694994606E+9	237.157735E-9
500E+0	3.743694995109E+9	3.743694995109E+9	868.716427E-9
501E+0	3.743694995614E+9	3.743694995614E+9	868.716427E-9
502E+0	3.743694996118E+9	3.743694996118E+9	1.7108357E-6
503E+0	3.743694996621E+9	3.743694996621E+9	26.5971298E-9
504E+0	3.743694997125E+9	3.743694997125E+9	237.157735E-9
505E+0	3.743694997628E+9	3.743694997628E+9	-815.399062E-9
506E+0	3.74369499813E+9	3.74369499813E+9	1.50027518E-6
507E+0	3.743694998633E+9	3.743694998633E+9	868.716427E-9
508E+0	3.743694999135E+9	3.743694999135E+9	1.07915389E-6
509E+0	3.74369499964E+9	3.74369499964E+9	1.07927701E-6
510E+0	3.743695000144E+9	3.743695000144E+9	237.157735E-9
511E+0	3.743695000648E+9	3.743695000648E+9	1.28971453E-6
512E+0	3.74369500115E+9	3.74369500115E+9	868.716427E-9
513E+0	3.743695001654E+9	3.743695001654E+9	1.07927701E-6
514E+0	3.743695002158E+9	3.743695002158E+9	868.716427E-9
515E+0	3.743695002663E+9	3.743695002663E+9	1.07927701E-6
516E+0	3.743695003165E+9	3.743695003165E+9	658.278964E-9
517E+0	3.74369500367E+9	3.74369500367E+9	2.5528318E-6
518E+0	3.743695004173E+9	3.743695004173E+9	658.155841E-9
519E+0	3.743695004678E+9	3.743695004678E+9	2.34227127E-6
520E+0	3.743695005182E+9	3.743695005182E+9	868.716427E-9
521E+0	3.743695005686E+9	3.743695005686E+9	1.28983766E-6
522E+0	3.743695006189E+9	3.743695006189E+9	-183.840342E-9
523E+0	3.743695006692E+9	3.743695006692E+9	658.278964E-9
524E+0	3.743695007197E+9	3.743695007197E+9	658.155841E-9
525E+0	3.743695007701E+9	3.743695007701E+9	658.155841E-9
526E+0	3.743695008205E+9	3.743695008205E+9	-1.86783268E-6
527E+0	3.743695008709E+9	3.743695008709E+9	26.7202651E-9
528E+0	3.743695009213E+9	3.743695009213E+9	868.716427E-9
529E+0	3.743695009718E+9	3.743695009718E+9	447.71835E-9
530E+0	3.743695010222E+9	3.743695010222E+9	-1.02583647E-6
531E+0	3.743695010727E+9	3.743695010727E+9	26.7202651E-9
532E+0	3.743695011231E+9	3.743695011231E+9	868.716427E-9
533E+0	3.743695011735E+9	3.743695011735E+9	-604.838419E-9
534E+0	3.74369501224E+9	3.74369501224E+9	868.716427E-9
535E+0	3.743695012745E+9	3.743695012745E+9	447.71835E-9
536E+0	3.74369501325E+9	3.74369501325E+9	1.28971453E-6
537E+0	3.743695013753E+9	3.743695013753E+9	1.50027518E-6
538E+0	3.743695014257E+9	3.743695014257E+9	-815.399062E-9
539E+0	3.743695014761E+9	3.743695014761E+9	26.7202651E-9
540E+0	3.743695015266E+9	3.743695015266E+9	237.157735E-9
541E+0	3.743695015768E+9	3.743695015768E+9	1.71071258E-6
542E+0	3.743695016273E+9	3.743695016273E+9	1.92127322E-6
543E+0	3.743695016776E+9	3.743695016776E+9	658.278964E-9
544E+0	3.743695017279E+9	3.743695017279E+9	868.716427E-9
545E+0	3.743695017783E+9	3.743695017783E+9	237.157735E-9
546E+0	3.743695018288E+9	3.743695018288E+9	868.716427E-9
547E+0	3.743695018791E+9	3.743695018791E+9	-815.399062E-9
548E+0	3.743695019294E+9	3.743695019294E+9	2.13171074E-6
549E+0	3.743695019799E+9	3.743695019799E+9	1.07927701E-6
550E+0	3.743695020301E+9	3.743695020301E+9	1.07927701E-6
551E+0	3.743695020806E+9	3.743695020806E+9	237.280872E-9
552E+0	3.743695021309E+9	3.743695021309E+9	658.155841E-9
553E+0	3.743695021813E+9	3.743695021813E+9	-394.277833E-9
554E+0	3.743695022317E+9	3.743695022317E+9	1.28971453E-6
555E+0	3.743695022819E+9	3.743695022819E+9	658.278964E-9
556E+0	3.743695023323E+9	3.743695023323E+9	447.71835E-9
557E+0	3.743695023826E+9	3.743695023826E+9	2.34227127E-6
558E+0	3.743695024328E+9	3.743695024328E+9	447.71835E-9
559E+0	3.743695024831E+9	3.743695024831E+9	26.7202651E-9
560E+0	3.743695025335E+9	3.743695025335E+9	447.71835E-9
561E+0	3.743695025839E+9	3.743695025839E+9	868.716427E-9
562E+0	3.743695026341E+9	3.743695026341E+9	1.28971453E-6
563E+0	3.743695026846E+9	3.743695026846E+9	237.157735E-9
564E+0	3.743695027353E+9	3.743695027353E+9	-183.840342E-9
565E+0	3.743695027856E+9	3.743695027856E+9	-394.400956E-9
566E+0	3.743695028359E+9	3.743695028359E+9	-1.23639711E-6
567E+0	3.743695028863E+9	3.743695028863E+9	26.7202651E-9
568E+0	3.743695029365E+9	3.743695029365E+9	1.07915389E-6
569E+0	3.743695029869E+9	3.743695029869E+9	-604.838419E-9
570E+0	3.743695030372E+9	3.743695030372E+9	1.28983766E-6
571E+0	3.743695030877E+9	3.743695030877E+9	1.28971453E-6
572E+0	3.74369503138E+9	3.74369503138E+9	868.716427E-9
573E+0	3.743695031885E+9	3.743695031885E+9	1.07915389E-6
574E+0	3.743695032388E+9	3.743695032388E+9	26.7202651E-9
575E+0	3.743695032891E+9	3.743695032891E+9	237.157735E-9
576E+0	3.743695033396E+9	3.743695033396E+9	237.157735E-9
577E+0	3.743695033899E+9	3.743695033899E+9	2.34227127E-6
578E+0	3.743695034401E+9	3.743695034401E+9	868.716427E-9
579E+0	3.743695034906E+9	3.743695034906E+9	1.28971453E-6
580E+0	3.743695035409E+9	3.743695035409E+9	868.716427E-9
581E+0	3.743695035912E+9	3.743695035913E+9	-183.840342E-9
582E+0	3.743695036417E+9	3.743695036417E+9	-604.838419E-9
583E+0	3.743695036922E+9	3.743695036922E+9	447.71835E-9
584E+0	3.743695037427E+9	3.743695037427E+9	1.50027518E-6
585E+0	3.74369503793E+9	3.74369503793E+9	-1.65739516E-6
586E+0	3.743695038435E+9	3.743695038435E+9	1.28971453E-6
587E+0	3.74369503894E+9	3.74369503894E+9	658.155841E-9
588E+0	3.743695039443E+9	3.743695039443E+9	658.278964E-9
589E+0	3.743695039949E+9	3.743695039949E+9	868.716427E-9
590E+0	3.743695040452E+9	3.743695040452E+9	447.71835E-9
591E+0	3.743695040956E+9	3.743695040956E+9	3.18439061E-6
592E+0	3.743695041461E+9	3.743695041461E+9	237.157735E-9
593E+0	3.743695041963E+9	3.743695041963E+9	26.7202651E-9
594E+0	3.743695042466E+9	3.743695042466E+9	868.716427E-9
595E+0	3.74369504297E+9	3.74369504297E+9	1.50015194E-6
596E+0	3.743695043472E+9	3.743695043472E+9	447.71835E-9
597E+0	3.743695043976E+9	3.743695043976E+9	-183.840342E-9
598E+0	3.74369504448E+9	3.74369504448E+9	1.92127322E-6
599E+0	3.743695044984E+9	3.743695044984E+9	658.278964E-9
600E+0	3.743695045487E+9	3.743695045487E+9	-815.275882E-9
601E+0	3.743695045989E+9	3.743695045989E+9	-604.838419E-9
602E+0	3.743695046493E+9	3.743695046493E+9	1.7108357E-6
603E+0	3.743695046996E+9	3.743695046996E+9	868.716427E-9
604E+0	3.7436950475E+9	3.7436950475E+9	658.278964E-9
605E+0	3.743695048003E+9	3.743695048003E+9	1.28971453E-6
606E+0	3.743695048505E+9	3.743695048505E+9	1.28971453E-6
607E+0	3.743695049009E+9	3.743695049009E+9	1.71071258E-6
608E+0	3.743695049512E+9	3.743695049512E+9	1.7108357E-6
609E+0	3.743695050017E+9	3.743695050017E+9	1.28971453E-6
610E+0	3.743695050521E+9	3.743695050521E+9	658.155841E-9
611E+0	3.743695051025E+9	3.743695051025E+9	-394.400956E-9
612E+0	3.743695051527E+9	3.743695051527E+9	1.07915389E-6
613E+0	3.743695052031E+9	3.743695052031E+9	-183.840342E-9
614E+0	3.743695052534E+9	3.743695052534E+9	1.92127322E-6
615E+0	3.743695053037E+9	3.743695053037E+9	2.34227127E-6
616E+0	3.743695053541E+9	3.743695053541E+9	1.28971453E-6
617E+0	3.743695054048E+9	3.743695054048E+9	868.716427E-9
618E+0	3.743695054552E+9	3.743695054552E+9	237.157735E-9
619E+0	3.743695055056E+9	3.743695055056E+9	-394.400956E-9
620E+0	3.743695055559E+9	3.743695055559E+9	447.595227E-9
621E+0	3.743695056062E+9	3.743695056062E+9	658.155841E-9
622E+0	3.743695056566E+9	3.743695056566E+9	-183.840342E-9
623E+0	3.74369505707E+9	3.74369505707E+9	1.07927701E-6
624E+0	3.743695057572E+9	3.743695057572E+9	26.5971298E-9
625E+0	3.743695058076E+9	3.743695058076E+9	-183.840342E-9
626E+0	3.74369505858E+9	3.74369505858E+9	1.50027518E-6
627E+0	3.743695059083E+9	3.743695059083E+9	658.155841E-9
628E+0	3.743695059588E+9	3.743695059588E+9	658.278964E-9
629E+0	3.743695060091E+9	3.743695060091E+9	1.28971453E-6
630E+0	3.743695060596E+9	3.743695060596E+9	26.7202651E-9
631E+0	3.743695061099E+9	3.743695061099E+9	447.595227E-9
632E+0	3.743695061603E+9	3.743695061603E+9	237.157735E-9
633E+0	3.743695062106E+9	3.743695062106E+9	-183.840342E-9
634E+0	3.74369506261E+9	3.74369506261E+9	1.50027518E-6
635E+0	3.743695063114E+9	3.743695063114E+9	658.278964E-9
636E+0	3.743695063619E+9	3.743695063619E+9	2.34227127E-6
637E+0	3.743695064124E+9	3.743695064124E+9	658.278964E-9
638E+0	3.743695064627E+9	3.743695064627E+9	237.157735E-9
639E+0	3.743695065131E+9	3.743695065131E+9	1.92127322E-6
640E+0	3.743695065635E+9	3.743695065635E+9	-604.838419E-9
641E+0	3.743695066138E+9	3.743695066138E+9	-2.70995201E-6
642E+0	3.743695066644E+9	3.743695066644E+9	1.07927701E-6
643E+0	3.743695067147E+9	3.743695067147E+9	447.71835E-9
644E+0	3.743695067651E+9	3.743695067651E+9	658.155841E-9
645E+0	3.743695068154E+9	3.743695068154E+9	1.07927701E-6
646E+0	3.743695068658E+9	3.743695068658E+9	1.92127322E-6
647E+0	3.743695069161E+9	3.743695069161E+9	447.71835E-9
648E+0	3.743695069665E+9	3.743695069665E+9	1.07915389E-6
649E+0	3.743695070168E+9	3.743695070168E+9	26.5971298E-9
650E+0	3.743695070672E+9	3.743695070672E+9	1.50027518E-6
651E+0	3.743695071176E+9	3.743695071176E+9	447.71835E-9
652E+0	3.743695071678E+9	3.743695071678E+9	-394.400956E-9
653E+0	3.743695072181E+9	3.743695072181E+9	1.28971453E-6
654E+0	3.743695072685E+9	3.743695072685E+9	1.07927701E-6
655E+0	3.743695073189E+9	3.743695073189E+9	237.280872E-9
656E+0	3.743695073693E+9	3.743695073693E+9	-394.277833E-9
657E+0	3.743695074197E+9	3.743695074197E+9	658.155841E-9
658E+0	3.7436950747E+9	3.7436950747E+9	658.278964E-9
659E+0	3.743695075203E+9	3.743695075203E+9	1.28971453E-6
660E+0	3.743695075706E+9	3.743695075706E+9	237.280872E-9
661E+0	3.74369507621E+9	3.74369507621E+9	1.28971453E-6
662E+0	3.743695076714E+9	3.743695076714E+9	26.5971298E-9
663E+0	3.743695077216E+9	3.743695077216E+9	1.07927701E-6
664E+0	3.74369507772E+9	3.74369507772E+9	658.155841E-9
665E+0	3.743695078225E+9	3.743695078225E+9	1.07927701E-6
666E+0	3.743695078729E+9	3.743695078729E+9	447.71835E-9
667E+0	3.743695079231E+9	3.743695079231E+9	237.280872E-9
668E+0	3.743695079735E+9	3.743695079735E+9	26.5971298E-9
669E+0	3.743695080238E+9	3.743695080238E+9	1.07915389E-6
670E+0	3.743695080743E+9	3.743695080743E+9	868.716427E-9
671E+0	3.743695081246E+9	3.743695081246E+9	-183.840342E-9
672E+0	3.743695081751E+9	3.743695081751E+9	1.28971453E-6
673E+0	3.743695082253E+9	3.743695082253E+9	658.155841E-9
674E+0	3.743695082758E+9	3.743695082758E+9	658.278964E-9
675E+0	3.743695083261E+9	3.743695083261E+9	868.716427E-9
676E+0	3.743695083764E+9	3.743695083764E+9	1.07927701E-6
677E+0	3.743695084267E+9	3.743695084267E+9	868.716427E-9
678E+0	3.743695084771E+9	3.743695084771E+9	447.595227E-9
679E+0	3.743695085274E+9	3.743695085274E+9	-815.275882E-9
680E+0	3.743695085778E+9	3.743695085778E+9	658.278964E-9
681E+0	3.743695086282E+9	3.743695086282E+9	868.716427E-9
682E+0	3.743695086786E+9	3.743695086786E+9	1.28983766E-6
683E+0	3.743695087292E+9	3.743695087292E+9	237.280872E-9
684E+0	3.743695087795E+9	3.743695087795E+9	-183.840342E-9
685E+0	3.743695088299E+9	3.743695088299E+9	868.716427E-9
686E+0	3.743695088801E+9	3.743695088801E+9	26.7202651E-9
687E+0	3.743695089305E+9	3.743695089305E+9	658.155841E-9
688E+0	3.743695089808E+9	3.743695089808E+9	1.07927701E-6
689E+0	3.743695090312E+9	3.743695090312E+9	658.278964E-9
690E+0	3.743695090815E+9	3.743695090815E+9	-815.399062E-9
691E+0	3.743695091319E+9	3.743695091319E+9	1.28971453E-6
692E+0	3.743695091823E+9	3.743695091823E+9	1.50015194E-6
693E+0	3.743695092327E+9	3.743695092327E+9	1.07927701E-6
694E+0	3.743695092831E+9	3.743695092831E+9	447.71835E-9
695E+0	3.743695093336E+9	3.743695093337E+9	-394.277833E-9
696E+0	3.743695093839E+9	3.743695093839E+9	237.157735E-9
697E+0	3.743695094343E+9	3.743695094343E+9	1.07915389E-6
698E+0	3.743695094845E+9	3.743695094845E+9	1.07927701E-6
699E+0	3.743695095349E+9	3.743695095349E+9	1.50027518E-6
700E+0	3.743695095852E+9	3.743695095852E+9	658.155841E-9
701E+0	3.743695096355E+9	3.743695096355E+9	1.50027518E-6
702E+0	3.743695096858E+9	3.743695096858E+9	2.13183375E-6
703E+0	3.743695097362E+9	3.743695097362E+9	447.71835E-9
704E+0	3.743695097866E+9	3.743695097866E+9	658.155841E-9
705E+0	3.743695098369E+9	3.743695098369E+9	26.5971298E-9
706E+0	3.743695098872E+9	3.743695098872E+9	868.716427E-9
707E+0	3.743695099375E+9	3.743695099375E+9	868.716427E-9
708E+0	3.743695099879E+9	3.743695099879E+9	868.716427E-9
709E+0	3.743695100383E+9	3.743695100383E+9	-1.65739516E-6
710E+0	3.743695100886E+9	3.743695100886E+9	868.716427E-9
711E+0	3.743695101389E+9	3.743695101389E+9	1.28971453E-6
712E+0	3.743695101893E+9	3.743695101893E+9	1.50015194E-6
713E+0	3.743695102397E+9	3.743695102397E+9	1.71071258E-6
714E+0	3.743695102901E+9	3.743695102901E+9	-183.717205E-9
715E+0	3.743695103405E+9	3.743695103405E+9	26.7202651E-9
716E+0	3.74369510391E+9	3.74369510391E+9	868.716427E-9
717E+0	3.743695104415E+9	3.743695104415E+9	868.716427E-9
718E+0	3.743695104918E+9	3.743695104918E+9	-394.400956E-9
719E+0	3.743695105421E+9	3.743695105421E+9	26.7202651E-9
720E+0	3.743695105924E+9	3.743695105924E+9	-183.840342E-9
721E+0	3.743695106428E+9	3.743695106428E+9	237.280872E-9
722E+0	3.743695106931E+9	3.743695106931E+9	1.71071258E-6
723E+0	3.743695107437E+9	3.743695107437E+9	1.28971453E-6
724E+0	3.74369510794E+9	3.74369510794E+9	1.07915389E-6
725E+0	3.743695108445E+9	3.743695108445E+9	868.716427E-9
726E+0	3.74369510895E+9	3.74369510895E+9	1.28971453E-6
727E+0	3.743695109453E+9	3.743695109453E+9	-183.840342E-9
728E+0	3.743695109956E+9	3.743695109956E+9	1.28971453E-6
729E+0	3.743695110459E+9	3.743695110459E+9	868.716427E-9
730E+0	3.743695110962E+9	3.743695110962E+9	658.155841E-9
731E+0	3.743695111466E+9	3.743695111466E+9	1.28971453E-6
732E+0	3.74369511197E+9	3.74369511197E+9	1.71071258E-6
733E+0	3.743695112475E+9	3.743695112475E+9	-604.838419E-9
734E+0	3.743695112979E+9	3.743695112979E+9	868.716427E-9
735E+0	3.743695113484E+9	3.743695113484E+9	-394.277833E-9
736E+0	3.743695113987E+9	3.743695113987E+9	-1.44695775E-6
737E+0	3.743695114491E+9	3.743695114491E+9	26.7202651E-9
738E+0	3.743695114995E+9	3.743695114995E+9	868.716427E-9
739E+0	3.743695115498E+9	3.743695115498E+9	868.716427E-9
740E+0	3.743695116001E+9	3.743695116001E+9	1.28971453E-6
741E+0	3.743695116504E+9	3.743695116504E+9	1.92114999E-6
742E+0	3.743695117009E+9	3.743695117009E+9	868.716427E-9
743E+0	3.743695117512E+9	3.743695117512E+9	-604.838419E-9
744E+0	3.743695118016E+9	3.743695118016E+9	26.7202651E-9
745E+0	3.743695118519E+9	3.743695118519E+9	1.50015194E-6
746E+0	3.743695119022E+9	3.743695119022E+9	237.157735E-9
747E+0	3.743695119527E+9	3.743695119527E+9	1.07927701E-6
748E+0	3.743695120029E+9	3.743695120029E+9	237.280872E-9
749E+0	3.743695120532E+9	3.743695120532E+9	868.716427E-9
750E+0	3.743695121036E+9	3.743695121036E+9	1.28971453E-6
751E+0	3.743695121539E+9	3.743695121539E+9	26.7202651E-9
752E+0	3.743695122044E+9	3.743695122044E+9	-1.65739516E-6
753E+0	3.743695122547E+9	3.743695122547E+9	868.716427E-9
754E+0	3.743695123051E+9	3.743695123051E+9	1.07927701E-6
755E+0	3.743695123555E+9	3.743695123555E+9	1.28971453E-6
756E+0	3.743695124059E+9	3.743695124059E+9	-815.275882E-9
757E+0	3.743695124563E+9	3.743695124563E+9	1.07915389E-6
758E+0	3.743695125067E+9	3.743695125067E+9	447.71835E-9
759E+0	3.743695125571E+9	3.743695125571E+9	1.92127322E-6
760E+0	3.743695126075E+9	3.743695126075E+9	-394.277833E-9
761E+0	3.743695126578E+9	3.743695126578E+9	-183.717205E-9
762E+0	3.743695127082E+9	3.743695127082E+9	658.155841E-9
763E+0	3.743695127585E+9	3.743695127585E+9	26.7202651E-9
764E+0	3.743695128088E+9	3.743695128088E+9	-183.840342E-9
765E+0	3.743695128591E+9	3.743695128591E+9	-183.840342E-9
766E+0	3.743695129094E+9	3.743695129094E+9	1.50027518E-6
767E+0	3.743695129597E+9	3.743695129597E+9	868.716427E-9
768E+0	3.743695130101E+9	3.743695130101E+9	237.157735E-9
769E+0	3.743695130604E+9	3.743695130604E+9	26.5971298E-9
770E+0	3.743695131108E+9	3.743695131108E+9	658.155841E-9
771E+0	3.743695131611E+9	3.743695131611E+9	658.278964E-9
772E+0	3.743695132114E+9	3.743695132114E+9	658.155841E-9
773E+0	3.743695132618E+9	3.743695132618E+9	1.28971453E-6
774E+0	3.743695133121E+9	3.743695133121E+9	1.50027518E-6
775E+0	3.743695133625E+9	3.743695133625E+9	-183.717205E-9
776E+0	3.743695134131E+9	3.743695134131E+9	2.34227127E-6
777E+0	3.743695134635E+9	3.743695134635E+9	868.716427E-9
778E+0	3.74369513514E+9	3.74369513514E+9	-183.717205E-9
779E+0	3.743695135644E+9	3.743695135644E+9	1.07927701E-6
780E+0	3.743695136147E+9	3.743695136147E+9	-183.840342E-9
781E+0	3.74369513665E+9	3.74369513665E+9	658.155841E-9
782E+0	3.743695137154E+9	3.743695137154E+9	1.28971453E-6
783E+0	3.743695137658E+9	3.743695137658E+9	237.280872E-9
784E+0	3.743695138161E+9	3.743695138161E+9	-1.02583647E-6
785E+0	3.743695138665E+9	3.743695138665E+9	658.278964E-9
786E+0	3.743695139169E+9	3.743695139169E+9	447.71835E-9
787E+0	3.743695139673E+9	3.743695139674E+9	-183.840342E-9
788E+0	3.743695140178E+9	3.743695140178E+9	1.07927701E-6
789E+0	3.743695140681E+9	3.743695140681E+9	447.71835E-9
790E+0	3.743695141184E+9	3.743695141184E+9	1.71071258E-6
791E+0	3.743695141688E+9	3.743695141688E+9	1.07927701E-6
792E+0	3.743695142191E+9	3.743695142191E+9	447.71835E-9
793E+0	3.743695142695E+9	3.743695142695E+9	658.155841E-9
794E+0	3.743695143197E+9	3.743695143197E+9	237.157735E-9
795E+0	3.7436951437E+9	3.7436951437E+9	1.50015194E-6
796E+0	3.743695144205E+9	3.743695144205E+9	1.28971453E-6
797E+0	3.743695144709E+9	3.743695144709E+9	237.157735E-9
798E+0	3.743695145212E+9	3.743695145212E+9	658.278964E-9
799E+0	3.743695145716E+9	3.743695145716E+9	-1.23639711E-6
800E+0	3.743695146219E+9	3.743695146219E+9	26.5971298E-9
801E+0	3.743695146722E+9	3.743695146722E+9	868.716427E-9
802E+0	3.743695147225E+9	3.743695147225E+9	-183.840342E-9
803E+0	3.74369514773E+9	3.74369514773E+9	1.50027518E-6
804E+0	3.743695148234E+9	3.743695148234E+9	1.07915389E-6
805E+0	3.743695148737E+9	3.743695148737E+9	868.716427E-9
806E+0	3.743695149241E+9	3.743695149241E+9	447.71835E-9
807E+0	3.743695149745E+9	3.743695149745E+9	-394.277833E-9
808E+0	3.743695150249E+9	3.743695150249E+9	658.155841E-9
809E+0	3.743695150752E+9	3.743695150752E+9	868.716427E-9
810E+0	3.743695151255E+9	3.743695151255E+9	237.157735E-9
811E+0	3.743695151759E+9	3.743695151759E+9	237.157735E-9
812E+0	3.743695152262E+9	3.743695152262E+9	-183.717205E-9
813E+0	3.743695152765E+9	3.743695152765E+9	1.92127322E-6
814E+0	3.743695153268E+9	3.743695153268E+9	-394.277833E-9
815E+0	3.743695153771E+9	3.743695153771E+9	237.280872E-9
816E+0	3.743695154274E+9	3.743695154274E+9	1.71071258E-6
817E+0	3.743695154778E+9	3.743695154778E+9	2.34227127E-6
818E+0	3.743695155281E+9	3.743695155281E+9	-183.840342E-9
819E+0	3.743695155784E+9	3.743695155784E+9	447.71835E-9
820E+0	3.743695156288E+9	3.743695156288E+9	658.155841E-9
821E+0	3.743695156792E+9	3.743695156792E+9	-183.840342E-9
822E+0	3.743695157295E+9	3.743695157295E+9	447.71835E-9
823E+0	3.743695157799E+9	3.743695157799E+9	658.155841E-9
824E+0	3.743695158303E+9	3.743695158303E+9	447.71835E-9
825E+0	3.743695158806E+9	3.743695158806E+9	1.28971453E-6
826E+0	3.743695159309E+9	3.743695159309E+9	-183.840342E-9
827E+0	3.743695159812E+9	3.743695159812E+9	1.28971453E-6
828E+0	3.743695160316E+9	3.743695160316E+9	1.07915389E-6
829E+0	3.743695160819E+9	3.743695160819E+9	447.71835E-9
830E+0	3.743695161322E+9	3.743695161322E+9	1.07915389E-6
831E+0	3.743695161825E+9	3.743695161825E+9	1.07927701E-6
832E+0	3.743695162329E+9	3.743695162329E+9	447.71835E-9
833E+0	3.743695162833E+9	3.743695162833E+9	447.71835E-9
834E+0	3.743695163337E+9	3.743695163337E+9	1.50027518E-6
835E+0	3.743695163841E+9	3.743695163841E+9	447.71835E-9
836E+0	3.743695164344E+9	3.743695164344E+9	-183.717205E-9
837E+0	3.743695164848E+9	3.743695164848E+9	658.278964E-9
838E+0	3.743695165352E+9	3.743695165352E+9	-1.65739516E-6
839E+0	3.743695165856E+9	3.743695165856E+9	1.50015194E-6
840E+0	3.743695166361E+9	3.743695166361E+9	447.71835E-9
841E+0	3.743695166864E+9	3.743695166864E+9	658.278964E-9
842E+0	3.743695167368E+9	3.743695167368E+9	868.716427E-9
843E+0	3.743695167871E+9	3.743695167871E+9	2.34227127E-6
844E+0	3.743695168375E+9	3.743695168375E+9	1.28971453E-6
845E+0	3.743695168878E+9	3.743695168879E+9	447.71835E-9
846E+0	3.743695169381E+9	3.743695169381E+9	1.07927701E-6
847E+0	3.743695169886E+9	3.743695169886E+9	1.28971453E-6
848E+0	3.743695170391E+9	3.743695170391E+9	658.278964E-9
849E+0	3.743695170894E+9	3.743695170894E+9	237.280872E-9
850E+0	3.743695171397E+9	3.743695171397E+9	658.278964E-9
851E+0	3.743695171901E+9	3.743695171901E+9	237.157735E-9
852E+0	3.743695172404E+9	3.743695172404E+9	26.7202651E-9
853E+0	3.743695172909E+9	3.743695172909E+9	237.280872E-9
854E+0	3.743695173412E+9	3.743695173412E+9	1.07927701E-6
855E+0	3.743695173916E+9	3.743695173916E+9	-394.277833E-9
856E+0	3.74369517442E+9	3.74369517442E+9	26.7202651E-9
857E+0	3.743695174927E+9	3.743695174927E+9	1.28971453E-6
858E+0	3.74369517543E+9	3.74369517543E+9	1.07915389E-6
859E+0	3.743695175934E+9	3.743695175934E+9	-394.277833E-9
860E+0	3.743695176437E+9	3.743695176437E+9	237.157735E-9
861E+0	3.743695176941E+9	3.743695176941E+9	-183.840342E-9
862E+0	3.743695177445E+9	3.743695177445E+9	26.7202651E-9
863E+0	3.743695177948E+9	3.743695177948E+9	26.7202651E-9
864E+0	3.743695178452E+9	3.743695178452E+9	1.28971453E-6
865E+0	3.743695178955E+9	3.743695178955E+9	447.71835E-9
866E+0	3.743695179461E+9	3.743695179461E+9	-1.23639711E-6
867E+0	3.743695179964E+9	3.743695179964E+9	447.71835E-9
868E+0	3.743695180467E+9	3.743695180467E+9	1.50027518E-6
869E+0	3.74369518097E+9	3.74369518097E+9	237.157735E-9
870E+0	3.743695181474E+9	3.743695181474E+9	26.5971298E-9
871E+0	3.743695181978E+9	3.743695181978E+9	868.716427E-9
872E+0	3.743695182483E+9	3.743695182483E+9	447.71835E-9
873E+0	3.743695182987E+9	3.743695182987E+9	447.71835E-9
874E+0	3.74369518349E+9	3.74369518349E+9	237.157735E-9
875E+0	3.743695183995E+9	3.743695183995E+9	1.50027518E-6
876E+0	3.743695184499E+9	3.743695184499E+9	237.280872E-9
877E+0	3.743695185002E+9	3.743695185002E+9	1.71071258E-6
878E+0	3.743695185505E+9	3.743695185505E+9	1.28971453E-6
879E+0	3.743695186008E+9	3.743695186008E+9	26.7202651E-9
880E+0	3.743695186513E+9	3.743695186513E+9	237.280872E-9
881E+0	3.743695187017E+9	3.743695187017E+9	1.28971453E-6
882E+0	3.743695187523E+9	3.743695187523E+9	1.07927701E-6
883E+0	3.743695188029E+9	3.743695188029E+9	-394.400956E-9
884E+0	3.743695188533E+9	3.743695188533E+9	1.50027518E-6
885E+0	3.743695189037E+9	3.743695189037E+9	1.07927701E-6
886E+0	3.743695189541E+9	3.743695189541E+9	237.157735E-9
887E+0	3.743695190044E+9	3.743695190044E+9	26.5971298E-9
888E+0	3.743695190547E+9	3.743695190547E+9	868.716427E-9
889E+0	3.74369519105E+9	3.74369519105E+9	2.13183375E-6
890E+0	3.743695191553E+9	3.743695191553E+9	447.71835E-9
891E+0	3.743695192057E+9	3.743695192057E+9	-604.838419E-9
892E+0	3.74369519256E+9	3.74369519256E+9	237.157735E-9
893E+0	3.743695193065E+9	3.743695193065E+9	26.5971298E-9
894E+0	3.743695193568E+9	3.743695193568E+9	26.7202651E-9
895E+0	3.743695194073E+9	3.743695194073E+9	-604.838419E-9
896E+0	3.743695194578E+9	3.743695194578E+9	1.71071258E-6
897E+0	3.743695195083E+9	3.743695195083E+9	1.50015194E-6
898E+0	3.743695195586E+9	3.743695195586E+9	868.716427E-9
899E+0	3.74369519609E+9	3.74369519609E+9	26.7202651E-9
900E+0	3.743695196594E+9	3.743695196594E+9	1.71071258E-6
901E+0	3.743695197097E+9	3.743695197097E+9	658.278964E-9
902E+0	3.7436951976E+9	3.7436951976E+9	1.07927701E-6
903E+0	3.743695198105E+9	3.743695198105E+9	26.5971298E-9
904E+0	3.74369519861E+9	3.74369519861E+9	868.716427E-9
905E+0	3.743695199113E+9	3.743695199113E+9	26.7202651E-9
906E+0	3.743695199617E+9	3.743695199617E+9	1.07927701E-6
907E+0	3.743695200123E+9	3.743695200123E+9	2.13183375E-6
908E+0	3.743695200626E+9	3.743695200626E+9	1.07927701E-6
909E+0	3.74369520113E+9	3.74369520113E+9	658.278964E-9
910E+0	3.743695201634E+9	3.743695201634E+9	658.278964E-9
911E+0	3.743695202137E+9	3.743695202137E+9	237.157735E-9
912E+0	3.74369520264E+9	3.74369520264E+9	-394.400956E-9
913E+0	3.743695203143E+9	3.743695203143E+9	1.07927701E-6
914E+0	3.743695203646E+9	3.743695203646E+9	-394.277833E-9
915E+0	3.743695204149E+9	3.743695204149E+9	1.50027518E-6
916E+0	3.743695204652E+9	3.743695204652E+9	1.92127322E-6
917E+0	3.743695205156E+9	3.743695205156E+9	1.07927701E-6
918E+0	3.743695205659E+9	3.743695205659E+9	1.28971453E-6
919E+0	3.743695206162E+9	3.743695206162E+9	237.157735E-9
920E+0	3.743695206665E+9	3.743695206665E+9	237.157735E-9
921E+0	3.743695207169E+9	3.743695207169E+9	658.155841E-9
922E+0	3.743695207672E+9	3.743695207672E+9	-604.838419E-9
923E+0	3.743695208175E+9	3.743695208175E+9	-394.277833E-9
924E+0	3.743695208678E+9	3.743695208678E+9	1.50027518E-6
925E+0	3.743695209182E+9	3.743695209182E+9	1.71071258E-6
926E+0	3.743695209686E+9	3.743695209686E+9	1.7108357E-6
927E+0	3.743695210189E+9	3.743695210189E+9	1.92127322E-6
928E+0	3.743695210692E+9	3.743695210692E+9	868.716427E-9
929E+0	3.743695211195E+9	3.743695211195E+9	658.155841E-9
930E+0	3.743695211698E+9	3.743695211698E+9	1.07927701E-6
931E+0	3.743695212202E+9	3.743695212202E+9	1.50027518E-6
932E+0	3.743695212705E+9	3.743695212705E+9	-604.838419E-9
933E+0	3.743695213208E+9	3.743695213208E+9	237.280872E-9
934E+0	3.743695213711E+9	3.743695213711E+9	1.28971453E-6
935E+0	3.743695214214E+9	3.743695214214E+9	-183.840342E-9
936E+0	3.743695214717E+9	3.743695214717E+9	1.28971453E-6
937E+0	3.743695215222E+9	3.743695215222E+9	-394.277833E-9
938E+0	3.743695215727E+9	3.743695215727E+9	-394.400956E-9
939E+0	3.74369521623E+9	3.74369521623E+9	-2.28895397E-6
940E+0	3.743695216733E+9	3.743695216733E+9	658.278964E-9
941E+0	3.743695217238E+9	3.743695217238E+9	237.157735E-9
942E+0	3.743695217743E+9	3.743695217743E+9	658.278964E-9
943E+0	3.743695218247E+9	3.743695218247E+9	-1.86783268E-6
944E+0	3.743695218752E+9	3.743695218752E+9	868.716427E-9
945E+0	3.743695219256E+9	3.743695219256E+9	2.13183375E-6
946E+0	3.743695219759E+9	3.743695219759E+9	1.50027518E-6
947E+0	3.743695220262E+9	3.743695220262E+9	1.71071258E-6
948E+0	3.743695220765E+9	3.743695220765E+9	2.13171074E-6
949E+0	3.743695221269E+9	3.743695221269E+9	1.50027518E-6
950E+0	3.743695221774E+9	3.743695221774E+9	1.92127322E-6
951E+0	3.743695222277E+9	3.743695222277E+9	658.278964E-9
952E+0	3.74369522278E+9	3.74369522278E+9	447.71835E-9
953E+0	3.743695223284E+9	3.743695223284E+9	-1.02583647E-6
954E+0	3.743695223788E+9	3.743695223788E+9	868.716427E-9
955E+0	3.743695224291E+9	3.743695224291E+9	26.7202651E-9
956E+0	3.743695224795E+9	3.743695224795E+9	447.595227E-9
957E+0	3.743695225298E+9	3.743695225298E+9	-183.840342E-9
958E+0	3.743695225804E+9	3.743695225804E+9	1.28971453E-6
959E+0	3.743695226308E+9	3.743695226308E+9	1.50015194E-6
960E+0	3.743695226812E+9	3.743695226812E+9	1.71071258E-6
961E+0	3.743695227315E+9	3.743695227315E+9	1.92127322E-6
962E+0	3.74369522782E+9	3.74369522782E+9	1.50027518E-6
963E+0	3.743695228324E+9	3.743695228324E+9	447.71835E-9
964E+0	3.743695228828E+9	3.743695228828E+9	1.28971453E-6
965E+0	3.74369522933E+9	3.74369522933E+9	447.71835E-9
966E+0	3.743695229834E+9	3.743695229834E+9	1.07927701E-6
967E+0	3.743695230337E+9	3.743695230337E+9	1.07915389E-6
968E+0	3.74369523084E+9	3.74369523084E+9	1.28971453E-6
969E+0	3.743695231344E+9	3.743695231344E+9	447.71835E-9
970E+0	3.743695231848E+9	3.743695231848E+9	-1.0259597E-6
971E+0	3.743695232353E+9	3.743695232353E+9	447.595227E-9
972E+0	3.743695232856E+9	3.743695232856E+9	1.50015194E-6
973E+0	3.743695233359E+9	3.743695233359E+9	26.7202651E-9
974E+0	3.743695233862E+9	3.743695233862E+9	1.07927701E-6
975E+0	3.743695234364E+9	3.743695234364E+9	-1.02583647E-6
976E+0	3.743695234868E+9	3.743695234868E+9	1.50015194E-6
977E+0	3.743695235371E+9	3.743695235371E+9	868.716427E-9
978E+0	3.743695235875E+9	3.743695235875E+9	658.278964E-9
979E+0	3.743695236378E+9	3.743695236378E+9	868.716427E-9
980E+0	3.743695236881E+9	3.743695236881E+9	1.50027518E-6
981E+0	3.743695237384E+9	3.743695237384E+9	1.07915389E-6
982E+0	3.743695237889E+9	3.743695237889E+9	-604.838419E-9
983E+0	3.743695238393E+9	3.743695238393E+9	1.50027518E-6
984E+0	3.743695238896E+9	3.743695238896E+9	26.7202651E-9
985E+0	3.7436952394E+9	3.7436952394E+9	-183.840342E-9
986E+0	3.743695239903E+9	3.743695239903E+9	447.71835E-9
987E+0	3.743695240407E+9	3.743695240407E+9	1.50027518E-6
988E+0	3.743695240913E+9	3.743695240913E+9	237.157735E-9
989E+0	3.743695241416E+9	3.743695241416E+9	658.278964E-9
990E+0	3.743695241918E+9	3.743695241918E+9	658.278964E-9
991E+0	3.743695242422E+9	3.743695242422E+9	1.50027518E-6
992E+0	3.743695242926E+9	3.743695242926E+9	1.07927701E-6
993E+0	3.743695243429E+9	3.743695243429E+9	-1.02583647E-6
994E+0	3.743695243932E+9	3.743695243932E+9	658.278964E-9
995E+0	3.743695244437E+9	3.743695244437E+9	-183.840342E-9
996E+0	3.74369524494E+9	3.74369524494E+9	1.92127322E-6
997E+0	3.743695245444E+9	3.743695245444E+9	-815.399062E-9
998E+0	3.743695245948E+9	3.743695245948E+9	868.716427E-9
999E+0	3.743695246452E+9	3.743695246452E+9	237.157735E-9
1E+3	3.743695246956E+9	3.743695246956E+9	1.07915389E-6
