#2022-08-18
#15:10:53
#Balayage par: iq-qfl
#Description Keyword: 
#ScanTask Size: 1001
##Instrument: Tools@Tools.lvclass; Function:Indice de Point (Points); Parameters: *BeforeWait(ms): 0;*AfterWait(ms): 0; 
#Instrument: Tools@Tools.lvclass; Function:AbsTime (ms); Parameters: *BeforeWait(ms): 0;*AfterWait(ms): 0; 
#
#Tools.Indice de points(Points)	Tools.Time(s)                 	Tools.Temps Abs(ms)           
0E+0	3.743694653453E+9	3.743694653453E+9
1E+0	3.743694653453E+9	3.743694653453E+9
2E+0	3.743694653453E+9	3.743694653453E+9
3E+0	3.743694653453E+9	3.743694653453E+9
4E+0	3.743694653455E+9	3.743694653455E+9
5E+0	3.743694653455E+9	3.743694653455E+9
6E+0	3.743694653455E+9	3.743694653455E+9
7E+0	3.743694653455E+9	3.743694653455E+9
8E+0	3.743694653455E+9	3.743694653455E+9
9E+0	3.743694653455E+9	3.743694653455E+9
10E+0	3.743694653455E+9	3.743694653455E+9
11E+0	3.743694653455E+9	3.743694653455E+9
12E+0	3.743694653455E+9	3.743694653455E+9
13E+0	3.743694653455E+9	3.743694653455E+9
14E+0	3.743694653455E+9	3.743694653455E+9
15E+0	3.743694653455E+9	3.743694653455E+9
16E+0	3.743694653455E+9	3.743694653455E+9
17E+0	3.743694653455E+9	3.743694653455E+9
18E+0	3.743694653455E+9	3.743694653455E+9
19E+0	3.743694653456E+9	3.743694653456E+9
20E+0	3.743694653456E+9	3.743694653456E+9
21E+0	3.743694653456E+9	3.743694653456E+9
22E+0	3.743694653456E+9	3.743694653456E+9
23E+0	3.743694653456E+9	3.743694653456E+9
24E+0	3.743694653456E+9	3.743694653456E+9
25E+0	3.743694653456E+9	3.743694653456E+9
26E+0	3.743694653456E+9	3.743694653456E+9
27E+0	3.743694653456E+9	3.743694653456E+9
28E+0	3.743694653456E+9	3.743694653456E+9
29E+0	3.743694653456E+9	3.743694653456E+9
30E+0	3.743694653456E+9	3.743694653456E+9
31E+0	3.743694653456E+9	3.743694653456E+9
32E+0	3.743694653456E+9	3.743694653456E+9
33E+0	3.743694653456E+9	3.743694653456E+9
34E+0	3.743694653456E+9	3.743694653456E+9
35E+0	3.743694653456E+9	3.743694653456E+9
36E+0	3.743694653456E+9	3.743694653456E+9
37E+0	3.743694653456E+9	3.743694653456E+9
38E+0	3.743694653456E+9	3.743694653457E+9
39E+0	3.743694653457E+9	3.743694653457E+9
40E+0	3.743694653457E+9	3.743694653457E+9
41E+0	3.743694653457E+9	3.743694653457E+9
42E+0	3.743694653457E+9	3.743694653457E+9
43E+0	3.743694653457E+9	3.743694653457E+9
44E+0	3.743694653457E+9	3.743694653457E+9
45E+0	3.743694653457E+9	3.743694653457E+9
46E+0	3.743694653457E+9	3.743694653457E+9
47E+0	3.743694653457E+9	3.743694653457E+9
48E+0	3.743694653457E+9	3.743694653457E+9
49E+0	3.743694653457E+9	3.743694653457E+9
50E+0	3.743694653457E+9	3.743694653457E+9
51E+0	3.743694653457E+9	3.743694653457E+9
52E+0	3.743694653457E+9	3.743694653457E+9
53E+0	3.743694653457E+9	3.743694653457E+9
54E+0	3.743694653457E+9	3.743694653457E+9
55E+0	3.743694653457E+9	3.743694653457E+9
56E+0	3.743694653457E+9	3.743694653457E+9
57E+0	3.743694653457E+9	3.743694653457E+9
58E+0	3.743694653457E+9	3.743694653457E+9
59E+0	3.743694653458E+9	3.743694653458E+9
60E+0	3.743694653458E+9	3.743694653458E+9
61E+0	3.743694653458E+9	3.743694653458E+9
62E+0	3.743694653458E+9	3.743694653458E+9
63E+0	3.743694653458E+9	3.743694653458E+9
64E+0	3.743694653458E+9	3.743694653458E+9
65E+0	3.743694653458E+9	3.743694653458E+9
66E+0	3.743694653458E+9	3.743694653458E+9
67E+0	3.743694653458E+9	3.743694653458E+9
68E+0	3.743694653458E+9	3.743694653458E+9
69E+0	3.743694653458E+9	3.743694653458E+9
70E+0	3.743694653458E+9	3.743694653458E+9
71E+0	3.743694653458E+9	3.743694653458E+9
72E+0	3.743694653458E+9	3.743694653458E+9
73E+0	3.743694653458E+9	3.743694653458E+9
74E+0	3.743694653458E+9	3.743694653458E+9
75E+0	3.743694653458E+9	3.743694653458E+9
76E+0	3.743694653458E+9	3.743694653458E+9
77E+0	3.743694653458E+9	3.743694653458E+9
78E+0	3.743694653458E+9	3.743694653458E+9
79E+0	3.743694653458E+9	3.743694653458E+9
80E+0	3.743694653458E+9	3.743694653458E+9
81E+0	3.743694653459E+9	3.743694653459E+9
82E+0	3.743694653459E+9	3.743694653459E+9
83E+0	3.743694653459E+9	3.743694653459E+9
84E+0	3.743694653459E+9	3.743694653459E+9
85E+0	3.743694653459E+9	3.743694653459E+9
86E+0	3.743694653459E+9	3.743694653459E+9
87E+0	3.743694653459E+9	3.743694653459E+9
88E+0	3.743694653459E+9	3.743694653459E+9
89E+0	3.743694653459E+9	3.743694653459E+9
90E+0	3.743694653459E+9	3.743694653459E+9
91E+0	3.743694653459E+9	3.743694653459E+9
92E+0	3.743694653459E+9	3.743694653459E+9
93E+0	3.743694653459E+9	3.743694653459E+9
94E+0	3.743694653459E+9	3.743694653459E+9
95E+0	3.743694653459E+9	3.743694653459E+9
96E+0	3.743694653459E+9	3.743694653459E+9
97E+0	3.743694653459E+9	3.743694653459E+9
98E+0	3.743694653459E+9	3.743694653459E+9
99E+0	3.743694653459E+9	3.743694653459E+9
100E+0	3.743694653459E+9	3.743694653459E+9
101E+0	3.743694653459E+9	3.743694653459E+9
102E+0	3.74369465346E+9	3.74369465346E+9
103E+0	3.74369465346E+9	3.74369465346E+9
104E+0	3.74369465346E+9	3.74369465346E+9
105E+0	3.74369465346E+9	3.74369465346E+9
106E+0	3.74369465346E+9	3.74369465346E+9
107E+0	3.74369465346E+9	3.74369465346E+9
108E+0	3.74369465346E+9	3.74369465346E+9
109E+0	3.74369465346E+9	3.74369465346E+9
110E+0	3.74369465346E+9	3.74369465346E+9
111E+0	3.74369465346E+9	3.74369465346E+9
112E+0	3.74369465346E+9	3.74369465346E+9
113E+0	3.74369465346E+9	3.74369465346E+9
114E+0	3.74369465346E+9	3.74369465346E+9
115E+0	3.74369465346E+9	3.74369465346E+9
116E+0	3.74369465346E+9	3.74369465346E+9
117E+0	3.74369465346E+9	3.74369465346E+9
118E+0	3.74369465346E+9	3.74369465346E+9
119E+0	3.74369465346E+9	3.74369465346E+9
120E+0	3.74369465346E+9	3.74369465346E+9
121E+0	3.74369465346E+9	3.74369465346E+9
122E+0	3.74369465346E+9	3.74369465346E+9
123E+0	3.74369465346E+9	3.74369465346E+9
124E+0	3.74369465346E+9	3.74369465346E+9
125E+0	3.743694653461E+9	3.743694653461E+9
126E+0	3.743694653461E+9	3.743694653461E+9
127E+0	3.743694653461E+9	3.743694653461E+9
128E+0	3.743694653461E+9	3.743694653461E+9
129E+0	3.743694653461E+9	3.743694653461E+9
130E+0	3.743694653461E+9	3.743694653461E+9
131E+0	3.743694653461E+9	3.743694653461E+9
132E+0	3.743694653461E+9	3.743694653461E+9
133E+0	3.743694653461E+9	3.743694653461E+9
134E+0	3.743694653461E+9	3.743694653461E+9
135E+0	3.743694653461E+9	3.743694653461E+9
136E+0	3.743694653462E+9	3.743694653462E+9
137E+0	3.743694653462E+9	3.743694653462E+9
138E+0	3.743694653462E+9	3.743694653462E+9
139E+0	3.743694653462E+9	3.743694653462E+9
140E+0	3.743694653462E+9	3.743694653462E+9
141E+0	3.743694653462E+9	3.743694653462E+9
142E+0	3.743694653462E+9	3.743694653462E+9
143E+0	3.743694653462E+9	3.743694653462E+9
144E+0	3.743694653462E+9	3.743694653462E+9
145E+0	3.743694653462E+9	3.743694653462E+9
146E+0	3.743694653462E+9	3.743694653462E+9
147E+0	3.743694653462E+9	3.743694653462E+9
148E+0	3.743694653462E+9	3.743694653462E+9
149E+0	3.743694653462E+9	3.743694653462E+9
150E+0	3.743694653462E+9	3.743694653462E+9
151E+0	3.743694653462E+9	3.743694653462E+9
152E+0	3.743694653462E+9	3.743694653462E+9
153E+0	3.743694653462E+9	3.743694653462E+9
154E+0	3.743694653462E+9	3.743694653462E+9
155E+0	3.743694653462E+9	3.743694653462E+9
156E+0	3.743694653462E+9	3.743694653462E+9
157E+0	3.743694653463E+9	3.743694653463E+9
158E+0	3.743694653463E+9	3.743694653463E+9
159E+0	3.743694653463E+9	3.743694653463E+9
160E+0	3.743694653463E+9	3.743694653463E+9
161E+0	3.743694653463E+9	3.743694653463E+9
162E+0	3.743694653463E+9	3.743694653463E+9
163E+0	3.743694653463E+9	3.743694653463E+9
164E+0	3.743694653463E+9	3.743694653463E+9
165E+0	3.743694653463E+9	3.743694653463E+9
166E+0	3.743694653463E+9	3.743694653463E+9
167E+0	3.743694653463E+9	3.743694653463E+9
168E+0	3.743694653463E+9	3.743694653463E+9
169E+0	3.743694653463E+9	3.743694653463E+9
170E+0	3.743694653463E+9	3.743694653463E+9
171E+0	3.743694653463E+9	3.743694653463E+9
172E+0	3.743694653463E+9	3.743694653463E+9
173E+0	3.743694653463E+9	3.743694653463E+9
174E+0	3.743694653463E+9	3.743694653463E+9
175E+0	3.743694653463E+9	3.743694653463E+9
176E+0	3.743694653463E+9	3.743694653463E+9
177E+0	3.743694653463E+9	3.743694653463E+9
178E+0	3.743694653463E+9	3.743694653464E+9
179E+0	3.743694653464E+9	3.743694653464E+9
180E+0	3.743694653464E+9	3.743694653464E+9
181E+0	3.743694653464E+9	3.743694653464E+9
182E+0	3.743694653464E+9	3.743694653464E+9
183E+0	3.743694653464E+9	3.743694653464E+9
184E+0	3.743694653464E+9	3.743694653464E+9
185E+0	3.743694653464E+9	3.743694653464E+9
186E+0	3.743694653464E+9	3.743694653464E+9
187E+0	3.743694653464E+9	3.743694653464E+9
188E+0	3.743694653464E+9	3.743694653464E+9
189E+0	3.743694653464E+9	3.743694653464E+9
190E+0	3.743694653464E+9	3.743694653464E+9
191E+0	3.743694653464E+9	3.743694653464E+9
192E+0	3.743694653464E+9	3.743694653464E+9
193E+0	3.743694653464E+9	3.743694653464E+9
194E+0	3.743694653464E+9	3.743694653464E+9
195E+0	3.743694653464E+9	3.743694653464E+9
196E+0	3.743694653464E+9	3.743694653464E+9
197E+0	3.743694653465E+9	3.743694653465E+9
198E+0	3.743694653465E+9	3.743694653465E+9
199E+0	3.743694653465E+9	3.743694653465E+9
200E+0	3.743694653465E+9	3.743694653465E+9
201E+0	3.743694653465E+9	3.743694653465E+9
202E+0	3.743694653465E+9	3.743694653465E+9
203E+0	3.743694653465E+9	3.743694653465E+9
204E+0	3.743694653465E+9	3.743694653465E+9
205E+0	3.743694653465E+9	3.743694653465E+9
206E+0	3.743694653465E+9	3.743694653465E+9
207E+0	3.743694653465E+9	3.743694653465E+9
208E+0	3.743694653465E+9	3.743694653465E+9
209E+0	3.743694653465E+9	3.743694653465E+9
210E+0	3.743694653465E+9	3.743694653465E+9
211E+0	3.743694653465E+9	3.743694653465E+9
212E+0	3.743694653465E+9	3.743694653465E+9
213E+0	3.743694653465E+9	3.743694653465E+9
214E+0	3.743694653465E+9	3.743694653465E+9
215E+0	3.743694653465E+9	3.743694653465E+9
216E+0	3.743694653465E+9	3.743694653465E+9
217E+0	3.743694653465E+9	3.743694653465E+9
218E+0	3.743694653465E+9	3.743694653465E+9
219E+0	3.743694653465E+9	3.743694653465E+9
220E+0	3.743694653465E+9	3.743694653465E+9
221E+0	3.743694653465E+9	3.743694653465E+9
222E+0	3.743694653465E+9	3.743694653465E+9
223E+0	3.743694653465E+9	3.743694653465E+9
224E+0	3.743694653465E+9	3.743694653465E+9
225E+0	3.743694653465E+9	3.743694653465E+9
226E+0	3.743694653465E+9	3.743694653465E+9
227E+0	3.743694653465E+9	3.743694653465E+9
228E+0	3.743694653465E+9	3.743694653465E+9
229E+0	3.743694653465E+9	3.743694653465E+9
230E+0	3.743694653465E+9	3.743694653465E+9
231E+0	3.743694653465E+9	3.743694653465E+9
232E+0	3.743694653465E+9	3.743694653465E+9
233E+0	3.743694653465E+9	3.743694653465E+9
234E+0	3.743694653465E+9	3.743694653465E+9
235E+0	3.743694653465E+9	3.743694653465E+9
236E+0	3.743694653465E+9	3.743694653465E+9
237E+0	3.743694653465E+9	3.743694653465E+9
238E+0	3.743694653465E+9	3.743694653465E+9
239E+0	3.743694653465E+9	3.743694653465E+9
240E+0	3.743694653465E+9	3.743694653465E+9
241E+0	3.743694653466E+9	3.743694653466E+9
242E+0	3.743694653466E+9	3.743694653466E+9
243E+0	3.743694653466E+9	3.743694653466E+9
244E+0	3.743694653466E+9	3.743694653466E+9
245E+0	3.743694653466E+9	3.743694653466E+9
246E+0	3.743694653466E+9	3.743694653466E+9
247E+0	3.743694653466E+9	3.743694653466E+9
248E+0	3.743694653466E+9	3.743694653466E+9
249E+0	3.743694653466E+9	3.743694653466E+9
250E+0	3.743694653466E+9	3.743694653466E+9
251E+0	3.743694653466E+9	3.743694653466E+9
252E+0	3.743694653466E+9	3.743694653466E+9
253E+0	3.743694653466E+9	3.743694653466E+9
254E+0	3.743694653466E+9	3.743694653466E+9
255E+0	3.743694653466E+9	3.743694653466E+9
256E+0	3.743694653466E+9	3.743694653466E+9
257E+0	3.743694653466E+9	3.743694653466E+9
258E+0	3.743694653466E+9	3.743694653466E+9
259E+0	3.743694653466E+9	3.743694653466E+9
260E+0	3.743694653466E+9	3.743694653466E+9
261E+0	3.743694653466E+9	3.743694653466E+9
262E+0	3.743694653467E+9	3.743694653467E+9
263E+0	3.743694653467E+9	3.743694653467E+9
264E+0	3.743694653467E+9	3.743694653467E+9
265E+0	3.743694653467E+9	3.743694653467E+9
266E+0	3.743694653467E+9	3.743694653467E+9
267E+0	3.743694653467E+9	3.743694653467E+9
268E+0	3.743694653467E+9	3.743694653467E+9
269E+0	3.743694653467E+9	3.743694653467E+9
270E+0	3.743694653467E+9	3.743694653467E+9
271E+0	3.743694653467E+9	3.743694653467E+9
272E+0	3.743694653467E+9	3.743694653467E+9
273E+0	3.743694653467E+9	3.743694653467E+9
274E+0	3.743694653467E+9	3.743694653467E+9
275E+0	3.743694653467E+9	3.743694653467E+9
276E+0	3.743694653467E+9	3.743694653467E+9
277E+0	3.743694653467E+9	3.743694653467E+9
278E+0	3.743694653467E+9	3.743694653467E+9
279E+0	3.743694653467E+9	3.743694653467E+9
280E+0	3.743694653467E+9	3.743694653467E+9
281E+0	3.743694653467E+9	3.743694653467E+9
282E+0	3.743694653468E+9	3.743694653468E+9
283E+0	3.743694653468E+9	3.743694653468E+9
284E+0	3.743694653468E+9	3.743694653468E+9
285E+0	3.743694653468E+9	3.743694653468E+9
286E+0	3.743694653468E+9	3.743694653468E+9
287E+0	3.743694653468E+9	3.743694653468E+9
288E+0	3.743694653468E+9	3.743694653468E+9
289E+0	3.743694653468E+9	3.743694653468E+9
290E+0	3.743694653468E+9	3.743694653468E+9
291E+0	3.743694653468E+9	3.743694653468E+9
292E+0	3.743694653468E+9	3.743694653468E+9
293E+0	3.743694653468E+9	3.743694653468E+9
294E+0	3.743694653468E+9	3.743694653468E+9
295E+0	3.743694653468E+9	3.743694653468E+9
296E+0	3.743694653468E+9	3.743694653468E+9
297E+0	3.743694653468E+9	3.743694653468E+9
298E+0	3.743694653468E+9	3.743694653468E+9
299E+0	3.743694653468E+9	3.743694653468E+9
300E+0	3.743694653468E+9	3.743694653468E+9
301E+0	3.743694653468E+9	3.743694653468E+9
302E+0	3.743694653468E+9	3.743694653468E+9
303E+0	3.743694653468E+9	3.743694653468E+9
304E+0	3.743694653469E+9	3.743694653469E+9
305E+0	3.743694653469E+9	3.743694653469E+9
306E+0	3.743694653469E+9	3.743694653469E+9
307E+0	3.743694653469E+9	3.743694653469E+9
308E+0	3.743694653469E+9	3.743694653469E+9
309E+0	3.743694653469E+9	3.743694653469E+9
310E+0	3.743694653469E+9	3.743694653469E+9
311E+0	3.743694653469E+9	3.743694653469E+9
312E+0	3.743694653469E+9	3.743694653469E+9
313E+0	3.743694653469E+9	3.743694653469E+9
314E+0	3.743694653469E+9	3.743694653469E+9
315E+0	3.743694653469E+9	3.743694653469E+9
316E+0	3.743694653469E+9	3.743694653469E+9
317E+0	3.743694653469E+9	3.743694653469E+9
318E+0	3.743694653469E+9	3.743694653469E+9
319E+0	3.743694653469E+9	3.743694653469E+9
320E+0	3.743694653469E+9	3.743694653469E+9
321E+0	3.743694653469E+9	3.743694653469E+9
322E+0	3.743694653469E+9	3.743694653469E+9
323E+0	3.743694653469E+9	3.743694653469E+9
324E+0	3.743694653469E+9	3.743694653469E+9
325E+0	3.743694653469E+9	3.743694653469E+9
326E+0	3.743694653469E+9	3.743694653469E+9
327E+0	3.74369465347E+9	3.74369465347E+9
328E+0	3.74369465347E+9	3.74369465347E+9
329E+0	3.74369465347E+9	3.74369465347E+9
330E+0	3.74369465347E+9	3.74369465347E+9
331E+0	3.74369465347E+9	3.74369465347E+9
332E+0	3.74369465347E+9	3.74369465347E+9
333E+0	3.74369465347E+9	3.74369465347E+9
334E+0	3.74369465347E+9	3.74369465347E+9
335E+0	3.74369465347E+9	3.74369465347E+9
336E+0	3.74369465347E+9	3.74369465347E+9
337E+0	3.74369465347E+9	3.74369465347E+9
338E+0	3.74369465347E+9	3.74369465347E+9
339E+0	3.74369465347E+9	3.74369465347E+9
340E+0	3.74369465347E+9	3.74369465347E+9
341E+0	3.74369465347E+9	3.74369465347E+9
342E+0	3.74369465347E+9	3.74369465347E+9
343E+0	3.74369465347E+9	3.74369465347E+9
344E+0	3.74369465347E+9	3.74369465347E+9
345E+0	3.74369465347E+9	3.74369465347E+9
346E+0	3.74369465347E+9	3.74369465347E+9
347E+0	3.74369465347E+9	3.74369465347E+9
348E+0	3.74369465347E+9	3.74369465347E+9
349E+0	3.743694653471E+9	3.743694653471E+9
350E+0	3.743694653471E+9	3.743694653471E+9
351E+0	3.743694653471E+9	3.743694653471E+9
352E+0	3.743694653471E+9	3.743694653471E+9
353E+0	3.743694653471E+9	3.743694653471E+9
354E+0	3.743694653471E+9	3.743694653471E+9
355E+0	3.743694653471E+9	3.743694653471E+9
356E+0	3.743694653471E+9	3.743694653471E+9
357E+0	3.743694653471E+9	3.743694653471E+9
358E+0	3.743694653471E+9	3.743694653471E+9
359E+0	3.743694653471E+9	3.743694653471E+9
360E+0	3.743694653471E+9	3.743694653471E+9
361E+0	3.743694653471E+9	3.743694653471E+9
362E+0	3.743694653471E+9	3.743694653471E+9
363E+0	3.743694653471E+9	3.743694653471E+9
364E+0	3.743694653471E+9	3.743694653471E+9
365E+0	3.743694653471E+9	3.743694653471E+9
366E+0	3.743694653471E+9	3.743694653471E+9
367E+0	3.743694653471E+9	3.743694653471E+9
368E+0	3.743694653471E+9	3.743694653471E+9
369E+0	3.743694653471E+9	3.743694653471E+9
370E+0	3.743694653472E+9	3.743694653472E+9
371E+0	3.743694653472E+9	3.743694653472E+9
372E+0	3.743694653472E+9	3.743694653472E+9
373E+0	3.743694653472E+9	3.743694653472E+9
374E+0	3.743694653472E+9	3.743694653472E+9
375E+0	3.743694653472E+9	3.743694653472E+9
376E+0	3.743694653472E+9	3.743694653472E+9
377E+0	3.743694653472E+9	3.743694653472E+9
378E+0	3.743694653472E+9	3.743694653472E+9
379E+0	3.743694653472E+9	3.743694653472E+9
380E+0	3.743694653472E+9	3.743694653472E+9
381E+0	3.743694653472E+9	3.743694653472E+9
382E+0	3.743694653472E+9	3.743694653472E+9
383E+0	3.743694653472E+9	3.743694653472E+9
384E+0	3.743694653472E+9	3.743694653472E+9
385E+0	3.743694653472E+9	3.743694653472E+9
386E+0	3.743694653472E+9	3.743694653472E+9
387E+0	3.743694653472E+9	3.743694653472E+9
388E+0	3.743694653472E+9	3.743694653472E+9
389E+0	3.743694653473E+9	3.743694653473E+9
390E+0	3.743694653473E+9	3.743694653473E+9
391E+0	3.743694653473E+9	3.743694653473E+9
392E+0	3.743694653473E+9	3.743694653473E+9
393E+0	3.743694653473E+9	3.743694653473E+9
394E+0	3.743694653473E+9	3.743694653473E+9
395E+0	3.743694653473E+9	3.743694653473E+9
396E+0	3.743694653473E+9	3.743694653473E+9
397E+0	3.743694653473E+9	3.743694653473E+9
398E+0	3.743694653473E+9	3.743694653473E+9
399E+0	3.743694653473E+9	3.743694653473E+9
400E+0	3.743694653473E+9	3.743694653473E+9
401E+0	3.743694653473E+9	3.743694653473E+9
402E+0	3.743694653473E+9	3.743694653473E+9
403E+0	3.743694653473E+9	3.743694653473E+9
404E+0	3.743694653473E+9	3.743694653473E+9
405E+0	3.743694653473E+9	3.743694653473E+9
406E+0	3.743694653473E+9	3.743694653473E+9
407E+0	3.743694653473E+9	3.743694653473E+9
408E+0	3.743694653473E+9	3.743694653473E+9
409E+0	3.743694653473E+9	3.743694653473E+9
410E+0	3.743694653473E+9	3.743694653473E+9
411E+0	3.743694653474E+9	3.743694653474E+9
412E+0	3.743694653474E+9	3.743694653474E+9
413E+0	3.743694653474E+9	3.743694653474E+9
414E+0	3.743694653474E+9	3.743694653474E+9
415E+0	3.743694653474E+9	3.743694653474E+9
416E+0	3.743694653474E+9	3.743694653474E+9
417E+0	3.743694653474E+9	3.743694653474E+9
418E+0	3.743694653474E+9	3.743694653474E+9
419E+0	3.743694653474E+9	3.743694653474E+9
420E+0	3.743694653474E+9	3.743694653474E+9
421E+0	3.743694653474E+9	3.743694653474E+9
422E+0	3.743694653474E+9	3.743694653474E+9
423E+0	3.743694653474E+9	3.743694653474E+9
424E+0	3.743694653474E+9	3.743694653474E+9
425E+0	3.743694653474E+9	3.743694653474E+9
426E+0	3.743694653474E+9	3.743694653474E+9
427E+0	3.743694653474E+9	3.743694653474E+9
428E+0	3.743694653474E+9	3.743694653474E+9
429E+0	3.743694653474E+9	3.743694653474E+9
430E+0	3.743694653474E+9	3.743694653474E+9
431E+0	3.743694653474E+9	3.743694653474E+9
432E+0	3.743694653474E+9	3.743694653474E+9
433E+0	3.743694653475E+9	3.743694653475E+9
434E+0	3.743694653475E+9	3.743694653475E+9
435E+0	3.743694653475E+9	3.743694653475E+9
436E+0	3.743694653475E+9	3.743694653475E+9
437E+0	3.743694653475E+9	3.743694653475E+9
438E+0	3.743694653475E+9	3.743694653475E+9
439E+0	3.743694653475E+9	3.743694653475E+9
440E+0	3.743694653475E+9	3.743694653475E+9
441E+0	3.743694653475E+9	3.743694653475E+9
442E+0	3.743694653475E+9	3.743694653475E+9
443E+0	3.743694653475E+9	3.743694653475E+9
444E+0	3.743694653475E+9	3.743694653475E+9
445E+0	3.743694653475E+9	3.743694653475E+9
446E+0	3.743694653475E+9	3.743694653475E+9
447E+0	3.743694653475E+9	3.743694653475E+9
448E+0	3.743694653475E+9	3.743694653475E+9
449E+0	3.743694653475E+9	3.743694653475E+9
450E+0	3.743694653475E+9	3.743694653475E+9
451E+0	3.743694653475E+9	3.743694653475E+9
452E+0	3.743694653475E+9	3.743694653475E+9
453E+0	3.743694653475E+9	3.743694653475E+9
454E+0	3.743694653475E+9	3.743694653475E+9
455E+0	3.743694653476E+9	3.743694653476E+9
456E+0	3.743694653476E+9	3.743694653476E+9
457E+0	3.743694653476E+9	3.743694653476E+9
458E+0	3.743694653476E+9	3.743694653476E+9
459E+0	3.743694653476E+9	3.743694653476E+9
460E+0	3.743694653476E+9	3.743694653476E+9
461E+0	3.743694653476E+9	3.743694653476E+9
462E+0	3.743694653476E+9	3.743694653476E+9
463E+0	3.743694653476E+9	3.743694653476E+9
464E+0	3.743694653476E+9	3.743694653476E+9
465E+0	3.743694653476E+9	3.743694653476E+9
466E+0	3.743694653476E+9	3.743694653476E+9
467E+0	3.743694653476E+9	3.743694653476E+9
468E+0	3.743694653476E+9	3.743694653476E+9
469E+0	3.743694653476E+9	3.743694653476E+9
470E+0	3.743694653477E+9	3.743694653477E+9
471E+0	3.743694653477E+9	3.743694653477E+9
472E+0	3.743694653477E+9	3.743694653477E+9
473E+0	3.743694653477E+9	3.743694653477E+9
474E+0	3.743694653477E+9	3.743694653477E+9
475E+0	3.743694653477E+9	3.743694653477E+9
476E+0	3.743694653477E+9	3.743694653477E+9
477E+0	3.743694653477E+9	3.743694653477E+9
478E+0	3.743694653477E+9	3.743694653477E+9
479E+0	3.743694653477E+9	3.743694653477E+9
480E+0	3.743694653477E+9	3.743694653477E+9
481E+0	3.743694653477E+9	3.743694653477E+9
482E+0	3.743694653477E+9	3.743694653477E+9
483E+0	3.743694653477E+9	3.743694653477E+9
484E+0	3.743694653477E+9	3.743694653477E+9
485E+0	3.743694653477E+9	3.743694653477E+9
486E+0	3.743694653477E+9	3.743694653477E+9
487E+0	3.743694653477E+9	3.743694653477E+9
488E+0	3.743694653477E+9	3.743694653477E+9
489E+0	3.743694653477E+9	3.743694653477E+9
490E+0	3.743694653477E+9	3.743694653477E+9
491E+0	3.743694653477E+9	3.743694653477E+9
492E+0	3.743694653478E+9	3.743694653478E+9
493E+0	3.743694653478E+9	3.743694653478E+9
494E+0	3.743694653478E+9	3.743694653478E+9
495E+0	3.743694653478E+9	3.743694653478E+9
496E+0	3.743694653478E+9	3.743694653478E+9
497E+0	3.743694653478E+9	3.743694653478E+9
498E+0	3.743694653478E+9	3.743694653478E+9
499E+0	3.743694653478E+9	3.743694653478E+9
500E+0	3.743694653478E+9	3.743694653478E+9
501E+0	3.743694653478E+9	3.743694653478E+9
502E+0	3.743694653478E+9	3.743694653478E+9
503E+0	3.743694653478E+9	3.743694653478E+9
504E+0	3.743694653478E+9	3.743694653478E+9
505E+0	3.743694653478E+9	3.743694653478E+9
506E+0	3.743694653478E+9	3.743694653478E+9
507E+0	3.743694653478E+9	3.743694653478E+9
508E+0	3.743694653478E+9	3.743694653478E+9
509E+0	3.743694653478E+9	3.743694653478E+9
510E+0	3.743694653478E+9	3.743694653478E+9
511E+0	3.743694653478E+9	3.743694653478E+9
512E+0	3.743694653479E+9	3.743694653479E+9
513E+0	3.743694653479E+9	3.743694653479E+9
514E+0	3.743694653479E+9	3.743694653479E+9
515E+0	3.743694653479E+9	3.743694653479E+9
516E+0	3.743694653479E+9	3.743694653479E+9
517E+0	3.743694653479E+9	3.743694653479E+9
518E+0	3.743694653479E+9	3.743694653479E+9
519E+0	3.743694653479E+9	3.743694653479E+9
520E+0	3.743694653479E+9	3.743694653479E+9
521E+0	3.743694653479E+9	3.743694653479E+9
522E+0	3.743694653479E+9	3.743694653479E+9
523E+0	3.743694653479E+9	3.743694653479E+9
524E+0	3.743694653479E+9	3.743694653479E+9
525E+0	3.743694653479E+9	3.743694653479E+9
526E+0	3.743694653479E+9	3.743694653479E+9
527E+0	3.743694653479E+9	3.743694653479E+9
528E+0	3.743694653479E+9	3.743694653479E+9
529E+0	3.74369465348E+9	3.74369465348E+9
530E+0	3.74369465348E+9	3.74369465348E+9
531E+0	3.74369465348E+9	3.74369465348E+9
532E+0	3.74369465348E+9	3.74369465348E+9
533E+0	3.74369465348E+9	3.74369465348E+9
534E+0	3.74369465348E+9	3.74369465348E+9
535E+0	3.74369465348E+9	3.74369465348E+9
536E+0	3.74369465348E+9	3.74369465348E+9
537E+0	3.74369465348E+9	3.74369465348E+9
538E+0	3.74369465348E+9	3.74369465348E+9
539E+0	3.74369465348E+9	3.74369465348E+9
540E+0	3.74369465348E+9	3.74369465348E+9
541E+0	3.74369465348E+9	3.74369465348E+9
542E+0	3.74369465348E+9	3.74369465348E+9
543E+0	3.74369465348E+9	3.74369465348E+9
544E+0	3.74369465348E+9	3.74369465348E+9
545E+0	3.74369465348E+9	3.74369465348E+9
546E+0	3.74369465348E+9	3.743694653481E+9
547E+0	3.743694653481E+9	3.743694653481E+9
548E+0	3.743694653481E+9	3.743694653481E+9
549E+0	3.743694653481E+9	3.743694653481E+9
550E+0	3.743694653481E+9	3.743694653481E+9
551E+0	3.743694653481E+9	3.743694653481E+9
552E+0	3.743694653481E+9	3.743694653481E+9
553E+0	3.743694653481E+9	3.743694653481E+9
554E+0	3.743694653481E+9	3.743694653481E+9
555E+0	3.743694653481E+9	3.743694653481E+9
556E+0	3.743694653481E+9	3.743694653481E+9
557E+0	3.743694653481E+9	3.743694653481E+9
558E+0	3.743694653481E+9	3.743694653481E+9
559E+0	3.743694653481E+9	3.743694653481E+9
560E+0	3.743694653481E+9	3.743694653481E+9
561E+0	3.743694653481E+9	3.743694653481E+9
562E+0	3.743694653481E+9	3.743694653481E+9
563E+0	3.743694653481E+9	3.743694653481E+9
564E+0	3.743694653481E+9	3.743694653481E+9
565E+0	3.743694653481E+9	3.743694653481E+9
566E+0	3.743694653481E+9	3.743694653481E+9
567E+0	3.743694653481E+9	3.743694653481E+9
568E+0	3.743694653482E+9	3.743694653482E+9
569E+0	3.743694653482E+9	3.743694653482E+9
570E+0	3.743694653482E+9	3.743694653482E+9
571E+0	3.743694653482E+9	3.743694653482E+9
572E+0	3.743694653482E+9	3.743694653482E+9
573E+0	3.743694653482E+9	3.743694653482E+9
574E+0	3.743694653482E+9	3.743694653482E+9
575E+0	3.743694653482E+9	3.743694653482E+9
576E+0	3.743694653482E+9	3.743694653482E+9
577E+0	3.743694653482E+9	3.743694653482E+9
578E+0	3.743694653482E+9	3.743694653482E+9
579E+0	3.743694653482E+9	3.743694653482E+9
580E+0	3.743694653482E+9	3.743694653482E+9
581E+0	3.743694653482E+9	3.743694653482E+9
582E+0	3.743694653482E+9	3.743694653482E+9
583E+0	3.743694653482E+9	3.743694653482E+9
584E+0	3.743694653482E+9	3.743694653482E+9
585E+0	3.743694653482E+9	3.743694653482E+9
586E+0	3.743694653482E+9	3.743694653482E+9
587E+0	3.743694653482E+9	3.743694653482E+9
588E+0	3.743694653482E+9	3.743694653482E+9
589E+0	3.743694653482E+9	3.743694653482E+9
590E+0	3.743694653482E+9	3.743694653482E+9
591E+0	3.743694653483E+9	3.743694653483E+9
592E+0	3.743694653483E+9	3.743694653483E+9
593E+0	3.743694653483E+9	3.743694653483E+9
594E+0	3.743694653483E+9	3.743694653483E+9
595E+0	3.743694653483E+9	3.743694653483E+9
596E+0	3.743694653483E+9	3.743694653483E+9
597E+0	3.743694653483E+9	3.743694653483E+9
598E+0	3.743694653483E+9	3.743694653483E+9
599E+0	3.743694653483E+9	3.743694653483E+9
600E+0	3.743694653483E+9	3.743694653483E+9
601E+0	3.743694653483E+9	3.743694653483E+9
602E+0	3.743694653483E+9	3.743694653483E+9
603E+0	3.743694653483E+9	3.743694653483E+9
604E+0	3.743694653483E+9	3.743694653483E+9
605E+0	3.743694653483E+9	3.743694653483E+9
606E+0	3.743694653483E+9	3.743694653483E+9
607E+0	3.743694653484E+9	3.743694653484E+9
608E+0	3.743694653484E+9	3.743694653484E+9
609E+0	3.743694653484E+9	3.743694653484E+9
610E+0	3.743694653484E+9	3.743694653484E+9
611E+0	3.743694653484E+9	3.743694653484E+9
612E+0	3.743694653484E+9	3.743694653484E+9
613E+0	3.743694653484E+9	3.743694653484E+9
614E+0	3.743694653484E+9	3.743694653484E+9
615E+0	3.743694653484E+9	3.743694653484E+9
616E+0	3.743694653484E+9	3.743694653484E+9
617E+0	3.743694653484E+9	3.743694653484E+9
618E+0	3.743694653484E+9	3.743694653484E+9
619E+0	3.743694653484E+9	3.743694653484E+9
620E+0	3.743694653484E+9	3.743694653484E+9
621E+0	3.743694653485E+9	3.743694653485E+9
622E+0	3.743694653485E+9	3.743694653485E+9
623E+0	3.743694653485E+9	3.743694653485E+9
624E+0	3.743694653485E+9	3.743694653485E+9
625E+0	3.743694653485E+9	3.743694653485E+9
626E+0	3.743694653485E+9	3.743694653485E+9
627E+0	3.743694653485E+9	3.743694653485E+9
628E+0	3.743694653485E+9	3.743694653485E+9
629E+0	3.743694653485E+9	3.743694653485E+9
630E+0	3.743694653485E+9	3.743694653485E+9
631E+0	3.743694653485E+9	3.743694653485E+9
632E+0	3.743694653485E+9	3.743694653485E+9
633E+0	3.743694653485E+9	3.743694653485E+9
634E+0	3.743694653486E+9	3.743694653486E+9
635E+0	3.743694653486E+9	3.743694653486E+9
636E+0	3.743694653486E+9	3.743694653486E+9
637E+0	3.743694653486E+9	3.743694653486E+9
638E+0	3.743694653486E+9	3.743694653486E+9
639E+0	3.743694653486E+9	3.743694653486E+9
640E+0	3.743694653486E+9	3.743694653486E+9
641E+0	3.743694653486E+9	3.743694653486E+9
642E+0	3.743694653486E+9	3.743694653486E+9
643E+0	3.743694653486E+9	3.743694653486E+9
644E+0	3.743694653486E+9	3.743694653486E+9
645E+0	3.743694653486E+9	3.743694653486E+9
646E+0	3.743694653486E+9	3.743694653486E+9
647E+0	3.743694653486E+9	3.743694653486E+9
648E+0	3.743694653486E+9	3.743694653486E+9
649E+0	3.743694653486E+9	3.743694653486E+9
650E+0	3.743694653486E+9	3.743694653486E+9
651E+0	3.743694653486E+9	3.743694653486E+9
652E+0	3.743694653487E+9	3.743694653487E+9
653E+0	3.743694653487E+9	3.743694653487E+9
654E+0	3.743694653487E+9	3.743694653487E+9
655E+0	3.743694653487E+9	3.743694653487E+9
656E+0	3.743694653487E+9	3.743694653487E+9
657E+0	3.743694653487E+9	3.743694653487E+9
658E+0	3.743694653487E+9	3.743694653487E+9
659E+0	3.743694653487E+9	3.743694653487E+9
660E+0	3.743694653487E+9	3.743694653487E+9
661E+0	3.743694653487E+9	3.743694653487E+9
662E+0	3.743694653487E+9	3.743694653487E+9
663E+0	3.743694653487E+9	3.743694653487E+9
664E+0	3.743694653487E+9	3.743694653487E+9
665E+0	3.743694653487E+9	3.743694653487E+9
666E+0	3.743694653487E+9	3.743694653487E+9
667E+0	3.743694653487E+9	3.743694653487E+9
668E+0	3.743694653487E+9	3.743694653487E+9
669E+0	3.743694653487E+9	3.743694653487E+9
670E+0	3.743694653487E+9	3.743694653487E+9
671E+0	3.743694653487E+9	3.743694653487E+9
672E+0	3.743694653488E+9	3.743694653488E+9
673E+0	3.743694653488E+9	3.743694653488E+9
674E+0	3.743694653488E+9	3.743694653488E+9
675E+0	3.743694653488E+9	3.743694653488E+9
676E+0	3.743694653488E+9	3.743694653488E+9
677E+0	3.743694653488E+9	3.743694653488E+9
678E+0	3.743694653488E+9	3.743694653488E+9
679E+0	3.743694653488E+9	3.743694653488E+9
680E+0	3.743694653488E+9	3.743694653488E+9
681E+0	3.743694653488E+9	3.743694653488E+9
682E+0	3.743694653488E+9	3.743694653488E+9
683E+0	3.743694653488E+9	3.743694653488E+9
684E+0	3.743694653488E+9	3.743694653488E+9
685E+0	3.743694653488E+9	3.743694653488E+9
686E+0	3.743694653488E+9	3.743694653488E+9
687E+0	3.743694653488E+9	3.743694653488E+9
688E+0	3.743694653488E+9	3.743694653488E+9
689E+0	3.743694653488E+9	3.743694653488E+9
690E+0	3.743694653488E+9	3.743694653488E+9
691E+0	3.743694653488E+9	3.743694653488E+9
692E+0	3.743694653488E+9	3.743694653488E+9
693E+0	3.743694653489E+9	3.743694653489E+9
694E+0	3.743694653489E+9	3.743694653489E+9
695E+0	3.743694653489E+9	3.743694653489E+9
696E+0	3.743694653489E+9	3.743694653489E+9
697E+0	3.743694653489E+9	3.743694653489E+9
698E+0	3.743694653489E+9	3.743694653489E+9
699E+0	3.743694653489E+9	3.743694653489E+9
700E+0	3.743694653489E+9	3.743694653489E+9
701E+0	3.743694653489E+9	3.743694653489E+9
702E+0	3.743694653489E+9	3.743694653489E+9
703E+0	3.743694653489E+9	3.743694653489E+9
704E+0	3.743694653489E+9	3.743694653489E+9
705E+0	3.743694653489E+9	3.743694653489E+9
706E+0	3.743694653489E+9	3.743694653489E+9
707E+0	3.743694653489E+9	3.743694653489E+9
708E+0	3.743694653489E+9	3.743694653489E+9
709E+0	3.743694653489E+9	3.743694653489E+9
710E+0	3.743694653489E+9	3.743694653489E+9
711E+0	3.743694653489E+9	3.743694653489E+9
712E+0	3.743694653489E+9	3.743694653489E+9
713E+0	3.743694653489E+9	3.743694653489E+9
714E+0	3.743694653489E+9	3.743694653489E+9
715E+0	3.743694653489E+9	3.743694653489E+9
716E+0	3.74369465349E+9	3.74369465349E+9
717E+0	3.74369465349E+9	3.74369465349E+9
718E+0	3.74369465349E+9	3.74369465349E+9
719E+0	3.74369465349E+9	3.74369465349E+9
720E+0	3.74369465349E+9	3.74369465349E+9
721E+0	3.74369465349E+9	3.74369465349E+9
722E+0	3.74369465349E+9	3.74369465349E+9
723E+0	3.74369465349E+9	3.74369465349E+9
724E+0	3.74369465349E+9	3.74369465349E+9
725E+0	3.74369465349E+9	3.74369465349E+9
726E+0	3.74369465349E+9	3.74369465349E+9
727E+0	3.74369465349E+9	3.74369465349E+9
728E+0	3.74369465349E+9	3.74369465349E+9
729E+0	3.74369465349E+9	3.74369465349E+9
730E+0	3.74369465349E+9	3.74369465349E+9
731E+0	3.74369465349E+9	3.74369465349E+9
732E+0	3.74369465349E+9	3.74369465349E+9
733E+0	3.74369465349E+9	3.74369465349E+9
734E+0	3.74369465349E+9	3.74369465349E+9
735E+0	3.743694653491E+9	3.743694653491E+9
736E+0	3.743694653491E+9	3.743694653491E+9
737E+0	3.743694653491E+9	3.743694653491E+9
738E+0	3.743694653491E+9	3.743694653491E+9
739E+0	3.743694653491E+9	3.743694653491E+9
740E+0	3.743694653491E+9	3.743694653491E+9
741E+0	3.743694653491E+9	3.743694653491E+9
742E+0	3.743694653491E+9	3.743694653491E+9
743E+0	3.743694653491E+9	3.743694653491E+9
744E+0	3.743694653491E+9	3.743694653491E+9
745E+0	3.743694653491E+9	3.743694653491E+9
746E+0	3.743694653491E+9	3.743694653491E+9
747E+0	3.743694653491E+9	3.743694653491E+9
748E+0	3.743694653491E+9	3.743694653491E+9
749E+0	3.743694653491E+9	3.743694653491E+9
750E+0	3.743694653491E+9	3.743694653491E+9
751E+0	3.743694653491E+9	3.743694653491E+9
752E+0	3.743694653491E+9	3.743694653491E+9
753E+0	3.743694653491E+9	3.743694653491E+9
754E+0	3.743694653491E+9	3.743694653492E+9
755E+0	3.743694653492E+9	3.743694653492E+9
756E+0	3.743694653492E+9	3.743694653492E+9
757E+0	3.743694653492E+9	3.743694653492E+9
758E+0	3.743694653492E+9	3.743694653492E+9
759E+0	3.743694653492E+9	3.743694653492E+9
760E+0	3.743694653492E+9	3.743694653492E+9
761E+0	3.743694653492E+9	3.743694653492E+9
762E+0	3.743694653492E+9	3.743694653492E+9
763E+0	3.743694653492E+9	3.743694653492E+9
764E+0	3.743694653493E+9	3.743694653493E+9
765E+0	3.743694653493E+9	3.743694653493E+9
766E+0	3.743694653493E+9	3.743694653493E+9
767E+0	3.743694653493E+9	3.743694653493E+9
768E+0	3.743694653493E+9	3.743694653493E+9
769E+0	3.743694653493E+9	3.743694653493E+9
770E+0	3.743694653493E+9	3.743694653493E+9
771E+0	3.743694653493E+9	3.743694653493E+9
772E+0	3.743694653493E+9	3.743694653493E+9
773E+0	3.743694653493E+9	3.743694653493E+9
774E+0	3.743694653493E+9	3.743694653493E+9
775E+0	3.743694653493E+9	3.743694653493E+9
776E+0	3.743694653493E+9	3.743694653493E+9
777E+0	3.743694653494E+9	3.743694653494E+9
778E+0	3.743694653494E+9	3.743694653494E+9
779E+0	3.743694653494E+9	3.743694653494E+9
780E+0	3.743694653494E+9	3.743694653494E+9
781E+0	3.743694653494E+9	3.743694653494E+9
782E+0	3.743694653494E+9	3.743694653494E+9
783E+0	3.743694653494E+9	3.743694653494E+9
784E+0	3.743694653494E+9	3.743694653494E+9
785E+0	3.743694653494E+9	3.743694653494E+9
786E+0	3.743694653494E+9	3.743694653494E+9
787E+0	3.743694653494E+9	3.743694653494E+9
788E+0	3.743694653494E+9	3.743694653494E+9
789E+0	3.743694653494E+9	3.743694653494E+9
790E+0	3.743694653494E+9	3.743694653494E+9
791E+0	3.743694653494E+9	3.743694653494E+9
792E+0	3.743694653494E+9	3.743694653494E+9
793E+0	3.743694653494E+9	3.743694653494E+9
794E+0	3.743694653494E+9	3.743694653494E+9
795E+0	3.743694653494E+9	3.743694653494E+9
796E+0	3.743694653494E+9	3.743694653494E+9
797E+0	3.743694653495E+9	3.743694653495E+9
798E+0	3.743694653495E+9	3.743694653495E+9
799E+0	3.743694653495E+9	3.743694653495E+9
800E+0	3.743694653495E+9	3.743694653495E+9
801E+0	3.743694653495E+9	3.743694653495E+9
802E+0	3.743694653495E+9	3.743694653495E+9
803E+0	3.743694653495E+9	3.743694653495E+9
804E+0	3.743694653495E+9	3.743694653495E+9
805E+0	3.743694653495E+9	3.743694653495E+9
806E+0	3.743694653495E+9	3.743694653495E+9
807E+0	3.743694653495E+9	3.743694653495E+9
808E+0	3.743694653495E+9	3.743694653495E+9
809E+0	3.743694653495E+9	3.743694653495E+9
810E+0	3.743694653495E+9	3.743694653495E+9
811E+0	3.743694653495E+9	3.743694653495E+9
812E+0	3.743694653495E+9	3.743694653495E+9
813E+0	3.743694653495E+9	3.743694653495E+9
814E+0	3.743694653495E+9	3.743694653495E+9
815E+0	3.743694653496E+9	3.743694653496E+9
816E+0	3.743694653496E+9	3.743694653496E+9
817E+0	3.743694653496E+9	3.743694653496E+9
818E+0	3.743694653496E+9	3.743694653496E+9
819E+0	3.743694653496E+9	3.743694653496E+9
820E+0	3.743694653496E+9	3.743694653496E+9
821E+0	3.743694653496E+9	3.743694653496E+9
822E+0	3.743694653496E+9	3.743694653496E+9
823E+0	3.743694653496E+9	3.743694653496E+9
824E+0	3.743694653496E+9	3.743694653496E+9
825E+0	3.743694653496E+9	3.743694653496E+9
826E+0	3.743694653496E+9	3.743694653496E+9
827E+0	3.743694653496E+9	3.743694653496E+9
828E+0	3.743694653496E+9	3.743694653496E+9
829E+0	3.743694653496E+9	3.743694653496E+9
830E+0	3.743694653496E+9	3.743694653496E+9
831E+0	3.743694653497E+9	3.743694653497E+9
832E+0	3.743694653497E+9	3.743694653497E+9
833E+0	3.743694653497E+9	3.743694653497E+9
834E+0	3.743694653497E+9	3.743694653497E+9
835E+0	3.743694653497E+9	3.743694653497E+9
836E+0	3.743694653497E+9	3.743694653497E+9
837E+0	3.743694653497E+9	3.743694653497E+9
838E+0	3.743694653497E+9	3.743694653497E+9
839E+0	3.743694653497E+9	3.743694653497E+9
840E+0	3.743694653497E+9	3.743694653497E+9
841E+0	3.743694653497E+9	3.743694653497E+9
842E+0	3.743694653497E+9	3.743694653497E+9
843E+0	3.743694653497E+9	3.743694653497E+9
844E+0	3.743694653497E+9	3.743694653497E+9
845E+0	3.743694653497E+9	3.743694653497E+9
846E+0	3.743694653497E+9	3.743694653497E+9
847E+0	3.743694653497E+9	3.743694653497E+9
848E+0	3.743694653498E+9	3.743694653498E+9
849E+0	3.743694653498E+9	3.743694653498E+9
850E+0	3.743694653498E+9	3.743694653498E+9
851E+0	3.743694653498E+9	3.743694653498E+9
852E+0	3.743694653498E+9	3.743694653498E+9
853E+0	3.743694653498E+9	3.743694653498E+9
854E+0	3.743694653498E+9	3.743694653498E+9
855E+0	3.743694653498E+9	3.743694653498E+9
856E+0	3.743694653498E+9	3.743694653498E+9
857E+0	3.743694653498E+9	3.743694653498E+9
858E+0	3.743694653498E+9	3.743694653498E+9
859E+0	3.743694653498E+9	3.743694653498E+9
860E+0	3.743694653498E+9	3.743694653498E+9
861E+0	3.743694653498E+9	3.743694653498E+9
862E+0	3.743694653498E+9	3.743694653498E+9
863E+0	3.743694653498E+9	3.743694653498E+9
864E+0	3.743694653498E+9	3.743694653498E+9
865E+0	3.743694653498E+9	3.743694653498E+9
866E+0	3.743694653498E+9	3.743694653498E+9
867E+0	3.743694653499E+9	3.743694653499E+9
868E+0	3.743694653499E+9	3.743694653499E+9
869E+0	3.743694653499E+9	3.743694653499E+9
870E+0	3.743694653499E+9	3.743694653499E+9
871E+0	3.743694653499E+9	3.743694653499E+9
872E+0	3.743694653499E+9	3.743694653499E+9
873E+0	3.743694653499E+9	3.743694653499E+9
874E+0	3.743694653499E+9	3.743694653499E+9
875E+0	3.743694653499E+9	3.743694653499E+9
876E+0	3.743694653499E+9	3.743694653499E+9
877E+0	3.743694653499E+9	3.743694653499E+9
878E+0	3.743694653499E+9	3.743694653499E+9
879E+0	3.743694653499E+9	3.743694653499E+9
880E+0	3.743694653499E+9	3.743694653499E+9
881E+0	3.743694653499E+9	3.743694653499E+9
882E+0	3.7436946535E+9	3.7436946535E+9
883E+0	3.7436946535E+9	3.7436946535E+9
884E+0	3.7436946535E+9	3.7436946535E+9
885E+0	3.7436946535E+9	3.7436946535E+9
886E+0	3.7436946535E+9	3.7436946535E+9
887E+0	3.7436946535E+9	3.7436946535E+9
888E+0	3.7436946535E+9	3.7436946535E+9
889E+0	3.7436946535E+9	3.7436946535E+9
890E+0	3.7436946535E+9	3.7436946535E+9
891E+0	3.7436946535E+9	3.7436946535E+9
892E+0	3.7436946535E+9	3.7436946535E+9
893E+0	3.743694653501E+9	3.743694653501E+9
894E+0	3.743694653501E+9	3.743694653501E+9
895E+0	3.743694653501E+9	3.743694653501E+9
896E+0	3.743694653501E+9	3.743694653501E+9
897E+0	3.743694653501E+9	3.743694653501E+9
898E+0	3.743694653501E+9	3.743694653501E+9
899E+0	3.743694653501E+9	3.743694653501E+9
900E+0	3.743694653501E+9	3.743694653501E+9
901E+0	3.743694653501E+9	3.743694653501E+9
902E+0	3.743694653501E+9	3.743694653501E+9
903E+0	3.743694653501E+9	3.743694653501E+9
904E+0	3.743694653501E+9	3.743694653501E+9
905E+0	3.743694653501E+9	3.743694653501E+9
906E+0	3.743694653501E+9	3.743694653501E+9
907E+0	3.743694653501E+9	3.743694653501E+9
908E+0	3.743694653501E+9	3.743694653501E+9
909E+0	3.743694653502E+9	3.743694653502E+9
910E+0	3.743694653502E+9	3.743694653502E+9
911E+0	3.743694653502E+9	3.743694653502E+9
912E+0	3.743694653502E+9	3.743694653502E+9
913E+0	3.743694653502E+9	3.743694653502E+9
914E+0	3.743694653502E+9	3.743694653502E+9
915E+0	3.743694653502E+9	3.743694653502E+9
916E+0	3.743694653502E+9	3.743694653502E+9
917E+0	3.743694653502E+9	3.743694653502E+9
918E+0	3.743694653502E+9	3.743694653502E+9
919E+0	3.743694653502E+9	3.743694653502E+9
920E+0	3.743694653502E+9	3.743694653502E+9
921E+0	3.743694653502E+9	3.743694653502E+9
922E+0	3.743694653502E+9	3.743694653502E+9
923E+0	3.743694653502E+9	3.743694653502E+9
924E+0	3.743694653502E+9	3.743694653502E+9
925E+0	3.743694653503E+9	3.743694653503E+9
926E+0	3.743694653503E+9	3.743694653503E+9
927E+0	3.743694653503E+9	3.743694653503E+9
928E+0	3.743694653503E+9	3.743694653503E+9
929E+0	3.743694653503E+9	3.743694653503E+9
930E+0	3.743694653503E+9	3.743694653503E+9
931E+0	3.743694653503E+9	3.743694653503E+9
932E+0	3.743694653503E+9	3.743694653503E+9
933E+0	3.743694653503E+9	3.743694653503E+9
934E+0	3.743694653503E+9	3.743694653503E+9
935E+0	3.743694653503E+9	3.743694653503E+9
936E+0	3.743694653503E+9	3.743694653503E+9
937E+0	3.743694653503E+9	3.743694653503E+9
938E+0	3.743694653503E+9	3.743694653503E+9
939E+0	3.743694653503E+9	3.743694653503E+9
940E+0	3.743694653503E+9	3.743694653503E+9
941E+0	3.743694653503E+9	3.743694653503E+9
942E+0	3.743694653504E+9	3.743694653504E+9
943E+0	3.743694653504E+9	3.743694653504E+9
944E+0	3.743694653504E+9	3.743694653504E+9
945E+0	3.743694653504E+9	3.743694653504E+9
946E+0	3.743694653504E+9	3.743694653504E+9
947E+0	3.743694653504E+9	3.743694653504E+9
948E+0	3.743694653504E+9	3.743694653504E+9
949E+0	3.743694653504E+9	3.743694653504E+9
950E+0	3.743694653504E+9	3.743694653504E+9
951E+0	3.743694653504E+9	3.743694653504E+9
952E+0	3.743694653504E+9	3.743694653504E+9
953E+0	3.743694653504E+9	3.743694653504E+9
954E+0	3.743694653504E+9	3.743694653504E+9
955E+0	3.743694653504E+9	3.743694653504E+9
956E+0	3.743694653504E+9	3.743694653504E+9
957E+0	3.743694653504E+9	3.743694653504E+9
958E+0	3.743694653504E+9	3.743694653504E+9
959E+0	3.743694653504E+9	3.743694653504E+9
960E+0	3.743694653504E+9	3.743694653504E+9
961E+0	3.743694653505E+9	3.743694653505E+9
962E+0	3.743694653505E+9	3.743694653505E+9
963E+0	3.743694653505E+9	3.743694653505E+9
964E+0	3.743694653505E+9	3.743694653505E+9
965E+0	3.743694653505E+9	3.743694653505E+9
966E+0	3.743694653505E+9	3.743694653505E+9
967E+0	3.743694653505E+9	3.743694653505E+9
968E+0	3.743694653505E+9	3.743694653505E+9
969E+0	3.743694653505E+9	3.743694653505E+9
970E+0	3.743694653505E+9	3.743694653505E+9
971E+0	3.743694653505E+9	3.743694653505E+9
972E+0	3.743694653505E+9	3.743694653505E+9
973E+0	3.743694653505E+9	3.743694653505E+9
974E+0	3.743694653505E+9	3.743694653505E+9
975E+0	3.743694653505E+9	3.743694653505E+9
976E+0	3.743694653505E+9	3.743694653505E+9
977E+0	3.743694653505E+9	3.743694653505E+9
978E+0	3.743694653505E+9	3.743694653505E+9
979E+0	3.743694653506E+9	3.743694653506E+9
980E+0	3.743694653506E+9	3.743694653506E+9
981E+0	3.743694653506E+9	3.743694653506E+9
982E+0	3.743694653506E+9	3.743694653506E+9
983E+0	3.743694653506E+9	3.743694653506E+9
984E+0	3.743694653506E+9	3.743694653506E+9
985E+0	3.743694653506E+9	3.743694653506E+9
986E+0	3.743694653506E+9	3.743694653506E+9
987E+0	3.743694653506E+9	3.743694653506E+9
988E+0	3.743694653506E+9	3.743694653506E+9
989E+0	3.743694653506E+9	3.743694653506E+9
990E+0	3.743694653506E+9	3.743694653506E+9
991E+0	3.743694653506E+9	3.743694653506E+9
992E+0	3.743694653506E+9	3.743694653506E+9
993E+0	3.743694653506E+9	3.743694653506E+9
994E+0	3.743694653506E+9	3.743694653506E+9
995E+0	3.743694653506E+9	3.743694653506E+9
996E+0	3.743694653506E+9	3.743694653506E+9
997E+0	3.743694653506E+9	3.743694653506E+9
998E+0	3.743694653507E+9	3.743694653507E+9
999E+0	3.743694653507E+9	3.743694653507E+9
1E+3	3.743694653507E+9	3.743694653507E+9
