#2022-04-11
#10:41:34
#Balayage par: iq-qfl
#Description Keyword: 
##Instrument: SympCCD@SymphonyCCD.lvclass; Function:AcqImage (Counts); Parameters: *BeforeWait(ms): 0;*AfterWait(ms): 0;  Lambda Factor: 0.00000; Lambda Source: Lambda@Triax320; Lambda Offset: 0.00000;Multiplier Source: GrooveRatio@Triax320; Multiplier Value: 0.00000; Y Bins: 5; X Start: 1; X End: 1024; Y Start: 1; Y End: 256; Integration Time(ms): 100; ADC1:  20 kHz Tab 1; Gain  2.0(x); Ccd Temp(degC): 23.408; Shutter Enable: True; Accumulation: 1; Noise Mode: Off; Noise Window Enabled: False; Window Width(ds): 1.000; Window Avg Samples: 1;
#SympCCD.XPixels               	SympCCD.Wavelenght(nm)        	SympCCD.Y Pix Row 1(Cnt)      	SympCCD.Y Pix Row 2(Cnt)      	SympCCD.Y Pix Row 3(Cnt)      	SympCCD.Y Pix Row 4(Cnt)      	SympCCD.Y Pix Row 5(Cnt)      
1E+0	NaN	1.187E+3	1.231E+3	1.278E+3	1.321E+3	1.39E+3
2E+0	NaN	1.176E+3	1.229E+3	1.27E+3	1.315E+3	1.361E+3
3E+0	NaN	1.19E+3	1.237E+3	1.278E+3	1.33E+3	1.38E+3
4E+0	NaN	1.181E+3	1.223E+3	1.281E+3	1.336E+3	1.371E+3
5E+0	NaN	1.182E+3	1.23E+3	1.29E+3	1.325E+3	1.379E+3
6E+0	NaN	1.18E+3	1.244E+3	1.276E+3	1.327E+3	1.37E+3
7E+0	NaN	1.187E+3	1.236E+3	1.277E+3	1.335E+3	1.38E+3
8E+0	NaN	1.187E+3	1.238E+3	1.292E+3	1.338E+3	1.382E+3
9E+0	NaN	1.194E+3	1.227E+3	1.28E+3	1.336E+3	1.386E+3
10E+0	NaN	1.191E+3	1.232E+3	1.281E+3	1.333E+3	1.374E+3
11E+0	NaN	1.191E+3	1.237E+3	1.286E+3	1.337E+3	1.376E+3
12E+0	NaN	1.186E+3	1.244E+3	1.279E+3	1.368E+3	1.388E+3
13E+0	NaN	1.188E+3	1.239E+3	1.288E+3	1.332E+3	1.382E+3
14E+0	NaN	1.179E+3	1.238E+3	1.28E+3	1.324E+3	1.384E+3
15E+0	NaN	1.185E+3	1.221E+3	1.271E+3	1.319E+3	1.368E+3
16E+0	NaN	1.171E+3	1.23E+3	1.279E+3	1.319E+3	1.366E+3
17E+0	NaN	1.187E+3	1.232E+3	1.274E+3	1.322E+3	1.375E+3
18E+0	NaN	1.185E+3	1.229E+3	1.275E+3	1.323E+3	1.385E+3
19E+0	NaN	1.186E+3	1.228E+3	1.284E+3	1.325E+3	1.379E+3
20E+0	NaN	1.179E+3	1.233E+3	1.275E+3	1.319E+3	1.381E+3
21E+0	NaN	1.181E+3	1.232E+3	1.276E+3	1.344E+3	1.382E+3
22E+0	NaN	1.183E+3	1.23E+3	1.286E+3	1.332E+3	1.378E+3
23E+0	NaN	1.184E+3	1.237E+3	1.293E+3	1.343E+3	1.373E+3
24E+0	NaN	1.201E+3	1.252E+3	1.283E+3	1.341E+3	1.398E+3
25E+0	NaN	1.193E+3	1.237E+3	1.279E+3	1.325E+3	1.372E+3
26E+0	NaN	1.186E+3	1.245E+3	1.29E+3	1.336E+3	1.385E+3
27E+0	NaN	1.184E+3	1.238E+3	1.284E+3	1.323E+3	1.368E+3
28E+0	NaN	1.191E+3	1.23E+3	1.282E+3	1.331E+3	1.388E+3
29E+0	NaN	1.194E+3	1.234E+3	1.286E+3	1.355E+3	1.384E+3
30E+0	NaN	1.18E+3	1.237E+3	1.287E+3	1.327E+3	1.372E+3
31E+0	NaN	1.193E+3	1.239E+3	1.29E+3	1.334E+3	1.383E+3
32E+0	NaN	1.176E+3	1.225E+3	1.278E+3	1.33E+3	1.376E+3
33E+0	NaN	1.18E+3	1.257E+3	1.283E+3	1.348E+3	1.378E+3
34E+0	NaN	1.177E+3	1.231E+3	1.284E+3	1.328E+3	1.373E+3
35E+0	NaN	1.178E+3	1.231E+3	1.279E+3	1.325E+3	1.37E+3
36E+0	NaN	1.189E+3	1.244E+3	1.294E+3	1.338E+3	1.382E+3
37E+0	NaN	1.184E+3	1.24E+3	1.293E+3	1.33E+3	1.382E+3
38E+0	NaN	1.189E+3	1.248E+3	1.299E+3	1.337E+3	1.382E+3
39E+0	NaN	1.191E+3	1.245E+3	1.289E+3	1.34E+3	1.388E+3
40E+0	NaN	1.179E+3	1.233E+3	1.282E+3	1.333E+3	1.371E+3
41E+0	NaN	1.193E+3	1.235E+3	1.285E+3	1.338E+3	1.387E+3
42E+0	NaN	1.18E+3	1.227E+3	1.282E+3	1.318E+3	1.38E+3
43E+0	NaN	1.179E+3	1.242E+3	1.287E+3	1.339E+3	1.388E+3
44E+0	NaN	1.198E+3	1.234E+3	1.288E+3	1.336E+3	1.382E+3
45E+0	NaN	1.175E+3	1.234E+3	1.278E+3	1.328E+3	1.365E+3
46E+0	NaN	1.186E+3	1.26E+3	1.32E+3	1.356E+3	1.405E+3
47E+0	NaN	1.188E+3	1.237E+3	1.281E+3	1.337E+3	1.382E+3
48E+0	NaN	1.18E+3	1.232E+3	1.29E+3	1.338E+3	1.382E+3
49E+0	NaN	1.183E+3	1.23E+3	1.27E+3	1.327E+3	1.378E+3
50E+0	NaN	1.196E+3	1.262E+3	1.294E+3	1.345E+3	1.388E+3
51E+0	NaN	1.209E+3	1.249E+3	1.293E+3	1.34E+3	1.383E+3
52E+0	NaN	1.174E+3	1.233E+3	1.283E+3	1.316E+3	1.37E+3
53E+0	NaN	1.179E+3	1.246E+3	1.399E+3	1.386E+3	1.446E+3
54E+0	NaN	1.18E+3	1.246E+3	1.288E+3	1.336E+3	1.379E+3
55E+0	NaN	1.187E+3	1.237E+3	1.281E+3	1.337E+3	1.385E+3
56E+0	NaN	1.185E+3	1.235E+3	1.282E+3	1.327E+3	1.372E+3
57E+0	NaN	1.184E+3	1.237E+3	1.298E+3	1.342E+3	1.383E+3
58E+0	NaN	1.181E+3	1.244E+3	1.288E+3	1.343E+3	1.384E+3
59E+0	NaN	1.188E+3	1.241E+3	1.289E+3	1.416E+3	1.415E+3
60E+0	NaN	1.181E+3	1.233E+3	1.282E+3	1.339E+3	1.38E+3
61E+0	NaN	1.185E+3	1.233E+3	1.283E+3	1.324E+3	1.372E+3
62E+0	NaN	1.178E+3	1.248E+3	1.284E+3	1.33E+3	1.379E+3
63E+0	NaN	1.19E+3	1.245E+3	1.286E+3	1.369E+3	1.393E+3
64E+0	NaN	1.179E+3	1.237E+3	1.286E+3	1.332E+3	1.363E+3
65E+0	NaN	1.186E+3	1.232E+3	1.281E+3	1.328E+3	1.368E+3
66E+0	NaN	1.19E+3	1.245E+3	1.288E+3	1.337E+3	1.38E+3
67E+0	NaN	1.179E+3	1.232E+3	1.279E+3	1.327E+3	1.377E+3
68E+0	NaN	1.182E+3	1.23E+3	1.315E+3	1.358E+3	1.397E+3
69E+0	NaN	1.179E+3	1.235E+3	1.286E+3	1.354E+3	1.385E+3
70E+0	NaN	1.183E+3	1.229E+3	1.28E+3	1.333E+3	1.369E+3
71E+0	NaN	1.185E+3	1.235E+3	1.282E+3	1.34E+3	1.37E+3
72E+0	NaN	1.188E+3	1.23E+3	1.297E+3	1.33E+3	1.386E+3
73E+0	NaN	1.183E+3	1.23E+3	1.277E+3	1.332E+3	1.373E+3
74E+0	NaN	1.174E+3	1.226E+3	1.278E+3	1.325E+3	1.368E+3
75E+0	NaN	1.185E+3	1.236E+3	1.285E+3	1.34E+3	1.364E+3
76E+0	NaN	1.179E+3	1.232E+3	1.281E+3	1.331E+3	1.381E+3
77E+0	NaN	1.181E+3	1.235E+3	1.286E+3	1.328E+3	1.376E+3
78E+0	NaN	1.186E+3	1.234E+3	1.29E+3	1.326E+3	1.37E+3
79E+0	NaN	1.178E+3	1.232E+3	1.282E+3	1.337E+3	1.373E+3
80E+0	NaN	1.183E+3	1.235E+3	1.288E+3	1.344E+3	1.383E+3
81E+0	NaN	1.185E+3	1.231E+3	1.282E+3	1.325E+3	1.372E+3
82E+0	NaN	1.184E+3	1.238E+3	1.302E+3	1.344E+3	1.412E+3
83E+0	NaN	1.181E+3	1.223E+3	1.296E+3	1.323E+3	1.379E+3
84E+0	NaN	1.177E+3	1.228E+3	1.284E+3	1.34E+3	1.374E+3
85E+0	NaN	1.181E+3	1.23E+3	1.276E+3	1.325E+3	1.377E+3
86E+0	NaN	1.184E+3	1.24E+3	1.291E+3	1.336E+3	1.366E+3
87E+0	NaN	1.183E+3	1.232E+3	1.29E+3	1.334E+3	1.38E+3
88E+0	NaN	1.184E+3	1.236E+3	1.283E+3	1.329E+3	1.377E+3
89E+0	NaN	1.185E+3	1.231E+3	1.287E+3	1.328E+3	1.376E+3
90E+0	NaN	1.18E+3	1.241E+3	1.281E+3	1.313E+3	1.373E+3
91E+0	NaN	1.183E+3	1.232E+3	1.278E+3	1.337E+3	1.382E+3
92E+0	NaN	1.174E+3	1.231E+3	1.274E+3	1.326E+3	1.376E+3
93E+0	NaN	1.181E+3	1.239E+3	1.308E+3	1.332E+3	1.376E+3
94E+0	NaN	1.182E+3	1.228E+3	1.271E+3	1.335E+3	1.373E+3
95E+0	NaN	1.184E+3	1.23E+3	1.281E+3	1.325E+3	1.382E+3
96E+0	NaN	1.183E+3	1.239E+3	1.303E+3	1.328E+3	1.395E+3
97E+0	NaN	1.184E+3	1.24E+3	1.284E+3	1.331E+3	1.377E+3
98E+0	NaN	1.182E+3	1.242E+3	1.287E+3	1.322E+3	1.379E+3
99E+0	NaN	1.189E+3	1.233E+3	1.279E+3	1.339E+3	1.369E+3
100E+0	NaN	1.186E+3	1.24E+3	1.299E+3	1.331E+3	1.394E+3
101E+0	NaN	1.176E+3	1.245E+3	1.292E+3	1.337E+3	1.383E+3
102E+0	NaN	1.187E+3	1.231E+3	1.282E+3	1.336E+3	1.384E+3
103E+0	NaN	1.182E+3	1.239E+3	1.285E+3	1.339E+3	1.383E+3
104E+0	NaN	1.186E+3	1.247E+3	1.284E+3	1.349E+3	1.389E+3
105E+0	NaN	1.184E+3	1.236E+3	1.284E+3	1.338E+3	1.387E+3
106E+0	NaN	1.174E+3	1.225E+3	1.272E+3	1.331E+3	1.38E+3
107E+0	NaN	1.18E+3	1.241E+3	1.286E+3	1.34E+3	1.384E+3
108E+0	NaN	1.192E+3	1.245E+3	1.281E+3	1.328E+3	1.381E+3
109E+0	NaN	1.184E+3	1.233E+3	1.285E+3	1.334E+3	1.379E+3
110E+0	NaN	1.187E+3	1.237E+3	1.282E+3	1.322E+3	1.37E+3
111E+0	NaN	1.188E+3	1.237E+3	1.285E+3	1.347E+3	1.385E+3
112E+0	NaN	1.18E+3	1.24E+3	1.279E+3	1.339E+3	1.372E+3
113E+0	NaN	1.19E+3	1.237E+3	1.289E+3	1.34E+3	1.383E+3
114E+0	NaN	1.181E+3	1.233E+3	1.279E+3	1.327E+3	1.38E+3
115E+0	NaN	1.185E+3	1.233E+3	1.286E+3	1.364E+3	1.397E+3
116E+0	NaN	1.182E+3	1.234E+3	1.292E+3	1.336E+3	1.37E+3
117E+0	NaN	1.188E+3	1.234E+3	1.287E+3	1.341E+3	1.381E+3
118E+0	NaN	1.184E+3	1.24E+3	1.288E+3	1.342E+3	1.389E+3
119E+0	NaN	1.193E+3	1.241E+3	1.286E+3	1.335E+3	1.388E+3
120E+0	NaN	1.18E+3	1.23E+3	1.284E+3	1.324E+3	1.369E+3
121E+0	NaN	1.178E+3	1.232E+3	1.29E+3	1.332E+3	1.366E+3
122E+0	NaN	1.185E+3	1.233E+3	1.281E+3	1.325E+3	1.379E+3
123E+0	NaN	1.183E+3	1.229E+3	1.286E+3	1.336E+3	1.383E+3
124E+0	NaN	1.188E+3	1.249E+3	1.3E+3	1.354E+3	1.385E+3
125E+0	NaN	1.192E+3	1.235E+3	1.282E+3	1.336E+3	1.38E+3
126E+0	NaN	1.182E+3	1.262E+3	1.304E+3	1.35E+3	1.386E+3
127E+0	NaN	1.188E+3	1.239E+3	1.278E+3	1.331E+3	1.366E+3
128E+0	NaN	1.188E+3	1.236E+3	1.29E+3	1.335E+3	1.386E+3
129E+0	NaN	1.193E+3	1.246E+3	1.292E+3	1.334E+3	1.392E+3
130E+0	NaN	1.188E+3	1.241E+3	1.287E+3	1.344E+3	1.393E+3
131E+0	NaN	1.179E+3	1.233E+3	1.282E+3	1.327E+3	1.373E+3
132E+0	NaN	1.187E+3	1.235E+3	1.28E+3	1.339E+3	1.398E+3
133E+0	NaN	1.178E+3	1.226E+3	1.284E+3	1.326E+3	1.377E+3
134E+0	NaN	1.191E+3	1.243E+3	1.292E+3	1.339E+3	1.388E+3
135E+0	NaN	1.188E+3	1.238E+3	1.282E+3	1.348E+3	1.379E+3
136E+0	NaN	1.183E+3	1.237E+3	1.281E+3	1.33E+3	1.381E+3
137E+0	NaN	1.188E+3	1.239E+3	1.285E+3	1.333E+3	1.376E+3
138E+0	NaN	1.187E+3	1.251E+3	1.289E+3	1.347E+3	1.383E+3
139E+0	NaN	1.186E+3	1.239E+3	1.284E+3	1.331E+3	1.384E+3
140E+0	NaN	1.176E+3	1.232E+3	1.29E+3	1.345E+3	1.388E+3
141E+0	NaN	1.183E+3	1.234E+3	1.283E+3	1.341E+3	1.383E+3
142E+0	NaN	1.182E+3	1.235E+3	1.274E+3	1.337E+3	1.384E+3
143E+0	NaN	1.201E+3	1.241E+3	1.303E+3	1.344E+3	1.382E+3
144E+0	NaN	1.196E+3	1.241E+3	1.287E+3	1.347E+3	1.384E+3
145E+0	NaN	1.184E+3	1.234E+3	1.296E+3	1.337E+3	1.382E+3
146E+0	NaN	1.186E+3	1.23E+3	1.28E+3	1.338E+3	1.379E+3
147E+0	NaN	1.18E+3	1.232E+3	1.277E+3	1.332E+3	1.358E+3
148E+0	NaN	1.181E+3	1.239E+3	1.294E+3	1.342E+3	1.407E+3
149E+0	NaN	1.18E+3	1.24E+3	1.296E+3	1.326E+3	1.373E+3
150E+0	NaN	1.188E+3	1.235E+3	1.288E+3	1.348E+3	1.396E+3
151E+0	NaN	1.182E+3	1.234E+3	1.292E+3	1.339E+3	1.38E+3
152E+0	NaN	1.186E+3	1.238E+3	1.292E+3	1.328E+3	1.39E+3
153E+0	NaN	1.181E+3	1.229E+3	1.283E+3	1.339E+3	1.373E+3
154E+0	NaN	1.189E+3	1.234E+3	1.297E+3	1.342E+3	1.39E+3
155E+0	NaN	1.189E+3	1.234E+3	1.278E+3	1.327E+3	1.377E+3
156E+0	NaN	1.189E+3	1.244E+3	1.292E+3	1.346E+3	1.387E+3
157E+0	NaN	1.187E+3	1.238E+3	1.288E+3	1.341E+3	1.387E+3
158E+0	NaN	1.183E+3	1.238E+3	1.295E+3	1.34E+3	1.38E+3
159E+0	NaN	1.18E+3	1.23E+3	1.277E+3	1.33E+3	1.379E+3
160E+0	NaN	1.174E+3	1.234E+3	1.283E+3	1.336E+3	1.382E+3
161E+0	NaN	1.188E+3	1.233E+3	1.281E+3	1.348E+3	1.382E+3
162E+0	NaN	1.183E+3	1.24E+3	1.285E+3	1.33E+3	1.383E+3
163E+0	NaN	1.187E+3	1.238E+3	1.298E+3	1.338E+3	1.391E+3
164E+0	NaN	1.18E+3	1.231E+3	1.279E+3	1.329E+3	1.369E+3
165E+0	NaN	1.178E+3	1.228E+3	1.271E+3	1.319E+3	1.364E+3
166E+0	NaN	1.187E+3	1.229E+3	1.286E+3	1.335E+3	1.381E+3
167E+0	NaN	1.18E+3	1.23E+3	1.277E+3	1.342E+3	1.381E+3
168E+0	NaN	1.188E+3	1.233E+3	1.282E+3	1.346E+3	1.376E+3
169E+0	NaN	1.187E+3	1.226E+3	1.284E+3	1.33E+3	1.38E+3
170E+0	NaN	1.201E+3	1.272E+3	1.311E+3	1.363E+3	1.407E+3
171E+0	NaN	1.181E+3	1.272E+3	1.288E+3	1.34E+3	1.397E+3
172E+0	NaN	1.194E+3	1.234E+3	1.282E+3	1.339E+3	1.39E+3
173E+0	NaN	1.181E+3	1.232E+3	1.28E+3	1.333E+3	1.388E+3
174E+0	NaN	1.187E+3	1.236E+3	1.293E+3	1.352E+3	1.395E+3
175E+0	NaN	1.181E+3	1.24E+3	1.29E+3	1.338E+3	1.384E+3
176E+0	NaN	1.188E+3	1.234E+3	1.279E+3	1.342E+3	1.389E+3
177E+0	NaN	1.187E+3	1.271E+3	1.305E+3	1.344E+3	1.392E+3
178E+0	NaN	1.192E+3	1.237E+3	1.292E+3	1.337E+3	1.388E+3
179E+0	NaN	1.183E+3	1.235E+3	1.29E+3	1.329E+3	1.388E+3
180E+0	NaN	1.184E+3	1.23E+3	1.274E+3	1.329E+3	1.377E+3
181E+0	NaN	1.187E+3	1.233E+3	1.29E+3	1.337E+3	1.393E+3
182E+0	NaN	1.178E+3	1.233E+3	1.286E+3	1.328E+3	1.384E+3
183E+0	NaN	1.183E+3	1.242E+3	1.29E+3	1.335E+3	1.392E+3
184E+0	NaN	1.18E+3	1.229E+3	1.278E+3	1.332E+3	1.379E+3
185E+0	NaN	1.192E+3	1.244E+3	1.289E+3	1.336E+3	1.385E+3
186E+0	NaN	1.191E+3	1.233E+3	1.281E+3	1.336E+3	1.38E+3
187E+0	NaN	1.184E+3	1.234E+3	1.286E+3	1.324E+3	1.376E+3
188E+0	NaN	1.182E+3	1.239E+3	1.297E+3	1.336E+3	1.397E+3
189E+0	NaN	1.208E+3	1.243E+3	1.297E+3	1.349E+3	1.395E+3
190E+0	NaN	1.183E+3	1.241E+3	1.286E+3	1.337E+3	1.382E+3
191E+0	NaN	1.187E+3	1.238E+3	1.295E+3	1.339E+3	1.388E+3
192E+0	NaN	1.185E+3	1.24E+3	1.287E+3	1.324E+3	1.377E+3
193E+0	NaN	1.186E+3	1.241E+3	1.297E+3	1.328E+3	1.38E+3
194E+0	NaN	1.178E+3	1.234E+3	1.274E+3	1.334E+3	1.377E+3
195E+0	NaN	1.179E+3	1.231E+3	1.281E+3	1.343E+3	1.379E+3
196E+0	NaN	1.187E+3	1.239E+3	1.293E+3	1.335E+3	1.376E+3
197E+0	NaN	1.185E+3	1.242E+3	1.293E+3	1.333E+3	1.392E+3
198E+0	NaN	1.216E+3	1.262E+3	1.302E+3	1.345E+3	1.394E+3
199E+0	NaN	1.194E+3	1.24E+3	1.309E+3	1.337E+3	1.376E+3
200E+0	NaN	1.186E+3	1.246E+3	1.293E+3	1.342E+3	1.377E+3
201E+0	NaN	1.185E+3	1.228E+3	1.28E+3	1.325E+3	1.374E+3
202E+0	NaN	1.183E+3	1.232E+3	1.289E+3	1.333E+3	1.385E+3
203E+0	NaN	1.189E+3	1.226E+3	1.287E+3	1.335E+3	1.39E+3
204E+0	NaN	1.222E+3	1.261E+3	1.314E+3	1.357E+3	1.41E+3
205E+0	NaN	1.187E+3	1.249E+3	1.297E+3	1.353E+3	1.387E+3
206E+0	NaN	1.196E+3	1.243E+3	1.305E+3	1.345E+3	1.384E+3
207E+0	NaN	1.186E+3	1.235E+3	1.295E+3	1.338E+3	1.384E+3
208E+0	NaN	1.184E+3	1.238E+3	1.288E+3	1.341E+3	1.394E+3
209E+0	NaN	1.185E+3	1.233E+3	1.283E+3	1.333E+3	1.384E+3
210E+0	NaN	1.189E+3	1.251E+3	1.31E+3	1.352E+3	1.387E+3
211E+0	NaN	1.188E+3	1.234E+3	1.286E+3	1.337E+3	1.378E+3
212E+0	NaN	1.197E+3	1.242E+3	1.301E+3	1.343E+3	1.394E+3
213E+0	NaN	1.18E+3	1.23E+3	1.292E+3	1.334E+3	1.386E+3
214E+0	NaN	1.193E+3	1.243E+3	1.295E+3	1.337E+3	1.387E+3
215E+0	NaN	1.186E+3	1.228E+3	1.285E+3	1.339E+3	1.388E+3
216E+0	NaN	1.203E+3	1.243E+3	1.296E+3	1.35E+3	1.396E+3
217E+0	NaN	1.184E+3	1.243E+3	1.289E+3	1.337E+3	1.378E+3
218E+0	NaN	1.18E+3	1.242E+3	1.278E+3	1.336E+3	1.377E+3
219E+0	NaN	1.183E+3	1.238E+3	1.286E+3	1.349E+3	1.387E+3
220E+0	NaN	1.187E+3	1.242E+3	1.294E+3	1.333E+3	1.381E+3
221E+0	NaN	1.186E+3	1.234E+3	1.274E+3	1.327E+3	1.373E+3
222E+0	NaN	1.192E+3	1.238E+3	1.296E+3	1.346E+3	1.401E+3
223E+0	NaN	1.189E+3	1.243E+3	1.28E+3	1.334E+3	1.389E+3
224E+0	NaN	1.193E+3	1.25E+3	1.297E+3	1.339E+3	1.378E+3
225E+0	NaN	1.176E+3	1.236E+3	1.285E+3	1.33E+3	1.366E+3
226E+0	NaN	1.185E+3	1.244E+3	1.295E+3	1.344E+3	1.385E+3
227E+0	NaN	1.194E+3	1.235E+3	1.285E+3	1.326E+3	1.381E+3
228E+0	NaN	1.191E+3	1.254E+3	1.293E+3	1.339E+3	1.388E+3
229E+0	NaN	1.174E+3	1.241E+3	1.286E+3	1.343E+3	1.375E+3
230E+0	NaN	1.191E+3	1.236E+3	1.288E+3	1.347E+3	1.393E+3
231E+0	NaN	1.193E+3	1.235E+3	1.289E+3	1.332E+3	1.378E+3
232E+0	NaN	1.188E+3	1.24E+3	1.288E+3	1.332E+3	1.39E+3
233E+0	NaN	1.192E+3	1.255E+3	1.288E+3	1.35E+3	1.401E+3
234E+0	NaN	1.181E+3	1.233E+3	1.279E+3	1.318E+3	1.379E+3
235E+0	NaN	1.184E+3	1.241E+3	1.29E+3	1.341E+3	1.382E+3
236E+0	NaN	1.182E+3	1.241E+3	1.301E+3	1.338E+3	1.373E+3
237E+0	NaN	1.191E+3	1.24E+3	1.286E+3	1.341E+3	1.392E+3
238E+0	NaN	1.183E+3	1.238E+3	1.28E+3	1.325E+3	1.385E+3
239E+0	NaN	1.184E+3	1.256E+3	1.289E+3	1.341E+3	1.376E+3
240E+0	NaN	1.188E+3	1.241E+3	1.302E+3	1.353E+3	1.387E+3
241E+0	NaN	1.179E+3	1.239E+3	1.285E+3	1.337E+3	1.372E+3
242E+0	NaN	1.179E+3	1.225E+3	1.278E+3	1.328E+3	1.368E+3
243E+0	NaN	1.189E+3	1.3E+3	1.321E+3	1.373E+3	1.409E+3
244E+0	NaN	1.187E+3	1.245E+3	1.289E+3	1.344E+3	1.383E+3
245E+0	NaN	1.193E+3	1.242E+3	1.29E+3	1.343E+3	1.381E+3
246E+0	NaN	1.18E+3	1.237E+3	1.286E+3	1.34E+3	1.377E+3
247E+0	NaN	1.189E+3	1.246E+3	1.301E+3	1.334E+3	1.389E+3
248E+0	NaN	1.185E+3	1.228E+3	1.284E+3	1.332E+3	1.376E+3
249E+0	NaN	1.187E+3	1.241E+3	1.318E+3	1.349E+3	1.407E+3
250E+0	NaN	1.189E+3	1.243E+3	1.295E+3	1.34E+3	1.377E+3
251E+0	NaN	1.183E+3	1.239E+3	1.293E+3	1.333E+3	1.388E+3
252E+0	NaN	1.188E+3	1.237E+3	1.288E+3	1.333E+3	1.391E+3
253E+0	NaN	1.181E+3	1.236E+3	1.276E+3	1.342E+3	1.388E+3
254E+0	NaN	1.18E+3	1.226E+3	1.29E+3	1.326E+3	1.377E+3
255E+0	NaN	1.183E+3	1.234E+3	1.284E+3	1.343E+3	1.39E+3
256E+0	NaN	1.188E+3	1.232E+3	1.275E+3	1.336E+3	1.38E+3
257E+0	NaN	1.177E+3	1.231E+3	1.286E+3	1.323E+3	1.369E+3
258E+0	NaN	1.185E+3	1.243E+3	1.288E+3	1.35E+3	1.392E+3
259E+0	NaN	1.187E+3	1.24E+3	1.285E+3	1.348E+3	1.384E+3
260E+0	NaN	1.188E+3	1.241E+3	1.299E+3	1.341E+3	1.385E+3
261E+0	NaN	1.191E+3	1.239E+3	1.295E+3	1.337E+3	1.39E+3
262E+0	NaN	1.181E+3	1.24E+3	1.291E+3	1.353E+3	1.394E+3
263E+0	NaN	1.184E+3	1.241E+3	1.283E+3	1.326E+3	1.38E+3
264E+0	NaN	1.179E+3	1.233E+3	1.282E+3	1.334E+3	1.376E+3
265E+0	NaN	1.192E+3	1.249E+3	1.302E+3	1.335E+3	1.419E+3
266E+0	NaN	1.184E+3	1.238E+3	1.286E+3	1.343E+3	1.384E+3
267E+0	NaN	1.18E+3	1.242E+3	1.281E+3	1.329E+3	1.378E+3
268E+0	NaN	1.185E+3	1.245E+3	1.293E+3	1.349E+3	1.389E+3
269E+0	NaN	1.186E+3	1.245E+3	1.292E+3	1.35E+3	1.386E+3
270E+0	NaN	1.188E+3	1.238E+3	1.295E+3	1.348E+3	1.391E+3
271E+0	NaN	1.184E+3	1.235E+3	1.284E+3	1.32E+3	1.374E+3
272E+0	NaN	1.188E+3	1.252E+3	1.296E+3	1.344E+3	1.39E+3
273E+0	NaN	1.18E+3	1.242E+3	1.289E+3	1.346E+3	1.388E+3
274E+0	NaN	1.201E+3	1.237E+3	1.291E+3	1.342E+3	1.387E+3
275E+0	NaN	1.189E+3	1.248E+3	1.29E+3	1.341E+3	1.382E+3
276E+0	NaN	1.184E+3	1.239E+3	1.278E+3	1.338E+3	1.375E+3
277E+0	NaN	1.186E+3	1.24E+3	1.299E+3	1.345E+3	1.385E+3
278E+0	NaN	1.177E+3	1.235E+3	1.28E+3	1.335E+3	1.385E+3
279E+0	NaN	1.221E+3	1.257E+3	1.307E+3	1.36E+3	1.404E+3
280E+0	NaN	1.182E+3	1.241E+3	1.295E+3	1.337E+3	1.39E+3
281E+0	NaN	1.169E+3	1.232E+3	1.288E+3	1.337E+3	1.378E+3
282E+0	NaN	1.194E+3	1.257E+3	1.294E+3	1.343E+3	1.401E+3
283E+0	NaN	1.182E+3	1.24E+3	1.285E+3	1.331E+3	1.417E+3
284E+0	NaN	1.188E+3	1.232E+3	1.287E+3	1.342E+3	1.378E+3
285E+0	NaN	1.173E+3	1.225E+3	1.285E+3	1.339E+3	1.379E+3
286E+0	NaN	1.183E+3	1.234E+3	1.294E+3	1.34E+3	1.397E+3
287E+0	NaN	1.179E+3	1.242E+3	1.297E+3	1.344E+3	1.402E+3
288E+0	NaN	1.185E+3	1.239E+3	1.282E+3	1.339E+3	1.383E+3
289E+0	NaN	1.185E+3	1.24E+3	1.296E+3	1.335E+3	1.389E+3
290E+0	NaN	1.186E+3	1.232E+3	1.285E+3	1.332E+3	1.376E+3
291E+0	NaN	1.196E+3	1.246E+3	1.295E+3	1.353E+3	1.386E+3
292E+0	NaN	1.175E+3	1.239E+3	1.28E+3	1.336E+3	1.38E+3
293E+0	NaN	1.188E+3	1.239E+3	1.275E+3	1.339E+3	1.38E+3
294E+0	NaN	1.186E+3	1.242E+3	1.294E+3	1.349E+3	1.398E+3
295E+0	NaN	1.177E+3	1.233E+3	1.301E+3	1.337E+3	1.383E+3
296E+0	NaN	1.199E+3	1.251E+3	1.301E+3	1.352E+3	1.391E+3
297E+0	NaN	1.193E+3	1.239E+3	1.292E+3	1.343E+3	1.381E+3
298E+0	NaN	1.189E+3	1.237E+3	1.33E+3	1.382E+3	1.43E+3
299E+0	NaN	1.179E+3	1.243E+3	1.308E+3	1.353E+3	1.385E+3
300E+0	NaN	1.189E+3	1.245E+3	1.289E+3	1.349E+3	1.391E+3
301E+0	NaN	1.193E+3	1.232E+3	1.289E+3	1.348E+3	1.388E+3
302E+0	NaN	1.186E+3	1.239E+3	1.284E+3	1.335E+3	1.384E+3
303E+0	NaN	1.184E+3	1.235E+3	1.277E+3	1.35E+3	1.39E+3
304E+0	NaN	1.185E+3	1.255E+3	1.287E+3	1.343E+3	1.385E+3
305E+0	NaN	1.19E+3	1.237E+3	1.286E+3	1.336E+3	1.387E+3
306E+0	NaN	1.182E+3	1.24E+3	1.283E+3	1.356E+3	1.394E+3
307E+0	NaN	1.185E+3	1.245E+3	1.284E+3	1.328E+3	1.376E+3
308E+0	NaN	1.186E+3	1.241E+3	1.281E+3	1.34E+3	1.384E+3
309E+0	NaN	1.193E+3	1.237E+3	1.329E+3	1.362E+3	1.413E+3
310E+0	NaN	1.186E+3	1.238E+3	1.293E+3	1.346E+3	1.394E+3
311E+0	NaN	1.182E+3	1.238E+3	1.284E+3	1.326E+3	1.393E+3
312E+0	NaN	1.187E+3	1.235E+3	1.283E+3	1.326E+3	1.368E+3
313E+0	NaN	1.196E+3	1.245E+3	1.288E+3	1.347E+3	1.39E+3
314E+0	NaN	1.18E+3	1.236E+3	1.287E+3	1.339E+3	1.382E+3
315E+0	NaN	1.191E+3	1.241E+3	1.296E+3	1.341E+3	1.389E+3
316E+0	NaN	1.2E+3	1.257E+3	1.297E+3	1.363E+3	1.39E+3
317E+0	NaN	1.192E+3	1.24E+3	1.284E+3	1.346E+3	1.391E+3
318E+0	NaN	1.184E+3	1.239E+3	1.285E+3	1.333E+3	1.393E+3
319E+0	NaN	1.184E+3	1.251E+3	1.3E+3	1.345E+3	1.391E+3
320E+0	NaN	1.193E+3	1.246E+3	1.288E+3	1.346E+3	1.386E+3
321E+0	NaN	1.195E+3	1.239E+3	1.287E+3	1.341E+3	1.386E+3
322E+0	NaN	1.177E+3	1.233E+3	1.282E+3	1.333E+3	1.379E+3
323E+0	NaN	1.187E+3	1.241E+3	1.292E+3	1.333E+3	1.386E+3
324E+0	NaN	1.186E+3	1.237E+3	1.281E+3	1.338E+3	1.399E+3
325E+0	NaN	1.183E+3	1.238E+3	1.282E+3	1.344E+3	1.389E+3
326E+0	NaN	1.184E+3	1.241E+3	1.286E+3	1.338E+3	1.381E+3
327E+0	NaN	1.196E+3	1.251E+3	1.297E+3	1.351E+3	1.405E+3
328E+0	NaN	1.189E+3	1.225E+3	1.284E+3	1.336E+3	1.376E+3
329E+0	NaN	1.185E+3	1.243E+3	1.293E+3	1.347E+3	1.385E+3
330E+0	NaN	1.206E+3	1.246E+3	1.289E+3	1.357E+3	1.407E+3
331E+0	NaN	1.187E+3	1.244E+3	1.297E+3	1.356E+3	1.392E+3
332E+0	NaN	1.192E+3	1.249E+3	1.297E+3	1.335E+3	1.379E+3
333E+0	NaN	1.182E+3	1.245E+3	1.289E+3	1.335E+3	1.384E+3
334E+0	NaN	1.184E+3	1.242E+3	1.288E+3	1.351E+3	1.399E+3
335E+0	NaN	1.193E+3	1.252E+3	1.293E+3	1.354E+3	1.392E+3
336E+0	NaN	1.184E+3	1.241E+3	1.295E+3	1.344E+3	1.386E+3
337E+0	NaN	1.19E+3	1.256E+3	1.293E+3	1.353E+3	1.393E+3
338E+0	NaN	1.188E+3	1.247E+3	1.292E+3	1.347E+3	1.388E+3
339E+0	NaN	1.189E+3	1.237E+3	1.291E+3	1.336E+3	1.401E+3
340E+0	NaN	1.188E+3	1.244E+3	1.296E+3	1.348E+3	1.391E+3
341E+0	NaN	1.193E+3	1.236E+3	1.286E+3	1.34E+3	1.378E+3
342E+0	NaN	1.188E+3	1.234E+3	1.279E+3	1.326E+3	1.375E+3
343E+0	NaN	1.192E+3	1.246E+3	1.304E+3	1.345E+3	1.39E+3
344E+0	NaN	1.19E+3	1.238E+3	1.286E+3	1.343E+3	1.38E+3
345E+0	NaN	1.186E+3	1.236E+3	1.295E+3	1.34E+3	1.404E+3
346E+0	NaN	1.194E+3	1.25E+3	1.29E+3	1.336E+3	1.395E+3
347E+0	NaN	1.2E+3	1.266E+3	1.311E+3	1.356E+3	1.403E+3
348E+0	NaN	1.183E+3	1.238E+3	1.297E+3	1.354E+3	1.387E+3
349E+0	NaN	1.19E+3	1.247E+3	1.298E+3	1.356E+3	1.399E+3
350E+0	NaN	1.186E+3	1.243E+3	1.286E+3	1.337E+3	1.384E+3
351E+0	NaN	1.189E+3	1.246E+3	1.298E+3	1.342E+3	1.378E+3
352E+0	NaN	1.188E+3	1.24E+3	1.288E+3	1.369E+3	1.403E+3
353E+0	NaN	1.186E+3	1.242E+3	1.289E+3	1.342E+3	1.395E+3
354E+0	NaN	1.185E+3	1.242E+3	1.294E+3	1.347E+3	1.4E+3
355E+0	NaN	1.184E+3	1.25E+3	1.291E+3	1.344E+3	1.398E+3
356E+0	NaN	1.189E+3	1.238E+3	1.288E+3	1.332E+3	1.384E+3
357E+0	NaN	1.192E+3	1.241E+3	1.292E+3	1.349E+3	1.396E+3
358E+0	NaN	1.182E+3	1.25E+3	1.298E+3	1.342E+3	1.394E+3
359E+0	NaN	1.188E+3	1.239E+3	1.287E+3	1.338E+3	1.383E+3
360E+0	NaN	1.187E+3	1.24E+3	1.286E+3	1.334E+3	1.38E+3
361E+0	NaN	1.189E+3	1.25E+3	1.299E+3	1.351E+3	1.388E+3
362E+0	NaN	1.197E+3	1.251E+3	1.299E+3	1.355E+3	1.401E+3
363E+0	NaN	1.186E+3	1.239E+3	1.308E+3	1.346E+3	1.399E+3
364E+0	NaN	1.183E+3	1.24E+3	1.289E+3	1.341E+3	1.39E+3
365E+0	NaN	1.199E+3	1.247E+3	1.287E+3	1.338E+3	1.389E+3
366E+0	NaN	1.193E+3	1.24E+3	1.308E+3	1.349E+3	1.396E+3
367E+0	NaN	1.189E+3	1.241E+3	1.287E+3	1.33E+3	1.39E+3
368E+0	NaN	1.186E+3	1.252E+3	1.299E+3	1.332E+3	1.387E+3
369E+0	NaN	1.187E+3	1.242E+3	1.298E+3	1.361E+3	1.394E+3
370E+0	NaN	1.185E+3	1.243E+3	1.289E+3	1.332E+3	1.377E+3
371E+0	NaN	1.19E+3	1.248E+3	1.295E+3	1.422E+3	1.431E+3
372E+0	NaN	1.188E+3	1.245E+3	1.303E+3	1.351E+3	1.403E+3
373E+0	NaN	1.187E+3	1.243E+3	1.296E+3	1.345E+3	1.403E+3
374E+0	NaN	1.187E+3	1.243E+3	1.289E+3	1.34E+3	1.382E+3
375E+0	NaN	1.192E+3	1.246E+3	1.296E+3	1.341E+3	1.389E+3
376E+0	NaN	1.188E+3	1.242E+3	1.294E+3	1.347E+3	1.391E+3
377E+0	NaN	1.179E+3	1.229E+3	1.277E+3	1.332E+3	1.386E+3
378E+0	NaN	1.185E+3	1.252E+3	1.28E+3	1.348E+3	1.388E+3
379E+0	NaN	1.177E+3	1.239E+3	1.291E+3	1.34E+3	1.394E+3
380E+0	NaN	1.175E+3	1.235E+3	1.284E+3	1.33E+3	1.388E+3
381E+0	NaN	1.184E+3	1.243E+3	1.292E+3	1.334E+3	1.379E+3
382E+0	NaN	1.188E+3	1.235E+3	1.285E+3	1.329E+3	1.377E+3
383E+0	NaN	1.189E+3	1.246E+3	1.293E+3	1.335E+3	1.387E+3
384E+0	NaN	1.192E+3	1.252E+3	1.296E+3	1.333E+3	1.387E+3
385E+0	NaN	1.186E+3	1.241E+3	1.293E+3	1.336E+3	1.38E+3
386E+0	NaN	1.185E+3	1.24E+3	1.304E+3	1.333E+3	1.385E+3
387E+0	NaN	1.26E+3	1.281E+3	1.325E+3	1.365E+3	1.425E+3
388E+0	NaN	1.175E+3	1.245E+3	1.285E+3	1.337E+3	1.383E+3
389E+0	NaN	1.193E+3	1.288E+3	1.309E+3	1.368E+3	1.411E+3
390E+0	NaN	1.189E+3	1.231E+3	1.286E+3	1.333E+3	1.378E+3
391E+0	NaN	1.191E+3	1.233E+3	1.292E+3	1.341E+3	1.384E+3
392E+0	NaN	1.187E+3	1.254E+3	1.289E+3	1.336E+3	1.395E+3
393E+0	NaN	1.187E+3	1.242E+3	1.287E+3	1.35E+3	1.383E+3
394E+0	NaN	1.185E+3	1.248E+3	1.305E+3	1.352E+3	1.392E+3
395E+0	NaN	1.255E+3	1.275E+3	1.325E+3	1.386E+3	1.427E+3
396E+0	NaN	1.185E+3	1.238E+3	1.294E+3	1.345E+3	1.38E+3
397E+0	NaN	1.183E+3	1.248E+3	1.296E+3	1.339E+3	1.395E+3
398E+0	NaN	1.199E+3	1.246E+3	1.28E+3	1.34E+3	1.389E+3
399E+0	NaN	1.198E+3	1.238E+3	1.288E+3	1.35E+3	1.402E+3
400E+0	NaN	1.188E+3	1.247E+3	1.297E+3	1.343E+3	1.398E+3
401E+0	NaN	1.192E+3	1.237E+3	1.284E+3	1.327E+3	1.38E+3
402E+0	NaN	1.193E+3	1.243E+3	1.292E+3	1.353E+3	1.396E+3
403E+0	NaN	1.195E+3	1.243E+3	1.298E+3	1.342E+3	1.384E+3
404E+0	NaN	1.196E+3	1.247E+3	1.294E+3	1.343E+3	1.4E+3
405E+0	NaN	1.187E+3	1.242E+3	1.288E+3	1.339E+3	1.387E+3
406E+0	NaN	1.188E+3	1.244E+3	1.302E+3	1.346E+3	1.39E+3
407E+0	NaN	1.196E+3	1.246E+3	1.296E+3	1.343E+3	1.398E+3
408E+0	NaN	1.205E+3	1.252E+3	1.294E+3	1.345E+3	1.389E+3
409E+0	NaN	1.2E+3	1.26E+3	1.292E+3	1.346E+3	1.388E+3
410E+0	NaN	1.185E+3	1.232E+3	1.298E+3	1.341E+3	1.386E+3
411E+0	NaN	1.193E+3	1.25E+3	1.303E+3	1.352E+3	1.392E+3
412E+0	NaN	1.189E+3	1.245E+3	1.295E+3	1.341E+3	1.378E+3
413E+0	NaN	1.187E+3	1.253E+3	1.297E+3	1.364E+3	1.396E+3
414E+0	NaN	1.193E+3	1.247E+3	1.295E+3	1.344E+3	1.393E+3
415E+0	NaN	1.193E+3	1.247E+3	1.306E+3	1.356E+3	1.394E+3
416E+0	NaN	1.19E+3	1.239E+3	1.311E+3	1.356E+3	1.414E+3
417E+0	NaN	1.196E+3	1.267E+3	1.296E+3	1.369E+3	1.404E+3
418E+0	NaN	1.196E+3	1.267E+3	1.301E+3	1.346E+3	1.386E+3
419E+0	NaN	1.199E+3	1.247E+3	1.3E+3	1.359E+3	1.399E+3
420E+0	NaN	1.206E+3	1.247E+3	1.305E+3	1.37E+3	1.409E+3
421E+0	NaN	1.197E+3	1.247E+3	1.298E+3	1.348E+3	1.407E+3
422E+0	NaN	1.193E+3	1.239E+3	1.298E+3	1.347E+3	1.388E+3
423E+0	NaN	1.186E+3	1.239E+3	1.298E+3	1.349E+3	1.392E+3
424E+0	NaN	1.189E+3	1.245E+3	1.292E+3	1.346E+3	1.381E+3
425E+0	NaN	1.195E+3	1.241E+3	1.3E+3	1.348E+3	1.392E+3
426E+0	NaN	1.188E+3	1.25E+3	1.293E+3	1.341E+3	1.391E+3
427E+0	NaN	1.193E+3	1.258E+3	1.302E+3	1.356E+3	1.4E+3
428E+0	NaN	1.2E+3	1.262E+3	1.304E+3	1.359E+3	1.4E+3
429E+0	NaN	1.189E+3	1.256E+3	1.298E+3	1.339E+3	1.384E+3
430E+0	NaN	1.19E+3	1.249E+3	1.302E+3	1.352E+3	1.389E+3
431E+0	NaN	1.19E+3	1.241E+3	1.297E+3	1.34E+3	1.378E+3
432E+0	NaN	1.191E+3	1.255E+3	1.312E+3	1.358E+3	1.403E+3
433E+0	NaN	1.194E+3	1.252E+3	1.297E+3	1.353E+3	1.396E+3
434E+0	NaN	1.196E+3	1.249E+3	1.298E+3	1.35E+3	1.403E+3
435E+0	NaN	1.201E+3	1.249E+3	1.308E+3	1.348E+3	1.397E+3
436E+0	NaN	1.196E+3	1.25E+3	1.305E+3	1.357E+3	1.404E+3
437E+0	NaN	1.2E+3	1.264E+3	1.317E+3	1.35E+3	1.405E+3
438E+0	NaN	1.188E+3	1.25E+3	1.308E+3	1.353E+3	1.392E+3
439E+0	NaN	1.203E+3	1.254E+3	1.29E+3	1.352E+3	1.398E+3
440E+0	NaN	1.192E+3	1.253E+3	1.292E+3	1.341E+3	1.389E+3
441E+0	NaN	1.194E+3	1.254E+3	1.294E+3	1.342E+3	1.403E+3
442E+0	NaN	1.187E+3	1.244E+3	1.299E+3	1.345E+3	1.412E+3
443E+0	NaN	1.189E+3	1.25E+3	1.297E+3	1.357E+3	1.409E+3
444E+0	NaN	1.197E+3	1.241E+3	1.291E+3	1.342E+3	1.388E+3
445E+0	NaN	1.189E+3	1.247E+3	1.296E+3	1.348E+3	1.388E+3
446E+0	NaN	1.196E+3	1.254E+3	1.301E+3	1.363E+3	1.404E+3
447E+0	NaN	1.216E+3	1.274E+3	1.311E+3	1.354E+3	1.4E+3
448E+0	NaN	1.193E+3	1.249E+3	1.32E+3	1.362E+3	1.414E+3
449E+0	NaN	1.193E+3	1.252E+3	1.299E+3	1.349E+3	1.393E+3
450E+0	NaN	1.199E+3	1.251E+3	1.3E+3	1.351E+3	1.399E+3
451E+0	NaN	1.182E+3	1.24E+3	1.292E+3	1.345E+3	1.377E+3
452E+0	NaN	1.19E+3	1.254E+3	1.302E+3	1.349E+3	1.386E+3
453E+0	NaN	1.197E+3	1.264E+3	1.306E+3	1.362E+3	1.398E+3
454E+0	NaN	1.2E+3	1.239E+3	1.293E+3	1.349E+3	1.385E+3
455E+0	NaN	1.186E+3	1.243E+3	1.301E+3	1.344E+3	1.401E+3
456E+0	NaN	1.202E+3	1.259E+3	1.302E+3	1.352E+3	1.4E+3
457E+0	NaN	1.214E+3	1.265E+3	1.306E+3	1.363E+3	1.407E+3
458E+0	NaN	1.185E+3	1.246E+3	1.289E+3	1.345E+3	1.394E+3
459E+0	NaN	1.194E+3	1.246E+3	1.296E+3	1.356E+3	1.424E+3
460E+0	NaN	1.181E+3	1.236E+3	1.288E+3	1.332E+3	1.406E+3
461E+0	NaN	1.191E+3	1.262E+3	1.307E+3	1.35E+3	1.392E+3
462E+0	NaN	1.19E+3	1.251E+3	1.298E+3	1.348E+3	1.387E+3
463E+0	NaN	1.182E+3	1.238E+3	1.28E+3	1.336E+3	1.379E+3
464E+0	NaN	1.191E+3	1.246E+3	1.29E+3	1.336E+3	1.388E+3
465E+0	NaN	1.184E+3	1.24E+3	1.301E+3	1.341E+3	1.401E+3
466E+0	NaN	1.185E+3	1.253E+3	1.281E+3	1.362E+3	1.402E+3
467E+0	NaN	1.191E+3	1.246E+3	1.292E+3	1.348E+3	1.385E+3
468E+0	NaN	1.197E+3	1.244E+3	1.289E+3	1.34E+3	1.405E+3
469E+0	NaN	1.196E+3	1.242E+3	1.293E+3	1.349E+3	1.391E+3
470E+0	NaN	1.196E+3	1.239E+3	1.286E+3	1.337E+3	1.388E+3
471E+0	NaN	1.201E+3	1.239E+3	1.283E+3	1.338E+3	1.39E+3
472E+0	NaN	1.189E+3	1.25E+3	1.301E+3	1.356E+3	1.402E+3
473E+0	NaN	1.19E+3	1.253E+3	1.297E+3	1.354E+3	1.402E+3
474E+0	NaN	1.196E+3	1.246E+3	1.297E+3	1.338E+3	1.387E+3
475E+0	NaN	1.193E+3	1.233E+3	1.32E+3	1.355E+3	1.4E+3
476E+0	NaN	1.184E+3	1.242E+3	1.291E+3	1.354E+3	1.395E+3
477E+0	NaN	1.191E+3	1.244E+3	1.296E+3	1.349E+3	1.393E+3
478E+0	NaN	1.187E+3	1.244E+3	1.291E+3	1.338E+3	1.432E+3
479E+0	NaN	1.186E+3	1.243E+3	1.288E+3	1.336E+3	1.388E+3
480E+0	NaN	1.186E+3	1.237E+3	1.29E+3	1.328E+3	1.378E+3
481E+0	NaN	1.191E+3	1.248E+3	1.298E+3	1.352E+3	1.398E+3
482E+0	NaN	1.188E+3	1.247E+3	1.302E+3	1.357E+3	1.394E+3
483E+0	NaN	1.184E+3	1.235E+3	1.287E+3	1.336E+3	1.388E+3
484E+0	NaN	1.192E+3	1.245E+3	1.293E+3	1.33E+3	1.378E+3
485E+0	NaN	1.188E+3	1.25E+3	1.297E+3	1.347E+3	1.391E+3
486E+0	NaN	1.188E+3	1.245E+3	1.296E+3	1.343E+3	1.396E+3
487E+0	NaN	1.192E+3	1.234E+3	1.296E+3	1.359E+3	1.388E+3
488E+0	NaN	1.187E+3	1.246E+3	1.284E+3	1.333E+3	1.365E+3
489E+0	NaN	1.195E+3	1.253E+3	1.298E+3	1.342E+3	1.429E+3
490E+0	NaN	1.191E+3	1.243E+3	1.284E+3	1.341E+3	1.395E+3
491E+0	NaN	1.186E+3	1.235E+3	1.287E+3	1.34E+3	1.428E+3
492E+0	NaN	1.182E+3	1.249E+3	1.341E+3	1.372E+3	1.418E+3
493E+0	NaN	1.188E+3	1.241E+3	1.292E+3	1.34E+3	1.387E+3
494E+0	NaN	1.18E+3	1.234E+3	1.278E+3	1.331E+3	1.379E+3
495E+0	NaN	1.2E+3	1.262E+3	1.301E+3	1.35E+3	1.409E+3
496E+0	NaN	1.191E+3	1.236E+3	1.291E+3	1.33E+3	1.39E+3
497E+0	NaN	1.2E+3	1.243E+3	1.353E+3	1.365E+3	1.42E+3
498E+0	NaN	1.178E+3	1.236E+3	1.297E+3	1.348E+3	1.398E+3
499E+0	NaN	1.189E+3	1.235E+3	1.293E+3	1.335E+3	1.377E+3
500E+0	NaN	1.185E+3	1.247E+3	1.291E+3	1.344E+3	1.394E+3
501E+0	NaN	1.186E+3	1.24E+3	1.291E+3	1.352E+3	1.401E+3
502E+0	NaN	1.19E+3	1.242E+3	1.292E+3	1.343E+3	1.391E+3
503E+0	NaN	1.177E+3	1.235E+3	1.292E+3	1.336E+3	1.383E+3
504E+0	NaN	1.178E+3	1.235E+3	1.291E+3	1.335E+3	1.374E+3
505E+0	NaN	1.185E+3	1.243E+3	1.298E+3	1.348E+3	1.39E+3
506E+0	NaN	1.181E+3	1.239E+3	1.291E+3	1.337E+3	1.39E+3
507E+0	NaN	1.178E+3	1.234E+3	1.296E+3	1.327E+3	1.383E+3
508E+0	NaN	1.184E+3	1.238E+3	1.293E+3	1.335E+3	1.382E+3
509E+0	NaN	1.193E+3	1.243E+3	1.285E+3	1.333E+3	1.387E+3
510E+0	NaN	1.174E+3	1.233E+3	1.274E+3	1.328E+3	1.373E+3
511E+0	NaN	1.185E+3	1.242E+3	1.291E+3	1.334E+3	1.385E+3
512E+0	NaN	1.19E+3	1.23E+3	1.294E+3	1.34E+3	1.38E+3
513E+0	NaN	1.181E+3	1.238E+3	1.302E+3	1.349E+3	1.39E+3
514E+0	NaN	1.183E+3	1.242E+3	1.288E+3	1.345E+3	1.397E+3
515E+0	NaN	1.194E+3	1.24E+3	1.288E+3	1.337E+3	1.386E+3
516E+0	NaN	1.185E+3	1.24E+3	1.292E+3	1.345E+3	1.394E+3
517E+0	NaN	1.176E+3	1.244E+3	1.293E+3	1.352E+3	1.386E+3
518E+0	NaN	1.182E+3	1.242E+3	1.284E+3	1.336E+3	1.38E+3
519E+0	NaN	1.186E+3	1.255E+3	1.305E+3	1.341E+3	1.395E+3
520E+0	NaN	1.183E+3	1.232E+3	1.288E+3	1.335E+3	1.379E+3
521E+0	NaN	1.186E+3	1.231E+3	1.285E+3	1.345E+3	1.39E+3
522E+0	NaN	1.193E+3	1.239E+3	1.291E+3	1.339E+3	1.387E+3
523E+0	NaN	1.19E+3	1.235E+3	1.285E+3	1.334E+3	1.38E+3
524E+0	NaN	1.19E+3	1.235E+3	1.292E+3	1.345E+3	1.394E+3
525E+0	NaN	1.178E+3	1.235E+3	1.27E+3	1.323E+3	1.375E+3
526E+0	NaN	1.191E+3	1.239E+3	1.284E+3	1.333E+3	1.387E+3
527E+0	NaN	1.191E+3	1.25E+3	1.309E+3	1.35E+3	1.413E+3
528E+0	NaN	1.181E+3	1.23E+3	1.286E+3	1.347E+3	1.413E+3
529E+0	NaN	1.185E+3	1.236E+3	1.283E+3	1.342E+3	1.376E+3
530E+0	NaN	1.183E+3	1.238E+3	1.289E+3	1.343E+3	1.385E+3
531E+0	NaN	1.185E+3	1.242E+3	1.294E+3	1.348E+3	1.383E+3
532E+0	NaN	1.176E+3	1.237E+3	1.287E+3	1.337E+3	1.38E+3
533E+0	NaN	1.182E+3	1.239E+3	1.279E+3	1.329E+3	1.381E+3
534E+0	NaN	1.18E+3	1.241E+3	1.285E+3	1.329E+3	1.372E+3
535E+0	NaN	1.178E+3	1.237E+3	1.302E+3	1.34E+3	1.395E+3
536E+0	NaN	1.178E+3	1.244E+3	1.285E+3	1.327E+3	1.373E+3
537E+0	NaN	1.18E+3	1.245E+3	1.291E+3	1.342E+3	1.392E+3
538E+0	NaN	1.186E+3	1.244E+3	1.293E+3	1.358E+3	1.4E+3
539E+0	NaN	1.183E+3	1.237E+3	1.294E+3	1.333E+3	1.388E+3
540E+0	NaN	1.181E+3	1.227E+3	1.279E+3	1.33E+3	1.376E+3
541E+0	NaN	1.195E+3	1.247E+3	1.293E+3	1.343E+3	1.393E+3
542E+0	NaN	1.183E+3	1.237E+3	1.282E+3	1.334E+3	1.437E+3
543E+0	NaN	1.179E+3	1.236E+3	1.281E+3	1.343E+3	1.386E+3
544E+0	NaN	1.183E+3	1.236E+3	1.29E+3	1.362E+3	1.385E+3
545E+0	NaN	1.18E+3	1.238E+3	1.277E+3	1.337E+3	1.375E+3
546E+0	NaN	1.207E+3	1.259E+3	1.316E+3	1.369E+3	1.41E+3
547E+0	NaN	1.187E+3	1.233E+3	1.289E+3	1.334E+3	1.378E+3
548E+0	NaN	1.183E+3	1.244E+3	1.29E+3	1.343E+3	1.388E+3
549E+0	NaN	1.185E+3	1.247E+3	1.301E+3	1.343E+3	1.389E+3
550E+0	NaN	1.182E+3	1.227E+3	1.281E+3	1.324E+3	1.376E+3
551E+0	NaN	1.18E+3	1.244E+3	1.297E+3	1.344E+3	1.392E+3
552E+0	NaN	1.185E+3	1.238E+3	1.294E+3	1.337E+3	1.383E+3
553E+0	NaN	1.184E+3	1.243E+3	1.284E+3	1.33E+3	1.381E+3
554E+0	NaN	1.174E+3	1.241E+3	1.295E+3	1.343E+3	1.388E+3
555E+0	NaN	1.18E+3	1.243E+3	1.292E+3	1.349E+3	1.394E+3
556E+0	NaN	1.208E+3	1.247E+3	1.296E+3	1.341E+3	1.381E+3
557E+0	NaN	1.181E+3	1.242E+3	1.286E+3	1.338E+3	1.389E+3
558E+0	NaN	1.183E+3	1.237E+3	1.287E+3	1.34E+3	1.392E+3
559E+0	NaN	1.18E+3	1.231E+3	1.292E+3	1.334E+3	1.384E+3
560E+0	NaN	1.183E+3	1.24E+3	1.289E+3	1.335E+3	1.393E+3
561E+0	NaN	1.197E+3	1.23E+3	1.304E+3	1.342E+3	1.39E+3
562E+0	NaN	1.183E+3	1.237E+3	1.302E+3	1.33E+3	1.38E+3
563E+0	NaN	1.199E+3	1.244E+3	1.291E+3	1.343E+3	1.393E+3
564E+0	NaN	1.181E+3	1.234E+3	1.285E+3	1.336E+3	1.372E+3
565E+0	NaN	1.178E+3	1.233E+3	1.293E+3	1.335E+3	1.391E+3
566E+0	NaN	1.18E+3	1.234E+3	1.276E+3	1.343E+3	1.378E+3
567E+0	NaN	1.183E+3	1.241E+3	1.291E+3	1.344E+3	1.386E+3
568E+0	NaN	1.2E+3	1.245E+3	1.293E+3	1.339E+3	1.396E+3
569E+0	NaN	1.188E+3	1.241E+3	1.289E+3	1.365E+3	1.397E+3
570E+0	NaN	1.192E+3	1.24E+3	1.293E+3	1.347E+3	1.392E+3
571E+0	NaN	1.174E+3	1.229E+3	1.279E+3	1.326E+3	1.377E+3
572E+0	NaN	1.179E+3	1.234E+3	1.279E+3	1.328E+3	1.383E+3
573E+0	NaN	1.183E+3	1.233E+3	1.279E+3	1.336E+3	1.378E+3
574E+0	NaN	1.196E+3	1.247E+3	1.294E+3	1.347E+3	1.384E+3
575E+0	NaN	1.184E+3	1.235E+3	1.294E+3	1.34E+3	1.398E+3
576E+0	NaN	1.18E+3	1.242E+3	1.281E+3	1.337E+3	1.375E+3
577E+0	NaN	1.183E+3	1.237E+3	1.289E+3	1.339E+3	1.381E+3
578E+0	NaN	1.191E+3	1.24E+3	1.392E+3	1.379E+3	1.44E+3
579E+0	NaN	1.182E+3	1.23E+3	1.285E+3	1.341E+3	1.39E+3
580E+0	NaN	1.188E+3	1.244E+3	1.293E+3	1.344E+3	1.376E+3
581E+0	NaN	1.181E+3	1.233E+3	1.289E+3	1.343E+3	1.386E+3
582E+0	NaN	1.177E+3	1.24E+3	1.287E+3	1.338E+3	1.378E+3
583E+0	NaN	1.185E+3	1.245E+3	1.289E+3	1.332E+3	1.393E+3
584E+0	NaN	1.189E+3	1.234E+3	1.295E+3	1.339E+3	1.383E+3
585E+0	NaN	1.195E+3	1.229E+3	1.298E+3	1.347E+3	1.397E+3
586E+0	NaN	1.177E+3	1.232E+3	1.294E+3	1.327E+3	1.378E+3
587E+0	NaN	1.185E+3	1.245E+3	1.287E+3	1.344E+3	1.465E+3
588E+0	NaN	1.188E+3	1.24E+3	1.3E+3	1.339E+3	1.394E+3
589E+0	NaN	1.182E+3	1.224E+3	1.277E+3	1.327E+3	1.375E+3
590E+0	NaN	1.188E+3	1.239E+3	1.292E+3	1.34E+3	1.38E+3
591E+0	NaN	1.198E+3	1.24E+3	1.304E+3	1.353E+3	1.402E+3
592E+0	NaN	1.184E+3	1.233E+3	1.284E+3	1.337E+3	1.389E+3
593E+0	NaN	1.194E+3	1.247E+3	1.293E+3	1.344E+3	1.397E+3
594E+0	NaN	1.177E+3	1.237E+3	1.284E+3	1.336E+3	1.384E+3
595E+0	NaN	1.18E+3	1.226E+3	1.29E+3	1.348E+3	1.396E+3
596E+0	NaN	1.172E+3	1.238E+3	1.28E+3	1.335E+3	1.382E+3
597E+0	NaN	1.182E+3	1.237E+3	1.29E+3	1.345E+3	1.384E+3
598E+0	NaN	1.2E+3	1.242E+3	1.303E+3	1.343E+3	1.396E+3
599E+0	NaN	1.186E+3	1.232E+3	1.283E+3	1.333E+3	1.38E+3
600E+0	NaN	1.179E+3	1.227E+3	1.287E+3	1.345E+3	1.403E+3
601E+0	NaN	1.187E+3	1.235E+3	1.287E+3	1.341E+3	1.382E+3
602E+0	NaN	1.184E+3	1.244E+3	1.294E+3	1.343E+3	1.392E+3
603E+0	NaN	1.18E+3	1.233E+3	1.283E+3	1.337E+3	1.374E+3
604E+0	NaN	1.194E+3	1.242E+3	1.281E+3	1.34E+3	1.377E+3
605E+0	NaN	1.18E+3	1.235E+3	1.284E+3	1.342E+3	1.391E+3
606E+0	NaN	1.187E+3	1.238E+3	1.284E+3	1.334E+3	1.385E+3
607E+0	NaN	1.182E+3	1.237E+3	1.279E+3	1.335E+3	1.383E+3
608E+0	NaN	1.178E+3	1.248E+3	1.3E+3	1.345E+3	1.4E+3
609E+0	NaN	1.192E+3	1.235E+3	1.329E+3	1.353E+3	1.45E+3
610E+0	NaN	1.182E+3	1.244E+3	1.293E+3	1.347E+3	1.385E+3
611E+0	NaN	1.182E+3	1.237E+3	1.289E+3	1.343E+3	1.374E+3
612E+0	NaN	1.191E+3	1.241E+3	1.297E+3	1.336E+3	1.385E+3
613E+0	NaN	1.19E+3	1.244E+3	1.298E+3	1.349E+3	1.395E+3
614E+0	NaN	1.187E+3	1.244E+3	1.289E+3	1.337E+3	1.384E+3
615E+0	NaN	1.19E+3	1.244E+3	1.293E+3	1.341E+3	1.399E+3
616E+0	NaN	1.178E+3	1.27E+3	1.307E+3	1.36E+3	1.39E+3
617E+0	NaN	1.181E+3	1.231E+3	1.285E+3	1.339E+3	1.38E+3
618E+0	NaN	1.184E+3	1.242E+3	1.282E+3	1.341E+3	1.386E+3
619E+0	NaN	1.183E+3	1.231E+3	1.289E+3	1.336E+3	1.388E+3
620E+0	NaN	1.184E+3	1.242E+3	1.293E+3	1.333E+3	1.381E+3
621E+0	NaN	1.183E+3	1.243E+3	1.291E+3	1.341E+3	1.386E+3
622E+0	NaN	1.184E+3	1.239E+3	1.305E+3	1.351E+3	1.39E+3
623E+0	NaN	1.188E+3	1.238E+3	1.288E+3	1.338E+3	1.39E+3
624E+0	NaN	1.183E+3	1.237E+3	1.299E+3	1.337E+3	1.39E+3
625E+0	NaN	1.174E+3	1.242E+3	1.28E+3	1.342E+3	1.381E+3
626E+0	NaN	1.192E+3	1.249E+3	1.3E+3	1.33E+3	1.396E+3
627E+0	NaN	1.192E+3	1.242E+3	1.276E+3	1.349E+3	1.392E+3
628E+0	NaN	1.188E+3	1.243E+3	1.293E+3	1.34E+3	1.386E+3
629E+0	NaN	1.185E+3	1.234E+3	1.291E+3	1.355E+3	1.395E+3
630E+0	NaN	1.182E+3	1.236E+3	1.278E+3	1.336E+3	1.396E+3
631E+0	NaN	1.252E+3	1.273E+3	1.313E+3	1.378E+3	1.428E+3
632E+0	NaN	1.183E+3	1.246E+3	1.286E+3	1.346E+3	1.377E+3
633E+0	NaN	1.194E+3	1.244E+3	1.285E+3	1.35E+3	1.393E+3
634E+0	NaN	1.179E+3	1.234E+3	1.286E+3	1.335E+3	1.384E+3
635E+0	NaN	1.183E+3	1.243E+3	1.285E+3	1.331E+3	1.389E+3
636E+0	NaN	1.178E+3	1.225E+3	1.277E+3	1.337E+3	1.378E+3
637E+0	NaN	1.182E+3	1.236E+3	1.29E+3	1.343E+3	1.396E+3
638E+0	NaN	1.182E+3	1.248E+3	1.286E+3	1.333E+3	1.393E+3
639E+0	NaN	1.188E+3	1.246E+3	1.304E+3	1.347E+3	1.398E+3
640E+0	NaN	1.19E+3	1.235E+3	1.284E+3	1.334E+3	1.393E+3
641E+0	NaN	1.179E+3	1.244E+3	1.291E+3	1.356E+3	1.392E+3
642E+0	NaN	1.189E+3	1.275E+3	1.309E+3	1.354E+3	1.405E+3
643E+0	NaN	1.181E+3	1.242E+3	1.285E+3	1.336E+3	1.394E+3
644E+0	NaN	1.189E+3	1.237E+3	1.295E+3	1.353E+3	1.395E+3
645E+0	NaN	1.182E+3	1.245E+3	1.29E+3	1.338E+3	1.395E+3
646E+0	NaN	1.187E+3	1.248E+3	1.291E+3	1.338E+3	1.388E+3
647E+0	NaN	1.204E+3	1.244E+3	1.307E+3	1.364E+3	1.402E+3
648E+0	NaN	1.189E+3	1.238E+3	1.294E+3	1.33E+3	1.394E+3
649E+0	NaN	1.179E+3	1.244E+3	1.29E+3	1.337E+3	1.372E+3
650E+0	NaN	1.185E+3	1.242E+3	1.299E+3	1.345E+3	1.396E+3
651E+0	NaN	1.177E+3	1.24E+3	1.291E+3	1.348E+3	1.39E+3
652E+0	NaN	1.187E+3	1.246E+3	1.284E+3	1.342E+3	1.393E+3
653E+0	NaN	1.189E+3	1.24E+3	1.294E+3	1.334E+3	1.382E+3
654E+0	NaN	1.179E+3	1.24E+3	1.287E+3	1.34E+3	1.385E+3
655E+0	NaN	1.19E+3	1.257E+3	1.295E+3	1.351E+3	1.402E+3
656E+0	NaN	1.182E+3	1.241E+3	1.288E+3	1.341E+3	1.37E+3
657E+0	NaN	1.191E+3	1.243E+3	1.284E+3	1.34E+3	1.398E+3
658E+0	NaN	1.181E+3	1.248E+3	1.293E+3	1.35E+3	1.382E+3
659E+0	NaN	1.186E+3	1.235E+3	1.292E+3	1.342E+3	1.391E+3
660E+0	NaN	1.169E+3	1.236E+3	1.286E+3	1.338E+3	1.391E+3
661E+0	NaN	1.191E+3	1.238E+3	1.293E+3	1.352E+3	1.404E+3
662E+0	NaN	1.188E+3	1.243E+3	1.29E+3	1.348E+3	1.391E+3
663E+0	NaN	1.171E+3	1.23E+3	1.292E+3	1.336E+3	1.392E+3
664E+0	NaN	1.17E+3	1.239E+3	1.282E+3	1.336E+3	1.38E+3
665E+0	NaN	1.195E+3	1.27E+3	1.303E+3	1.366E+3	1.406E+3
666E+0	NaN	1.181E+3	1.24E+3	1.293E+3	1.338E+3	1.374E+3
667E+0	NaN	1.189E+3	1.243E+3	1.287E+3	1.334E+3	1.386E+3
668E+0	NaN	1.186E+3	1.243E+3	1.288E+3	1.342E+3	1.388E+3
669E+0	NaN	1.183E+3	1.24E+3	1.284E+3	1.344E+3	1.395E+3
670E+0	NaN	1.19E+3	1.251E+3	1.292E+3	1.347E+3	1.388E+3
671E+0	NaN	1.179E+3	1.232E+3	1.286E+3	1.338E+3	1.392E+3
672E+0	NaN	1.191E+3	1.219E+3	1.29E+3	1.325E+3	1.394E+3
673E+0	NaN	1.186E+3	1.245E+3	1.297E+3	1.344E+3	1.392E+3
674E+0	NaN	1.18E+3	1.234E+3	1.28E+3	1.333E+3	1.375E+3
675E+0	NaN	1.193E+3	1.247E+3	1.294E+3	1.336E+3	1.393E+3
676E+0	NaN	1.192E+3	1.239E+3	1.293E+3	1.349E+3	1.393E+3
677E+0	NaN	1.178E+3	1.237E+3	1.283E+3	1.339E+3	1.384E+3
678E+0	NaN	1.199E+3	1.256E+3	1.298E+3	1.342E+3	1.389E+3
679E+0	NaN	1.182E+3	1.237E+3	1.293E+3	1.341E+3	1.378E+3
680E+0	NaN	1.203E+3	1.254E+3	1.297E+3	1.344E+3	1.397E+3
681E+0	NaN	1.191E+3	1.253E+3	1.3E+3	1.339E+3	1.391E+3
682E+0	NaN	1.18E+3	1.24E+3	1.278E+3	1.334E+3	1.385E+3
683E+0	NaN	1.189E+3	1.3E+3	1.315E+3	1.357E+3	1.419E+3
684E+0	NaN	1.183E+3	1.236E+3	1.282E+3	1.334E+3	1.38E+3
685E+0	NaN	1.179E+3	1.244E+3	1.291E+3	1.346E+3	1.403E+3
686E+0	NaN	1.176E+3	1.25E+3	1.286E+3	1.336E+3	1.4E+3
687E+0	NaN	1.184E+3	1.238E+3	1.292E+3	1.333E+3	1.382E+3
688E+0	NaN	1.193E+3	1.253E+3	1.304E+3	1.351E+3	1.394E+3
689E+0	NaN	1.179E+3	1.233E+3	1.285E+3	1.338E+3	1.376E+3
690E+0	NaN	1.174E+3	1.246E+3	1.292E+3	1.344E+3	1.385E+3
691E+0	NaN	1.182E+3	1.234E+3	1.284E+3	1.337E+3	1.379E+3
692E+0	NaN	1.184E+3	1.246E+3	1.287E+3	1.338E+3	1.379E+3
693E+0	NaN	1.181E+3	1.242E+3	1.297E+3	1.341E+3	1.388E+3
694E+0	NaN	1.184E+3	1.248E+3	1.286E+3	1.343E+3	1.397E+3
695E+0	NaN	1.186E+3	1.243E+3	1.3E+3	1.35E+3	1.394E+3
696E+0	NaN	1.184E+3	1.243E+3	1.289E+3	1.339E+3	1.392E+3
697E+0	NaN	1.179E+3	1.241E+3	1.289E+3	1.34E+3	1.394E+3
698E+0	NaN	1.192E+3	1.234E+3	1.28E+3	1.335E+3	1.384E+3
699E+0	NaN	1.185E+3	1.241E+3	1.291E+3	1.346E+3	1.439E+3
700E+0	NaN	1.184E+3	1.232E+3	1.289E+3	1.329E+3	1.377E+3
701E+0	NaN	1.186E+3	1.238E+3	1.286E+3	1.338E+3	1.395E+3
702E+0	NaN	1.184E+3	1.236E+3	1.287E+3	1.342E+3	1.383E+3
703E+0	NaN	1.185E+3	1.259E+3	1.304E+3	1.351E+3	1.394E+3
704E+0	NaN	1.178E+3	1.235E+3	1.29E+3	1.344E+3	1.388E+3
705E+0	NaN	1.195E+3	1.245E+3	1.291E+3	1.339E+3	1.393E+3
706E+0	NaN	1.182E+3	1.241E+3	1.285E+3	1.324E+3	1.382E+3
707E+0	NaN	1.182E+3	1.237E+3	1.28E+3	1.332E+3	1.385E+3
708E+0	NaN	1.182E+3	1.24E+3	1.302E+3	1.335E+3	1.38E+3
709E+0	NaN	1.186E+3	1.249E+3	1.295E+3	1.344E+3	1.388E+3
710E+0	NaN	1.186E+3	1.242E+3	1.3E+3	1.341E+3	1.389E+3
711E+0	NaN	1.188E+3	1.252E+3	1.299E+3	1.343E+3	1.385E+3
712E+0	NaN	1.183E+3	1.245E+3	1.286E+3	1.337E+3	1.395E+3
713E+0	NaN	1.206E+3	1.245E+3	1.312E+3	1.36E+3	1.405E+3
714E+0	NaN	1.192E+3	1.242E+3	1.295E+3	1.358E+3	1.397E+3
715E+0	NaN	1.193E+3	1.248E+3	1.296E+3	1.352E+3	1.395E+3
716E+0	NaN	1.186E+3	1.239E+3	1.293E+3	1.339E+3	1.381E+3
717E+0	NaN	1.191E+3	1.248E+3	1.298E+3	1.339E+3	1.405E+3
718E+0	NaN	1.184E+3	1.246E+3	1.29E+3	1.348E+3	1.389E+3
719E+0	NaN	1.187E+3	1.236E+3	1.303E+3	1.343E+3	1.399E+3
720E+0	NaN	1.182E+3	1.223E+3	1.279E+3	1.334E+3	1.369E+3
721E+0	NaN	1.189E+3	1.247E+3	1.297E+3	1.347E+3	1.393E+3
722E+0	NaN	1.179E+3	1.239E+3	1.282E+3	1.345E+3	1.382E+3
723E+0	NaN	1.192E+3	1.243E+3	1.29E+3	1.341E+3	1.395E+3
724E+0	NaN	1.182E+3	1.242E+3	1.284E+3	1.334E+3	1.377E+3
725E+0	NaN	1.177E+3	1.231E+3	1.29E+3	1.348E+3	1.378E+3
726E+0	NaN	1.189E+3	1.238E+3	1.289E+3	1.347E+3	1.388E+3
727E+0	NaN	1.182E+3	1.244E+3	1.292E+3	1.34E+3	1.392E+3
728E+0	NaN	1.188E+3	1.24E+3	1.285E+3	1.342E+3	1.378E+3
729E+0	NaN	1.188E+3	1.246E+3	1.284E+3	1.405E+3	1.42E+3
730E+0	NaN	1.182E+3	1.241E+3	1.285E+3	1.331E+3	1.376E+3
731E+0	NaN	1.189E+3	1.246E+3	1.289E+3	1.337E+3	1.394E+3
732E+0	NaN	1.184E+3	1.248E+3	1.298E+3	1.333E+3	1.38E+3
733E+0	NaN	1.184E+3	1.241E+3	1.3E+3	1.345E+3	1.385E+3
734E+0	NaN	1.174E+3	1.236E+3	1.285E+3	1.332E+3	1.376E+3
735E+0	NaN	1.173E+3	1.237E+3	1.291E+3	1.338E+3	1.394E+3
736E+0	NaN	1.189E+3	1.244E+3	1.291E+3	1.352E+3	1.39E+3
737E+0	NaN	1.182E+3	1.24E+3	1.29E+3	1.335E+3	1.382E+3
738E+0	NaN	1.193E+3	1.235E+3	1.306E+3	1.351E+3	1.396E+3
739E+0	NaN	1.185E+3	1.232E+3	1.279E+3	1.331E+3	1.371E+3
740E+0	NaN	1.186E+3	1.248E+3	1.312E+3	1.349E+3	1.403E+3
741E+0	NaN	1.211E+3	1.251E+3	1.302E+3	1.349E+3	1.406E+3
742E+0	NaN	1.187E+3	1.243E+3	1.292E+3	1.345E+3	1.388E+3
743E+0	NaN	1.178E+3	1.238E+3	1.309E+3	1.357E+3	1.412E+3
744E+0	NaN	1.188E+3	1.238E+3	1.3E+3	1.349E+3	1.386E+3
745E+0	NaN	1.184E+3	1.249E+3	1.292E+3	1.342E+3	1.397E+3
746E+0	NaN	1.186E+3	1.245E+3	1.293E+3	1.357E+3	1.396E+3
747E+0	NaN	1.188E+3	1.249E+3	1.296E+3	1.351E+3	1.382E+3
748E+0	NaN	1.183E+3	1.237E+3	1.295E+3	1.369E+3	1.402E+3
749E+0	NaN	1.18E+3	1.239E+3	1.289E+3	1.342E+3	1.392E+3
750E+0	NaN	1.185E+3	1.24E+3	1.294E+3	1.346E+3	1.388E+3
751E+0	NaN	1.185E+3	1.238E+3	1.296E+3	1.352E+3	1.397E+3
752E+0	NaN	1.178E+3	1.247E+3	1.302E+3	1.364E+3	1.406E+3
753E+0	NaN	1.182E+3	1.237E+3	1.291E+3	1.354E+3	1.391E+3
754E+0	NaN	1.183E+3	1.243E+3	1.304E+3	1.348E+3	1.395E+3
755E+0	NaN	1.186E+3	1.242E+3	1.294E+3	1.334E+3	1.397E+3
756E+0	NaN	1.183E+3	1.245E+3	1.283E+3	1.343E+3	1.383E+3
757E+0	NaN	1.181E+3	1.236E+3	1.283E+3	1.337E+3	1.389E+3
758E+0	NaN	1.177E+3	1.236E+3	1.298E+3	1.337E+3	1.384E+3
759E+0	NaN	1.184E+3	1.246E+3	1.292E+3	1.343E+3	1.397E+3
760E+0	NaN	1.179E+3	1.241E+3	1.292E+3	1.339E+3	1.402E+3
761E+0	NaN	1.197E+3	1.245E+3	1.287E+3	1.343E+3	1.386E+3
762E+0	NaN	1.186E+3	1.247E+3	1.296E+3	1.352E+3	1.388E+3
763E+0	NaN	1.183E+3	1.248E+3	1.299E+3	1.34E+3	1.39E+3
764E+0	NaN	1.184E+3	1.251E+3	1.291E+3	1.347E+3	1.399E+3
765E+0	NaN	1.185E+3	1.241E+3	1.333E+3	1.361E+3	1.404E+3
766E+0	NaN	1.189E+3	1.249E+3	1.296E+3	1.353E+3	1.4E+3
767E+0	NaN	1.18E+3	1.248E+3	1.307E+3	1.358E+3	1.407E+3
768E+0	NaN	1.181E+3	1.237E+3	1.314E+3	1.342E+3	1.382E+3
769E+0	NaN	1.19E+3	1.253E+3	1.305E+3	1.354E+3	1.408E+3
770E+0	NaN	1.176E+3	1.246E+3	1.291E+3	1.344E+3	1.389E+3
771E+0	NaN	1.183E+3	1.241E+3	1.294E+3	1.352E+3	1.384E+3
772E+0	NaN	1.18E+3	1.245E+3	1.296E+3	1.345E+3	1.385E+3
773E+0	NaN	1.253E+3	1.282E+3	1.332E+3	1.379E+3	1.427E+3
774E+0	NaN	1.189E+3	1.246E+3	1.299E+3	1.347E+3	1.382E+3
775E+0	NaN	1.18E+3	1.246E+3	1.294E+3	1.338E+3	1.392E+3
776E+0	NaN	1.182E+3	1.252E+3	1.302E+3	1.341E+3	1.381E+3
777E+0	NaN	1.184E+3	1.24E+3	1.283E+3	1.338E+3	1.387E+3
778E+0	NaN	1.181E+3	1.236E+3	1.295E+3	1.352E+3	1.391E+3
779E+0	NaN	1.177E+3	1.237E+3	1.284E+3	1.34E+3	1.392E+3
780E+0	NaN	1.178E+3	1.238E+3	1.297E+3	1.341E+3	1.396E+3
781E+0	NaN	1.177E+3	1.242E+3	1.29E+3	1.341E+3	1.381E+3
782E+0	NaN	1.184E+3	1.244E+3	1.288E+3	1.357E+3	1.403E+3
783E+0	NaN	1.179E+3	1.241E+3	1.294E+3	1.346E+3	1.405E+3
784E+0	NaN	1.179E+3	1.245E+3	1.3E+3	1.34E+3	1.4E+3
785E+0	NaN	1.181E+3	1.244E+3	1.288E+3	1.342E+3	1.392E+3
786E+0	NaN	1.175E+3	1.245E+3	1.299E+3	1.34E+3	1.4E+3
787E+0	NaN	1.169E+3	1.227E+3	1.29E+3	1.337E+3	1.384E+3
788E+0	NaN	1.196E+3	1.248E+3	1.302E+3	1.356E+3	1.396E+3
789E+0	NaN	1.173E+3	1.242E+3	1.288E+3	1.347E+3	1.395E+3
790E+0	NaN	1.179E+3	1.238E+3	1.304E+3	1.347E+3	1.393E+3
791E+0	NaN	1.182E+3	1.236E+3	1.3E+3	1.351E+3	1.386E+3
792E+0	NaN	1.176E+3	1.235E+3	1.298E+3	1.341E+3	1.392E+3
793E+0	NaN	1.18E+3	1.235E+3	1.285E+3	1.329E+3	1.376E+3
794E+0	NaN	1.184E+3	1.248E+3	1.288E+3	1.324E+3	1.384E+3
795E+0	NaN	1.181E+3	1.238E+3	1.293E+3	1.343E+3	1.385E+3
796E+0	NaN	1.181E+3	1.237E+3	1.278E+3	1.349E+3	1.38E+3
797E+0	NaN	1.179E+3	1.253E+3	1.288E+3	1.346E+3	1.394E+3
798E+0	NaN	1.183E+3	1.236E+3	1.296E+3	1.339E+3	1.389E+3
799E+0	NaN	1.179E+3	1.248E+3	1.296E+3	1.342E+3	1.396E+3
800E+0	NaN	1.219E+3	1.256E+3	1.311E+3	1.362E+3	1.408E+3
801E+0	NaN	1.194E+3	1.245E+3	1.299E+3	1.344E+3	1.4E+3
802E+0	NaN	1.182E+3	1.235E+3	1.291E+3	1.335E+3	1.38E+3
803E+0	NaN	1.175E+3	1.233E+3	1.292E+3	1.34E+3	1.385E+3
804E+0	NaN	1.193E+3	1.248E+3	1.291E+3	1.352E+3	1.393E+3
805E+0	NaN	1.183E+3	1.231E+3	1.301E+3	1.342E+3	1.399E+3
806E+0	NaN	1.188E+3	1.238E+3	1.292E+3	1.348E+3	1.396E+3
807E+0	NaN	1.181E+3	1.232E+3	1.286E+3	1.34E+3	1.392E+3
808E+0	NaN	1.178E+3	1.238E+3	1.295E+3	1.339E+3	1.391E+3
809E+0	NaN	1.181E+3	1.237E+3	1.292E+3	1.332E+3	1.391E+3
810E+0	NaN	1.18E+3	1.241E+3	1.283E+3	1.331E+3	1.387E+3
811E+0	NaN	1.19E+3	1.237E+3	1.283E+3	1.345E+3	1.405E+3
812E+0	NaN	1.18E+3	1.242E+3	1.295E+3	1.337E+3	1.384E+3
813E+0	NaN	1.175E+3	1.236E+3	1.289E+3	1.33E+3	1.385E+3
814E+0	NaN	1.205E+3	1.283E+3	1.316E+3	1.377E+3	1.422E+3
815E+0	NaN	1.176E+3	1.239E+3	1.29E+3	1.342E+3	1.391E+3
816E+0	NaN	1.186E+3	1.239E+3	1.283E+3	1.383E+3	1.421E+3
817E+0	NaN	1.192E+3	1.242E+3	1.302E+3	1.339E+3	1.394E+3
818E+0	NaN	1.187E+3	1.236E+3	1.291E+3	1.341E+3	1.395E+3
819E+0	NaN	1.185E+3	1.236E+3	1.295E+3	1.364E+3	1.394E+3
820E+0	NaN	1.18E+3	1.228E+3	1.292E+3	1.338E+3	1.393E+3
821E+0	NaN	1.176E+3	1.236E+3	1.292E+3	1.347E+3	1.381E+3
822E+0	NaN	1.187E+3	1.255E+3	1.298E+3	1.353E+3	1.402E+3
823E+0	NaN	1.178E+3	1.232E+3	1.294E+3	1.344E+3	1.398E+3
824E+0	NaN	1.188E+3	1.238E+3	1.29E+3	1.348E+3	1.389E+3
825E+0	NaN	1.182E+3	1.242E+3	1.299E+3	1.373E+3	1.402E+3
826E+0	NaN	1.175E+3	1.237E+3	1.296E+3	1.339E+3	1.389E+3
827E+0	NaN	1.176E+3	1.233E+3	1.281E+3	1.329E+3	1.379E+3
828E+0	NaN	1.178E+3	1.225E+3	1.299E+3	1.385E+3	1.418E+3
829E+0	NaN	1.173E+3	1.236E+3	1.285E+3	1.347E+3	1.39E+3
830E+0	NaN	1.219E+3	1.258E+3	1.298E+3	1.352E+3	1.402E+3
831E+0	NaN	1.182E+3	1.239E+3	1.289E+3	1.345E+3	1.398E+3
832E+0	NaN	1.181E+3	1.231E+3	1.289E+3	1.347E+3	1.391E+3
833E+0	NaN	1.182E+3	1.236E+3	1.288E+3	1.355E+3	1.405E+3
834E+0	NaN	1.17E+3	1.224E+3	1.279E+3	1.335E+3	1.379E+3
835E+0	NaN	1.186E+3	1.241E+3	1.292E+3	1.339E+3	1.388E+3
836E+0	NaN	1.181E+3	1.239E+3	1.304E+3	1.352E+3	1.394E+3
837E+0	NaN	1.183E+3	1.249E+3	1.296E+3	1.355E+3	1.403E+3
838E+0	NaN	1.179E+3	1.259E+3	1.296E+3	1.344E+3	1.393E+3
839E+0	NaN	1.179E+3	1.245E+3	1.29E+3	1.351E+3	1.387E+3
840E+0	NaN	1.189E+3	1.242E+3	1.296E+3	1.352E+3	1.393E+3
841E+0	NaN	1.188E+3	1.232E+3	1.274E+3	1.344E+3	1.389E+3
842E+0	NaN	1.182E+3	1.227E+3	1.286E+3	1.327E+3	1.377E+3
843E+0	NaN	1.189E+3	1.234E+3	1.291E+3	1.34E+3	1.385E+3
844E+0	NaN	1.176E+3	1.239E+3	1.29E+3	1.338E+3	1.386E+3
845E+0	NaN	1.179E+3	1.239E+3	1.285E+3	1.333E+3	1.404E+3
846E+0	NaN	1.178E+3	1.234E+3	1.277E+3	1.327E+3	1.387E+3
847E+0	NaN	1.187E+3	1.24E+3	1.295E+3	1.34E+3	1.377E+3
848E+0	NaN	1.191E+3	1.256E+3	1.304E+3	1.347E+3	1.401E+3
849E+0	NaN	1.173E+3	1.238E+3	1.291E+3	1.338E+3	1.391E+3
850E+0	NaN	1.18E+3	1.234E+3	1.288E+3	1.348E+3	1.389E+3
851E+0	NaN	1.185E+3	1.228E+3	1.284E+3	1.335E+3	1.383E+3
852E+0	NaN	1.188E+3	1.239E+3	1.283E+3	1.345E+3	1.371E+3
853E+0	NaN	1.169E+3	1.24E+3	1.286E+3	1.341E+3	1.384E+3
854E+0	NaN	1.184E+3	1.239E+3	1.295E+3	1.342E+3	1.401E+3
855E+0	NaN	1.184E+3	1.244E+3	1.299E+3	1.346E+3	1.399E+3
856E+0	NaN	1.177E+3	1.227E+3	1.287E+3	1.343E+3	1.381E+3
857E+0	NaN	1.181E+3	1.238E+3	1.295E+3	1.35E+3	1.388E+3
858E+0	NaN	1.19E+3	1.241E+3	1.291E+3	1.339E+3	1.391E+3
859E+0	NaN	1.173E+3	1.239E+3	1.28E+3	1.331E+3	1.371E+3
860E+0	NaN	1.182E+3	1.239E+3	1.284E+3	1.345E+3	1.386E+3
861E+0	NaN	1.182E+3	1.243E+3	1.286E+3	1.338E+3	1.376E+3
862E+0	NaN	1.183E+3	1.241E+3	1.286E+3	1.347E+3	1.377E+3
863E+0	NaN	1.178E+3	1.227E+3	1.281E+3	1.327E+3	1.381E+3
864E+0	NaN	1.185E+3	1.245E+3	1.294E+3	1.345E+3	1.39E+3
865E+0	NaN	1.176E+3	1.244E+3	1.289E+3	1.34E+3	1.383E+3
866E+0	NaN	1.181E+3	1.241E+3	1.301E+3	1.339E+3	1.395E+3
867E+0	NaN	1.189E+3	1.228E+3	1.275E+3	1.327E+3	1.372E+3
868E+0	NaN	1.181E+3	1.241E+3	1.296E+3	1.34E+3	1.387E+3
869E+0	NaN	1.194E+3	1.243E+3	1.296E+3	1.357E+3	1.392E+3
870E+0	NaN	1.178E+3	1.234E+3	1.294E+3	1.336E+3	1.383E+3
871E+0	NaN	1.184E+3	1.235E+3	1.298E+3	1.335E+3	1.387E+3
872E+0	NaN	1.179E+3	1.245E+3	1.293E+3	1.346E+3	1.398E+3
873E+0	NaN	1.181E+3	1.239E+3	1.292E+3	1.346E+3	1.385E+3
874E+0	NaN	1.179E+3	1.243E+3	1.282E+3	1.349E+3	1.387E+3
875E+0	NaN	1.184E+3	1.233E+3	1.293E+3	1.336E+3	1.406E+3
876E+0	NaN	1.181E+3	1.226E+3	1.285E+3	1.325E+3	1.381E+3
877E+0	NaN	1.182E+3	1.24E+3	1.288E+3	1.339E+3	1.383E+3
878E+0	NaN	1.191E+3	1.243E+3	1.301E+3	1.344E+3	1.396E+3
879E+0	NaN	1.184E+3	1.246E+3	1.288E+3	1.352E+3	1.392E+3
880E+0	NaN	1.19E+3	1.244E+3	1.294E+3	1.343E+3	1.386E+3
881E+0	NaN	1.19E+3	1.233E+3	1.286E+3	1.331E+3	1.391E+3
882E+0	NaN	1.184E+3	1.236E+3	1.281E+3	1.346E+3	1.391E+3
883E+0	NaN	1.176E+3	1.25E+3	1.301E+3	1.352E+3	1.394E+3
884E+0	NaN	1.18E+3	1.236E+3	1.287E+3	1.337E+3	1.384E+3
885E+0	NaN	1.186E+3	1.238E+3	1.286E+3	1.344E+3	1.393E+3
886E+0	NaN	1.186E+3	1.24E+3	1.294E+3	1.335E+3	1.383E+3
887E+0	NaN	1.182E+3	1.251E+3	1.293E+3	1.343E+3	1.39E+3
888E+0	NaN	1.185E+3	1.254E+3	1.292E+3	1.349E+3	1.378E+3
889E+0	NaN	1.189E+3	1.241E+3	1.293E+3	1.33E+3	1.403E+3
890E+0	NaN	1.181E+3	1.241E+3	1.287E+3	1.34E+3	1.382E+3
891E+0	NaN	1.185E+3	1.239E+3	1.288E+3	1.344E+3	1.401E+3
892E+0	NaN	1.185E+3	1.241E+3	1.348E+3	1.371E+3	1.415E+3
893E+0	NaN	1.2E+3	1.246E+3	1.302E+3	1.339E+3	1.39E+3
894E+0	NaN	1.184E+3	1.295E+3	1.328E+3	1.385E+3	1.411E+3
895E+0	NaN	1.185E+3	1.24E+3	1.298E+3	1.347E+3	1.392E+3
896E+0	NaN	1.187E+3	1.237E+3	1.292E+3	1.339E+3	1.404E+3
897E+0	NaN	1.19E+3	1.242E+3	1.291E+3	1.345E+3	1.384E+3
898E+0	NaN	1.188E+3	1.236E+3	1.274E+3	1.336E+3	1.387E+3
899E+0	NaN	1.185E+3	1.232E+3	1.296E+3	1.346E+3	1.391E+3
900E+0	NaN	1.186E+3	1.245E+3	1.299E+3	1.349E+3	1.39E+3
901E+0	NaN	1.176E+3	1.227E+3	1.279E+3	1.323E+3	1.389E+3
902E+0	NaN	1.194E+3	1.245E+3	1.287E+3	1.352E+3	1.392E+3
903E+0	NaN	1.183E+3	1.25E+3	1.284E+3	1.347E+3	1.39E+3
904E+0	NaN	1.179E+3	1.293E+3	1.313E+3	1.365E+3	1.415E+3
905E+0	NaN	1.179E+3	1.233E+3	1.287E+3	1.342E+3	1.395E+3
906E+0	NaN	1.175E+3	1.247E+3	1.295E+3	1.348E+3	1.399E+3
907E+0	NaN	1.183E+3	1.233E+3	1.289E+3	1.332E+3	1.382E+3
908E+0	NaN	1.185E+3	1.232E+3	1.284E+3	1.342E+3	1.4E+3
909E+0	NaN	1.181E+3	1.243E+3	1.298E+3	1.343E+3	1.386E+3
910E+0	NaN	1.185E+3	1.258E+3	1.297E+3	1.352E+3	1.414E+3
911E+0	NaN	1.184E+3	1.237E+3	1.281E+3	1.334E+3	1.371E+3
912E+0	NaN	1.177E+3	1.232E+3	1.287E+3	1.331E+3	1.375E+3
913E+0	NaN	1.176E+3	1.229E+3	1.284E+3	1.337E+3	1.375E+3
914E+0	NaN	1.176E+3	1.234E+3	1.289E+3	1.328E+3	1.386E+3
915E+0	NaN	1.174E+3	1.241E+3	1.279E+3	1.329E+3	1.366E+3
916E+0	NaN	1.182E+3	1.237E+3	1.297E+3	1.336E+3	1.39E+3
917E+0	NaN	1.179E+3	1.247E+3	1.323E+3	1.352E+3	1.395E+3
918E+0	NaN	1.174E+3	1.236E+3	1.287E+3	1.327E+3	1.378E+3
919E+0	NaN	1.171E+3	1.237E+3	1.276E+3	1.334E+3	1.367E+3
920E+0	NaN	1.185E+3	1.25E+3	1.287E+3	1.34E+3	1.39E+3
921E+0	NaN	1.176E+3	1.241E+3	1.293E+3	1.347E+3	1.388E+3
922E+0	NaN	1.183E+3	1.241E+3	1.288E+3	1.34E+3	1.394E+3
923E+0	NaN	1.184E+3	1.249E+3	1.289E+3	1.35E+3	1.395E+3
924E+0	NaN	1.184E+3	1.234E+3	1.296E+3	1.339E+3	1.389E+3
925E+0	NaN	1.182E+3	1.233E+3	1.289E+3	1.337E+3	1.381E+3
926E+0	NaN	1.176E+3	1.245E+3	1.294E+3	1.343E+3	1.388E+3
927E+0	NaN	1.177E+3	1.233E+3	1.296E+3	1.338E+3	1.394E+3
928E+0	NaN	1.18E+3	1.23E+3	1.278E+3	1.325E+3	1.374E+3
929E+0	NaN	1.186E+3	1.264E+3	1.309E+3	1.351E+3	1.396E+3
930E+0	NaN	1.179E+3	1.241E+3	1.295E+3	1.337E+3	1.387E+3
931E+0	NaN	1.186E+3	1.248E+3	1.295E+3	1.355E+3	1.411E+3
932E+0	NaN	1.185E+3	1.241E+3	1.285E+3	1.334E+3	1.383E+3
933E+0	NaN	1.185E+3	1.248E+3	1.293E+3	1.349E+3	1.381E+3
934E+0	NaN	1.181E+3	1.227E+3	1.28E+3	1.324E+3	1.385E+3
935E+0	NaN	1.182E+3	1.224E+3	1.284E+3	1.324E+3	1.388E+3
936E+0	NaN	1.177E+3	1.238E+3	1.281E+3	1.329E+3	1.375E+3
937E+0	NaN	1.186E+3	1.229E+3	1.296E+3	1.341E+3	1.388E+3
938E+0	NaN	1.187E+3	1.235E+3	1.29E+3	1.332E+3	1.392E+3
939E+0	NaN	1.187E+3	1.238E+3	1.288E+3	1.359E+3	1.391E+3
940E+0	NaN	1.182E+3	1.247E+3	1.297E+3	1.338E+3	1.399E+3
941E+0	NaN	1.175E+3	1.241E+3	1.289E+3	1.327E+3	1.38E+3
942E+0	NaN	1.184E+3	1.239E+3	1.292E+3	1.339E+3	1.39E+3
943E+0	NaN	1.184E+3	1.24E+3	1.284E+3	1.343E+3	1.377E+3
944E+0	NaN	1.183E+3	1.242E+3	1.294E+3	1.347E+3	1.389E+3
945E+0	NaN	1.175E+3	1.234E+3	1.283E+3	1.338E+3	1.384E+3
946E+0	NaN	1.184E+3	1.251E+3	1.292E+3	1.353E+3	1.431E+3
947E+0	NaN	1.179E+3	1.255E+3	1.294E+3	1.345E+3	1.385E+3
948E+0	NaN	1.184E+3	1.241E+3	1.293E+3	1.348E+3	1.395E+3
949E+0	NaN	1.178E+3	1.239E+3	1.285E+3	1.329E+3	1.386E+3
950E+0	NaN	1.185E+3	1.231E+3	1.292E+3	1.333E+3	1.38E+3
951E+0	NaN	1.18E+3	1.258E+3	1.306E+3	1.355E+3	1.391E+3
952E+0	NaN	1.194E+3	1.242E+3	1.292E+3	1.345E+3	1.397E+3
953E+0	NaN	1.182E+3	1.242E+3	1.292E+3	1.333E+3	1.383E+3
954E+0	NaN	1.179E+3	1.234E+3	1.3E+3	1.342E+3	1.396E+3
955E+0	NaN	1.183E+3	1.237E+3	1.282E+3	1.338E+3	1.382E+3
956E+0	NaN	1.176E+3	1.239E+3	1.294E+3	1.339E+3	1.382E+3
957E+0	NaN	1.182E+3	1.232E+3	1.291E+3	1.331E+3	1.389E+3
958E+0	NaN	1.176E+3	1.234E+3	1.285E+3	1.337E+3	1.396E+3
959E+0	NaN	1.179E+3	1.23E+3	1.292E+3	1.344E+3	1.387E+3
960E+0	NaN	1.175E+3	1.243E+3	1.277E+3	1.329E+3	1.379E+3
961E+0	NaN	1.184E+3	1.235E+3	1.293E+3	1.349E+3	1.385E+3
962E+0	NaN	1.185E+3	1.242E+3	1.289E+3	1.339E+3	1.403E+3
963E+0	NaN	1.179E+3	1.231E+3	1.289E+3	1.337E+3	1.379E+3
964E+0	NaN	1.176E+3	1.234E+3	1.28E+3	1.331E+3	1.385E+3
965E+0	NaN	1.186E+3	1.24E+3	1.291E+3	1.348E+3	1.385E+3
966E+0	NaN	1.187E+3	1.251E+3	1.292E+3	1.346E+3	1.397E+3
967E+0	NaN	1.184E+3	1.23E+3	1.293E+3	1.339E+3	1.373E+3
968E+0	NaN	1.177E+3	1.25E+3	1.288E+3	1.336E+3	1.391E+3
969E+0	NaN	1.18E+3	1.238E+3	1.295E+3	1.346E+3	1.384E+3
970E+0	NaN	1.181E+3	1.238E+3	1.294E+3	1.344E+3	1.389E+3
971E+0	NaN	1.181E+3	1.25E+3	1.334E+3	1.362E+3	1.407E+3
972E+0	NaN	1.181E+3	1.225E+3	1.297E+3	1.343E+3	1.396E+3
973E+0	NaN	1.174E+3	1.237E+3	1.31E+3	1.346E+3	1.397E+3
974E+0	NaN	1.169E+3	1.238E+3	1.272E+3	1.331E+3	1.376E+3
975E+0	NaN	1.204E+3	1.261E+3	1.316E+3	1.361E+3	1.414E+3
976E+0	NaN	1.179E+3	1.232E+3	1.288E+3	1.337E+3	1.394E+3
977E+0	NaN	1.185E+3	1.232E+3	1.293E+3	1.333E+3	1.38E+3
978E+0	NaN	1.178E+3	1.242E+3	1.289E+3	1.337E+3	1.382E+3
979E+0	NaN	1.177E+3	1.23E+3	1.296E+3	1.336E+3	1.4E+3
980E+0	NaN	1.186E+3	1.24E+3	1.284E+3	1.335E+3	1.381E+3
981E+0	NaN	1.181E+3	1.25E+3	1.302E+3	1.347E+3	1.413E+3
982E+0	NaN	1.184E+3	1.237E+3	1.295E+3	1.344E+3	1.391E+3
983E+0	NaN	1.171E+3	1.246E+3	1.294E+3	1.339E+3	1.39E+3
984E+0	NaN	1.185E+3	1.232E+3	1.299E+3	1.341E+3	1.386E+3
985E+0	NaN	1.179E+3	1.232E+3	1.28E+3	1.343E+3	1.37E+3
986E+0	NaN	1.176E+3	1.237E+3	1.291E+3	1.336E+3	1.378E+3
987E+0	NaN	1.194E+3	1.242E+3	1.291E+3	1.341E+3	1.393E+3
988E+0	NaN	1.169E+3	1.243E+3	1.319E+3	1.35E+3	1.412E+3
989E+0	NaN	1.205E+3	1.25E+3	1.302E+3	1.356E+3	1.402E+3
990E+0	NaN	1.184E+3	1.236E+3	1.284E+3	1.349E+3	1.388E+3
991E+0	NaN	1.182E+3	1.238E+3	1.286E+3	1.332E+3	1.385E+3
992E+0	NaN	1.168E+3	1.244E+3	1.291E+3	1.331E+3	1.367E+3
993E+0	NaN	1.184E+3	1.243E+3	1.299E+3	1.335E+3	1.383E+3
994E+0	NaN	1.181E+3	1.232E+3	1.281E+3	1.329E+3	1.37E+3
995E+0	NaN	1.184E+3	1.244E+3	1.286E+3	1.337E+3	1.385E+3
996E+0	NaN	1.183E+3	1.24E+3	1.277E+3	1.332E+3	1.384E+3
997E+0	NaN	1.18E+3	1.24E+3	1.295E+3	1.35E+3	1.401E+3
998E+0	NaN	1.176E+3	1.235E+3	1.292E+3	1.341E+3	1.389E+3
999E+0	NaN	1.186E+3	1.249E+3	1.297E+3	1.35E+3	1.395E+3
1E+3	NaN	1.18E+3	1.237E+3	1.278E+3	1.332E+3	1.378E+3
1.001E+3	NaN	1.175E+3	1.235E+3	1.275E+3	1.331E+3	1.379E+3
1.002E+3	NaN	1.184E+3	1.248E+3	1.297E+3	1.34E+3	1.423E+3
1.003E+3	NaN	1.184E+3	1.243E+3	1.288E+3	1.342E+3	1.379E+3
1.004E+3	NaN	1.178E+3	1.235E+3	1.287E+3	1.35E+3	1.396E+3
1.005E+3	NaN	1.169E+3	1.231E+3	1.288E+3	1.341E+3	1.384E+3
1.006E+3	NaN	1.182E+3	1.238E+3	1.3E+3	1.335E+3	1.387E+3
1.007E+3	NaN	1.184E+3	1.238E+3	1.283E+3	1.336E+3	1.376E+3
1.008E+3	NaN	1.173E+3	1.243E+3	1.293E+3	1.342E+3	1.406E+3
1.009E+3	NaN	1.175E+3	1.23E+3	1.309E+3	1.361E+3	1.403E+3
1.01E+3	NaN	1.182E+3	1.24E+3	1.287E+3	1.351E+3	1.38E+3
1.011E+3	NaN	1.175E+3	1.237E+3	1.288E+3	1.348E+3	1.375E+3
1.012E+3	NaN	1.178E+3	1.233E+3	1.272E+3	1.334E+3	1.386E+3
1.013E+3	NaN	1.172E+3	1.247E+3	1.291E+3	1.338E+3	1.379E+3
1.014E+3	NaN	1.179E+3	1.23E+3	1.282E+3	1.34E+3	1.381E+3
1.015E+3	NaN	1.179E+3	1.237E+3	1.288E+3	1.323E+3	1.394E+3
1.016E+3	NaN	1.172E+3	1.241E+3	1.28E+3	1.331E+3	1.376E+3
1.017E+3	NaN	1.182E+3	1.233E+3	1.283E+3	1.325E+3	1.398E+3
1.018E+3	NaN	1.177E+3	1.242E+3	1.286E+3	1.348E+3	1.39E+3
1.019E+3	NaN	1.187E+3	1.242E+3	1.298E+3	1.344E+3	1.379E+3
1.02E+3	NaN	1.181E+3	1.231E+3	1.278E+3	1.329E+3	1.367E+3
1.021E+3	NaN	1.179E+3	1.236E+3	1.285E+3	1.341E+3	1.377E+3
1.022E+3	NaN	1.176E+3	1.236E+3	1.275E+3	1.331E+3	1.374E+3
1.023E+3	NaN	1.179E+3	1.24E+3	1.28E+3	1.33E+3	1.389E+3
1.024E+3	NaN	1.184E+3	1.257E+3	1.303E+3	1.346E+3	1.382E+3

SympCCD.YPixels_Scan0         	                              
1E+0
2E+0
3E+0
4E+0
5E+0
