#2022-04-12
#15:29:40
#Balayage par: iq-qfl
#Description Keyword: 
#
#Instrument: Triax320@Triax320.lvclass; Function:Position (nm); Parameters: *BeforeWait(ms): 0;*AfterWait(ms): 0; ; Grating#: 3; Line Density(Grv/mm): 600; Blaze: 500nm; Input Slit(mm): 0.400; Output Slit(mm): 1.000;
#Instrument: Tools@Tools.lvclass; Function:Indice de Point (Points); Parameters: *BeforeWait(ms): 0;*AfterWait(ms): 0; 
#Instrument: SympCCD@SymphonyCCD.lvclass; Function:AcqImage (Counts); Parameters: *BeforeWait(ms): 0;*AfterWait(ms): 0;  Lambda Factor: 0.00000; Lambda Source: Lambda@Triax320; Lambda Offset: 0.00000;Multiplier Source: GrooveRatio@Triax320; Multiplier Value: 0.00000; Y Bins: 1; X Start: 1; X End: 1024; Y Start: 100; Y End: 160; Integration Time(ms): 10000; ADC1:  20 kHz Tab 1; Gain  2.0(x); Ccd Temp(degC): -125.264; Shutter Enable: True; Accumulation: 1; Noise Mode: Off; Noise Window Enabled: False; Window Width(ds): 1.000; Window Avg Samples: 1;

#SympCCD.XPixels               	SympCCD.Wavelenght(nm)        	SympCCD.Y Pix Row 1(Cnt)      
1E+0	667.9235E+0	2.094E+3
2E+0	668.0443E+0	2.103E+3
3E+0	668.1652E+0	2.082E+3
4E+0	668.2861E+0	2.097E+3
5E+0	668.407E+0	2.071E+3
6E+0	668.5278E+0	2.1E+3
7E+0	668.6487E+0	2.089E+3
8E+0	668.7696E+0	2.086E+3
9E+0	668.8905E+0	2.1E+3
10E+0	669.0114E+0	2.096E+3
11E+0	669.1323E+0	2.085E+3
12E+0	669.2531E+0	2.076E+3
13E+0	669.374E+0	2.109E+3
14E+0	669.4949E+0	2.098E+3
15E+0	669.6158E+0	2.113E+3
16E+0	669.7367E+0	2.092E+3
17E+0	669.8576E+0	2.099E+3
18E+0	669.9785E+0	2.097E+3
19E+0	670.0994E+0	2.096E+3
20E+0	670.2203E+0	2.089E+3
21E+0	670.3412E+0	2.102E+3
22E+0	670.4621E+0	2.109E+3
23E+0	670.583E+0	2.104E+3
24E+0	670.7039E+0	2.113E+3
25E+0	670.8248E+0	2.105E+3
26E+0	670.9457E+0	2.103E+3
27E+0	671.0666E+0	2.12E+3
28E+0	671.1875E+0	2.107E+3
29E+0	671.3084E+0	2.105E+3
30E+0	671.4293E+0	2.116E+3
31E+0	671.5502E+0	2.11E+3
32E+0	671.6711E+0	2.11E+3
33E+0	671.792E+0	2.107E+3
34E+0	671.9129E+0	2.103E+3
35E+0	672.0339E+0	2.116E+3
36E+0	672.1548E+0	2.136E+3
37E+0	672.2757E+0	2.114E+3
38E+0	672.3966E+0	2.107E+3
39E+0	672.5175E+0	2.136E+3
40E+0	672.6384E+0	2.114E+3
41E+0	672.7594E+0	2.111E+3
42E+0	672.8803E+0	2.117E+3
43E+0	673.0012E+0	2.119E+3
44E+0	673.1221E+0	2.132E+3
45E+0	673.2431E+0	2.128E+3
46E+0	673.364E+0	2.132E+3
47E+0	673.4849E+0	2.142E+3
48E+0	673.6059E+0	2.133E+3
49E+0	673.7268E+0	2.133E+3
50E+0	673.8477E+0	2.132E+3
51E+0	673.9687E+0	2.137E+3
52E+0	674.0896E+0	2.138E+3
53E+0	674.2105E+0	2.129E+3
54E+0	674.3315E+0	2.12E+3
55E+0	674.4524E+0	2.144E+3
56E+0	674.5733E+0	2.131E+3
57E+0	674.6943E+0	2.129E+3
58E+0	674.8152E+0	2.137E+3
59E+0	674.9362E+0	2.138E+3
60E+0	675.0571E+0	2.149E+3
61E+0	675.1781E+0	2.139E+3
62E+0	675.299E+0	2.123E+3
63E+0	675.42E+0	2.132E+3
64E+0	675.5409E+0	2.137E+3
65E+0	675.6619E+0	2.119E+3
66E+0	675.7828E+0	2.116E+3
67E+0	675.9038E+0	2.126E+3
68E+0	676.0247E+0	2.119E+3
69E+0	676.1457E+0	2.108E+3
70E+0	676.2666E+0	2.128E+3
71E+0	676.3876E+0	2.137E+3
72E+0	676.5086E+0	2.123E+3
73E+0	676.6295E+0	2.128E+3
74E+0	676.7505E+0	2.122E+3
75E+0	676.8714E+0	2.134E+3
76E+0	676.9924E+0	2.128E+3
77E+0	677.1134E+0	2.127E+3
78E+0	677.2343E+0	2.124E+3
79E+0	677.3553E+0	2.128E+3
80E+0	677.4763E+0	2.132E+3
81E+0	677.5972E+0	2.138E+3
82E+0	677.7182E+0	2.118E+3
83E+0	677.8392E+0	2.132E+3
84E+0	677.9602E+0	2.147E+3
85E+0	678.0811E+0	2.126E+3
86E+0	678.2021E+0	2.141E+3
87E+0	678.3231E+0	2.124E+3
88E+0	678.4441E+0	2.135E+3
89E+0	678.565E+0	2.126E+3
90E+0	678.686E+0	2.132E+3
91E+0	678.807E+0	2.123E+3
92E+0	678.928E+0	2.122E+3
93E+0	679.049E+0	2.126E+3
94E+0	679.1699E+0	2.126E+3
95E+0	679.2909E+0	2.126E+3
96E+0	679.4119E+0	2.129E+3
97E+0	679.5329E+0	2.12E+3
98E+0	679.6539E+0	2.145E+3
99E+0	679.7749E+0	2.135E+3
100E+0	679.8959E+0	2.131E+3
101E+0	680.0169E+0	2.13E+3
102E+0	680.1379E+0	2.148E+3
103E+0	680.2589E+0	2.138E+3
104E+0	680.3798E+0	2.137E+3
105E+0	680.5008E+0	2.129E+3
106E+0	680.6218E+0	2.121E+3
107E+0	680.7428E+0	2.128E+3
108E+0	680.8638E+0	2.142E+3
109E+0	680.9848E+0	2.114E+3
110E+0	681.1058E+0	2.119E+3
111E+0	681.2268E+0	2.126E+3
112E+0	681.3478E+0	2.138E+3
113E+0	681.4689E+0	2.126E+3
114E+0	681.5899E+0	2.147E+3
115E+0	681.7109E+0	2.151E+3
116E+0	681.8319E+0	2.126E+3
117E+0	681.9529E+0	2.142E+3
118E+0	682.0739E+0	2.141E+3
119E+0	682.1949E+0	2.136E+3
120E+0	682.3159E+0	2.139E+3
121E+0	682.4369E+0	2.132E+3
122E+0	682.5579E+0	2.141E+3
123E+0	682.679E+0	2.12E+3
124E+0	682.8E+0	2.129E+3
125E+0	682.921E+0	2.128E+3
126E+0	683.042E+0	2.123E+3
127E+0	683.163E+0	2.138E+3
128E+0	683.2841E+0	2.115E+3
129E+0	683.4051E+0	2.128E+3
130E+0	683.5261E+0	2.108E+3
131E+0	683.6471E+0	2.13E+3
132E+0	683.7681E+0	2.143E+3
133E+0	683.8892E+0	2.126E+3
134E+0	684.0102E+0	2.136E+3
135E+0	684.1312E+0	2.134E+3
136E+0	684.2523E+0	2.136E+3
137E+0	684.3733E+0	2.142E+3
138E+0	684.4943E+0	2.126E+3
139E+0	684.6153E+0	2.136E+3
140E+0	684.7364E+0	2.133E+3
141E+0	684.8574E+0	2.135E+3
142E+0	684.9784E+0	2.125E+3
143E+0	685.0995E+0	2.137E+3
144E+0	685.2205E+0	2.138E+3
145E+0	685.3416E+0	2.121E+3
146E+0	685.4626E+0	2.123E+3
147E+0	685.5836E+0	2.115E+3
148E+0	685.7047E+0	2.117E+3
149E+0	685.8257E+0	2.109E+3
150E+0	685.9468E+0	2.127E+3
151E+0	686.0678E+0	2.138E+3
152E+0	686.1888E+0	2.137E+3
153E+0	686.3099E+0	2.139E+3
154E+0	686.4309E+0	2.141E+3
155E+0	686.552E+0	2.151E+3
156E+0	686.673E+0	2.144E+3
157E+0	686.7941E+0	2.13E+3
158E+0	686.9151E+0	2.131E+3
159E+0	687.0362E+0	2.141E+3
160E+0	687.1572E+0	2.138E+3
161E+0	687.2783E+0	2.137E+3
162E+0	687.3993E+0	2.132E+3
163E+0	687.5204E+0	2.141E+3
164E+0	687.6415E+0	2.146E+3
165E+0	687.7625E+0	2.145E+3
166E+0	687.8836E+0	2.154E+3
167E+0	688.0046E+0	2.152E+3
168E+0	688.1257E+0	2.141E+3
169E+0	688.2467E+0	2.137E+3
170E+0	688.3678E+0	2.146E+3
171E+0	688.4889E+0	2.138E+3
172E+0	688.6099E+0	2.133E+3
173E+0	688.731E+0	2.141E+3
174E+0	688.8521E+0	2.136E+3
175E+0	688.9731E+0	2.138E+3
176E+0	689.0942E+0	2.144E+3
177E+0	689.2153E+0	2.146E+3
178E+0	689.3363E+0	2.134E+3
179E+0	689.4574E+0	2.141E+3
180E+0	689.5785E+0	2.146E+3
181E+0	689.6995E+0	2.131E+3
182E+0	689.8206E+0	2.143E+3
183E+0	689.9417E+0	2.146E+3
184E+0	690.0628E+0	2.149E+3
185E+0	690.1838E+0	2.133E+3
186E+0	690.3049E+0	2.135E+3
187E+0	690.426E+0	2.138E+3
188E+0	690.5471E+0	2.136E+3
189E+0	690.6681E+0	2.139E+3
190E+0	690.7892E+0	2.146E+3
191E+0	690.9103E+0	2.138E+3
192E+0	691.0314E+0	2.151E+3
193E+0	691.1525E+0	2.137E+3
194E+0	691.2736E+0	2.157E+3
195E+0	691.3946E+0	2.156E+3
196E+0	691.5157E+0	2.141E+3
197E+0	691.6368E+0	2.132E+3
198E+0	691.7579E+0	2.142E+3
199E+0	691.879E+0	2.14E+3
200E+0	692.0001E+0	2.132E+3
201E+0	692.1212E+0	2.131E+3
202E+0	692.2423E+0	2.145E+3
203E+0	692.3633E+0	2.138E+3
204E+0	692.4844E+0	2.154E+3
205E+0	692.6055E+0	2.154E+3
206E+0	692.7266E+0	2.152E+3
207E+0	692.8477E+0	2.129E+3
208E+0	692.9688E+0	2.14E+3
209E+0	693.0899E+0	2.154E+3
210E+0	693.211E+0	2.158E+3
211E+0	693.3321E+0	2.15E+3
212E+0	693.4532E+0	2.15E+3
213E+0	693.5743E+0	2.148E+3
214E+0	693.6954E+0	2.152E+3
215E+0	693.8165E+0	2.134E+3
216E+0	693.9376E+0	2.138E+3
217E+0	694.0587E+0	2.152E+3
218E+0	694.1798E+0	2.146E+3
219E+0	694.3009E+0	2.145E+3
220E+0	694.422E+0	2.133E+3
221E+0	694.5431E+0	2.128E+3
222E+0	694.6642E+0	2.147E+3
223E+0	694.7853E+0	2.143E+3
224E+0	694.9064E+0	2.158E+3
225E+0	695.0275E+0	2.137E+3
226E+0	695.1487E+0	2.161E+3
227E+0	695.2698E+0	2.132E+3
228E+0	695.3909E+0	2.14E+3
229E+0	695.512E+0	2.152E+3
230E+0	695.6331E+0	2.143E+3
231E+0	695.7542E+0	2.145E+3
232E+0	695.8753E+0	2.134E+3
233E+0	695.9964E+0	2.136E+3
234E+0	696.1176E+0	2.134E+3
235E+0	696.2387E+0	2.125E+3
236E+0	696.3598E+0	2.152E+3
237E+0	696.4809E+0	2.138E+3
238E+0	696.602E+0	2.157E+3
239E+0	696.7232E+0	2.144E+3
240E+0	696.8443E+0	2.152E+3
241E+0	696.9654E+0	2.154E+3
242E+0	697.0865E+0	2.138E+3
243E+0	697.2076E+0	2.143E+3
244E+0	697.3288E+0	2.155E+3
245E+0	697.4499E+0	2.14E+3
246E+0	697.571E+0	2.148E+3
247E+0	697.6921E+0	2.139E+3
248E+0	697.8133E+0	2.142E+3
249E+0	697.9344E+0	2.14E+3
250E+0	698.0555E+0	2.148E+3
251E+0	698.1766E+0	2.153E+3
252E+0	698.2978E+0	2.152E+3
253E+0	698.4189E+0	2.139E+3
254E+0	698.54E+0	2.153E+3
255E+0	698.6612E+0	2.144E+3
256E+0	698.7823E+0	2.152E+3
257E+0	698.9034E+0	2.143E+3
258E+0	699.0246E+0	2.15E+3
259E+0	699.1457E+0	2.143E+3
260E+0	699.2668E+0	2.141E+3
261E+0	699.388E+0	2.152E+3
262E+0	699.5091E+0	2.152E+3
263E+0	699.6302E+0	2.144E+3
264E+0	699.7514E+0	2.134E+3
265E+0	699.8725E+0	2.13E+3
266E+0	699.9937E+0	2.139E+3
267E+0	700.1148E+0	2.138E+3
268E+0	700.2359E+0	2.136E+3
269E+0	700.3571E+0	2.132E+3
270E+0	700.4782E+0	2.134E+3
271E+0	700.5994E+0	2.133E+3
272E+0	700.7205E+0	2.139E+3
273E+0	700.8417E+0	2.144E+3
274E+0	700.9628E+0	2.138E+3
275E+0	701.0839E+0	2.136E+3
276E+0	701.2051E+0	2.134E+3
277E+0	701.3262E+0	2.133E+3
278E+0	701.4474E+0	2.137E+3
279E+0	701.5685E+0	2.139E+3
280E+0	701.6897E+0	2.128E+3
281E+0	701.8108E+0	2.113E+3
282E+0	701.932E+0	2.116E+3
283E+0	702.0531E+0	2.128E+3
284E+0	702.1743E+0	2.119E+3
285E+0	702.2954E+0	2.115E+3
286E+0	702.4166E+0	2.114E+3
287E+0	702.5377E+0	2.132E+3
288E+0	702.6589E+0	2.106E+3
289E+0	702.7801E+0	2.13E+3
290E+0	702.9012E+0	2.118E+3
291E+0	703.0224E+0	2.127E+3
292E+0	703.1435E+0	2.106E+3
293E+0	703.2647E+0	2.12E+3
294E+0	703.3858E+0	2.111E+3
295E+0	703.507E+0	2.108E+3
296E+0	703.6282E+0	2.106E+3
297E+0	703.7493E+0	2.118E+3
298E+0	703.8705E+0	2.139E+3
299E+0	703.9916E+0	2.128E+3
300E+0	704.1128E+0	2.127E+3
301E+0	704.234E+0	2.124E+3
302E+0	704.3551E+0	2.134E+3
303E+0	704.4763E+0	2.115E+3
304E+0	704.5974E+0	2.112E+3
305E+0	704.7186E+0	2.113E+3
306E+0	704.8398E+0	2.111E+3
307E+0	704.9609E+0	2.115E+3
308E+0	705.0821E+0	2.114E+3
309E+0	705.2033E+0	2.123E+3
310E+0	705.3244E+0	2.106E+3
311E+0	705.4456E+0	2.113E+3
312E+0	705.5668E+0	2.12E+3
313E+0	705.688E+0	2.112E+3
314E+0	705.8091E+0	2.104E+3
315E+0	705.9303E+0	2.121E+3
316E+0	706.0515E+0	2.102E+3
317E+0	706.1726E+0	2.105E+3
318E+0	706.2938E+0	2.1E+3
319E+0	706.415E+0	2.115E+3
320E+0	706.5362E+0	2.106E+3
321E+0	706.6573E+0	2.099E+3
322E+0	706.7785E+0	2.104E+3
323E+0	706.8997E+0	2.101E+3
324E+0	707.0209E+0	2.093E+3
325E+0	707.142E+0	2.094E+3
326E+0	707.2632E+0	2.085E+3
327E+0	707.3844E+0	2.094E+3
328E+0	707.5056E+0	2.102E+3
329E+0	707.6267E+0	2.105E+3
330E+0	707.7479E+0	2.114E+3
331E+0	707.8691E+0	2.119E+3
332E+0	707.9903E+0	2.102E+3
333E+0	708.1115E+0	2.116E+3
334E+0	708.2326E+0	2.093E+3
335E+0	708.3538E+0	2.107E+3
336E+0	708.475E+0	2.104E+3
337E+0	708.5962E+0	2.111E+3
338E+0	708.7174E+0	2.1E+3
339E+0	708.8385E+0	2.109E+3
340E+0	708.9597E+0	2.118E+3
341E+0	709.0809E+0	2.087E+3
342E+0	709.2021E+0	2.134E+3
343E+0	709.3233E+0	2.089E+3
344E+0	709.4445E+0	2.095E+3
345E+0	709.5657E+0	2.106E+3
346E+0	709.6868E+0	2.107E+3
347E+0	709.808E+0	2.104E+3
348E+0	709.9292E+0	2.114E+3
349E+0	710.0504E+0	2.107E+3
350E+0	710.1716E+0	2.095E+3
351E+0	710.2928E+0	2.077E+3
352E+0	710.414E+0	2.083E+3
353E+0	710.5352E+0	2.115E+3
354E+0	710.6564E+0	2.075E+3
355E+0	710.7776E+0	2.088E+3
356E+0	710.8987E+0	2.092E+3
357E+0	711.0199E+0	2.081E+3
358E+0	711.1411E+0	2.089E+3
359E+0	711.2623E+0	2.094E+3
360E+0	711.3835E+0	2.097E+3
361E+0	711.5047E+0	2.098E+3
362E+0	711.6259E+0	2.09E+3
363E+0	711.7471E+0	2.117E+3
364E+0	711.8683E+0	2.093E+3
365E+0	711.9895E+0	2.101E+3
366E+0	712.1107E+0	2.107E+3
367E+0	712.2319E+0	2.086E+3
368E+0	712.3531E+0	2.086E+3
369E+0	712.4743E+0	2.084E+3
370E+0	712.5955E+0	2.1E+3
371E+0	712.7167E+0	2.091E+3
372E+0	712.8379E+0	2.094E+3
373E+0	712.9591E+0	2.097E+3
374E+0	713.0803E+0	2.118E+3
375E+0	713.2015E+0	2.092E+3
376E+0	713.3227E+0	2.094E+3
377E+0	713.4439E+0	2.102E+3
378E+0	713.5651E+0	2.082E+3
379E+0	713.6863E+0	2.095E+3
380E+0	713.8075E+0	2.086E+3
381E+0	713.9287E+0	2.076E+3
382E+0	714.0499E+0	2.089E+3
383E+0	714.1711E+0	2.085E+3
384E+0	714.2923E+0	2.077E+3
385E+0	714.4135E+0	2.074E+3
386E+0	714.5347E+0	2.09E+3
387E+0	714.6559E+0	2.08E+3
388E+0	714.7771E+0	2.095E+3
389E+0	714.8983E+0	2.096E+3
390E+0	715.0195E+0	2.083E+3
391E+0	715.1407E+0	2.097E+3
392E+0	715.262E+0	2.085E+3
393E+0	715.3832E+0	2.082E+3
394E+0	715.5044E+0	2.092E+3
395E+0	715.6256E+0	2.077E+3
396E+0	715.7468E+0	2.079E+3
397E+0	715.868E+0	2.068E+3
398E+0	715.9892E+0	2.073E+3
399E+0	716.1104E+0	2.082E+3
400E+0	716.2316E+0	2.087E+3
401E+0	716.3528E+0	2.079E+3
402E+0	716.474E+0	2.078E+3
403E+0	716.5953E+0	2.078E+3
404E+0	716.7165E+0	2.078E+3
405E+0	716.8377E+0	2.084E+3
406E+0	716.9589E+0	2.084E+3
407E+0	717.0801E+0	2.071E+3
408E+0	717.2013E+0	2.077E+3
409E+0	717.3225E+0	2.082E+3
410E+0	717.4438E+0	2.068E+3
411E+0	717.565E+0	2.089E+3
412E+0	717.6862E+0	2.082E+3
413E+0	717.8074E+0	2.076E+3
414E+0	717.9286E+0	2.074E+3
415E+0	718.0498E+0	2.083E+3
416E+0	718.171E+0	2.068E+3
417E+0	718.2923E+0	2.073E+3
418E+0	718.4135E+0	2.076E+3
419E+0	718.5347E+0	2.081E+3
420E+0	718.6559E+0	2.063E+3
421E+0	718.7771E+0	2.074E+3
422E+0	718.8983E+0	2.067E+3
423E+0	719.0196E+0	2.056E+3
424E+0	719.1408E+0	2.077E+3
425E+0	719.262E+0	2.084E+3
426E+0	719.3832E+0	2.068E+3
427E+0	719.5044E+0	2.068E+3
428E+0	719.6257E+0	2.07E+3
429E+0	719.7469E+0	2.066E+3
430E+0	719.8681E+0	2.066E+3
431E+0	719.9893E+0	2.075E+3
432E+0	720.1105E+0	2.067E+3
433E+0	720.2318E+0	2.074E+3
434E+0	720.353E+0	2.067E+3
435E+0	720.4742E+0	2.077E+3
436E+0	720.5954E+0	2.066E+3
437E+0	720.7166E+0	2.063E+3
438E+0	720.8379E+0	2.063E+3
439E+0	720.9591E+0	2.07E+3
440E+0	721.0803E+0	2.064E+3
441E+0	721.2015E+0	2.07E+3
442E+0	721.3228E+0	2.064E+3
443E+0	721.444E+0	2.09E+3
444E+0	721.5652E+0	2.08E+3
445E+0	721.6864E+0	2.082E+3
446E+0	721.8077E+0	2.068E+3
447E+0	721.9289E+0	2.08E+3
448E+0	722.0501E+0	2.068E+3
449E+0	722.1713E+0	2.056E+3
450E+0	722.2926E+0	2.074E+3
451E+0	722.4138E+0	2.095E+3
452E+0	722.535E+0	2.086E+3
453E+0	722.6562E+0	2.071E+3
454E+0	722.7775E+0	2.045E+3
455E+0	722.8987E+0	2.073E+3
456E+0	723.0199E+0	2.054E+3
457E+0	723.1411E+0	2.055E+3
458E+0	723.2624E+0	2.056E+3
459E+0	723.3836E+0	2.055E+3
460E+0	723.5048E+0	2.05E+3
461E+0	723.6261E+0	2.056E+3
462E+0	723.7473E+0	2.05E+3
463E+0	723.8685E+0	2.048E+3
464E+0	723.9897E+0	2.061E+3
465E+0	724.111E+0	2.074E+3
466E+0	724.2322E+0	2.079E+3
467E+0	724.3534E+0	2.071E+3
468E+0	724.4747E+0	2.08E+3
469E+0	724.5959E+0	2.06E+3
470E+0	724.7171E+0	2.075E+3
471E+0	724.8384E+0	2.075E+3
472E+0	724.9596E+0	2.074E+3
473E+0	725.0808E+0	2.05E+3
474E+0	725.202E+0	2.079E+3
475E+0	725.3233E+0	2.067E+3
476E+0	725.4445E+0	2.048E+3
477E+0	725.5657E+0	2.059E+3
478E+0	725.687E+0	2.06E+3
479E+0	725.8082E+0	2.048E+3
480E+0	725.9294E+0	2.07E+3
481E+0	726.0507E+0	2.063E+3
482E+0	726.1719E+0	2.058E+3
483E+0	726.2931E+0	2.048E+3
484E+0	726.4144E+0	2.059E+3
485E+0	726.5356E+0	2.06E+3
486E+0	726.6568E+0	2.056E+3
487E+0	726.7781E+0	2.053E+3
488E+0	726.8993E+0	2.055E+3
489E+0	727.0205E+0	2.056E+3
490E+0	727.1418E+0	2.052E+3
491E+0	727.263E+0	2.037E+3
492E+0	727.3842E+0	2.056E+3
493E+0	727.5055E+0	2.039E+3
494E+0	727.6267E+0	2.045E+3
495E+0	727.7479E+0	2.048E+3
496E+0	727.8692E+0	2.037E+3
497E+0	727.9904E+0	2.042E+3
498E+0	728.1116E+0	2.037E+3
499E+0	728.2329E+0	2.045E+3
500E+0	728.3541E+0	2.039E+3
501E+0	728.4753E+0	2.024E+3
502E+0	728.5966E+0	2.034E+3
503E+0	728.7178E+0	2.026E+3
504E+0	728.839E+0	2.031E+3
505E+0	728.9603E+0	2.049E+3
506E+0	729.0815E+0	2.04E+3
507E+0	729.2027E+0	2.029E+3
508E+0	729.324E+0	2.038E+3
509E+0	729.4452E+0	2.027E+3
510E+0	729.5665E+0	2.044E+3
511E+0	729.6877E+0	2.039E+3
512E+0	729.8089E+0	2.029E+3
513E+0	729.9302E+0	2.018E+3
514E+0	730.0514E+0	2.04E+3
515E+0	730.1726E+0	2.021E+3
516E+0	730.2939E+0	2.04E+3
517E+0	730.4151E+0	2.022E+3
518E+0	730.5363E+0	2.028E+3
519E+0	730.6576E+0	2.039E+3
520E+0	730.7788E+0	2.039E+3
521E+0	730.9001E+0	2.025E+3
522E+0	731.0213E+0	2.026E+3
523E+0	731.1425E+0	2.013E+3
524E+0	731.2638E+0	2.018E+3
525E+0	731.385E+0	2.019E+3
526E+0	731.5062E+0	2.019E+3
527E+0	731.6275E+0	2.024E+3
528E+0	731.7487E+0	2.032E+3
529E+0	731.8699E+0	2.014E+3
530E+0	731.9912E+0	2.026E+3
531E+0	732.1124E+0	2.014E+3
532E+0	732.2337E+0	2.022E+3
533E+0	732.3549E+0	2.021E+3
534E+0	732.4761E+0	2.023E+3
535E+0	732.5974E+0	2.011E+3
536E+0	732.7186E+0	2.02E+3
537E+0	732.8398E+0	2.028E+3
538E+0	732.9611E+0	2.012E+3
539E+0	733.0823E+0	2.008E+3
540E+0	733.2036E+0	2.017E+3
541E+0	733.3248E+0	1.994E+3
542E+0	733.446E+0	2.02E+3
543E+0	733.5673E+0	2.012E+3
544E+0	733.6885E+0	2.007E+3
545E+0	733.8097E+0	2.008E+3
546E+0	733.931E+0	2.025E+3
547E+0	734.0522E+0	2.012E+3
548E+0	734.1735E+0	2.013E+3
549E+0	734.2947E+0	2.014E+3
550E+0	734.4159E+0	2.021E+3
551E+0	734.5372E+0	2.001E+3
552E+0	734.6584E+0	2.016E+3
553E+0	734.7796E+0	1.993E+3
554E+0	734.9009E+0	1.992E+3
555E+0	735.0221E+0	1.995E+3
556E+0	735.1434E+0	1.995E+3
557E+0	735.2646E+0	1.988E+3
558E+0	735.3858E+0	2.012E+3
559E+0	735.5071E+0	2.012E+3
560E+0	735.6283E+0	1.999E+3
561E+0	735.7495E+0	2.008E+3
562E+0	735.8708E+0	2.012E+3
563E+0	735.992E+0	2.011E+3
564E+0	736.1133E+0	1.991E+3
565E+0	736.2345E+0	2.006E+3
566E+0	736.3557E+0	1.99E+3
567E+0	736.477E+0	1.996E+3
568E+0	736.5982E+0	1.989E+3
569E+0	736.7194E+0	1.989E+3
570E+0	736.8407E+0	2.005E+3
571E+0	736.9619E+0	1.995E+3
572E+0	737.0832E+0	1.987E+3
573E+0	737.2044E+0	1.983E+3
574E+0	737.3256E+0	1.994E+3
575E+0	737.4469E+0	1.994E+3
576E+0	737.5681E+0	1.986E+3
577E+0	737.6893E+0	1.995E+3
578E+0	737.8106E+0	1.98E+3
579E+0	737.9318E+0	1.981E+3
580E+0	738.053E+0	1.975E+3
581E+0	738.1743E+0	1.97E+3
582E+0	738.2955E+0	1.973E+3
583E+0	738.4167E+0	1.967E+3
584E+0	738.538E+0	1.997E+3
585E+0	738.6592E+0	1.995E+3
586E+0	738.7805E+0	2.008E+3
587E+0	738.9017E+0	1.991E+3
588E+0	739.0229E+0	1.989E+3
589E+0	739.1442E+0	1.985E+3
590E+0	739.2654E+0	1.987E+3
591E+0	739.3866E+0	1.99E+3
592E+0	739.5079E+0	1.985E+3
593E+0	739.6291E+0	1.99E+3
594E+0	739.7503E+0	1.978E+3
595E+0	739.8716E+0	1.972E+3
596E+0	739.9928E+0	1.956E+3
597E+0	740.114E+0	1.968E+3
598E+0	740.2353E+0	1.95E+3
599E+0	740.3565E+0	1.944E+3
600E+0	740.4777E+0	1.946E+3
601E+0	740.599E+0	1.937E+3
602E+0	740.7202E+0	1.946E+3
603E+0	740.8414E+0	1.961E+3
604E+0	740.9627E+0	1.965E+3
605E+0	741.0839E+0	1.952E+3
606E+0	741.2051E+0	1.96E+3
607E+0	741.3264E+0	1.958E+3
608E+0	741.4476E+0	1.97E+3
609E+0	741.5688E+0	1.982E+3
610E+0	741.6901E+0	1.979E+3
611E+0	741.8113E+0	1.969E+3
612E+0	741.9325E+0	1.966E+3
613E+0	742.0538E+0	1.966E+3
614E+0	742.175E+0	1.973E+3
615E+0	742.2962E+0	1.984E+3
616E+0	742.4175E+0	1.978E+3
617E+0	742.5387E+0	1.966E+3
618E+0	742.6599E+0	1.978E+3
619E+0	742.7812E+0	1.977E+3
620E+0	742.9024E+0	1.967E+3
621E+0	743.0236E+0	1.969E+3
622E+0	743.1448E+0	1.969E+3
623E+0	743.2661E+0	1.957E+3
624E+0	743.3873E+0	1.969E+3
625E+0	743.5085E+0	1.976E+3
626E+0	743.6298E+0	1.962E+3
627E+0	743.751E+0	1.965E+3
628E+0	743.8722E+0	1.943E+3
629E+0	743.9935E+0	1.96E+3
630E+0	744.1147E+0	1.951E+3
631E+0	744.2359E+0	1.963E+3
632E+0	744.3571E+0	1.956E+3
633E+0	744.4784E+0	1.955E+3
634E+0	744.5996E+0	1.949E+3
635E+0	744.7208E+0	1.956E+3
636E+0	744.8421E+0	1.959E+3
637E+0	744.9633E+0	1.959E+3
638E+0	745.0845E+0	1.969E+3
639E+0	745.2057E+0	1.956E+3
640E+0	745.327E+0	1.948E+3
641E+0	745.4482E+0	1.964E+3
642E+0	745.5694E+0	1.949E+3
643E+0	745.6906E+0	1.949E+3
644E+0	745.8119E+0	1.946E+3
645E+0	745.9331E+0	1.931E+3
646E+0	746.0543E+0	1.93E+3
647E+0	746.1755E+0	1.942E+3
648E+0	746.2968E+0	1.927E+3
649E+0	746.418E+0	1.941E+3
650E+0	746.5392E+0	1.942E+3
651E+0	746.6604E+0	1.94E+3
652E+0	746.7817E+0	1.933E+3
653E+0	746.9029E+0	1.945E+3
654E+0	747.0241E+0	1.944E+3
655E+0	747.1453E+0	1.937E+3
656E+0	747.2666E+0	1.956E+3
657E+0	747.3878E+0	1.924E+3
658E+0	747.509E+0	1.953E+3
659E+0	747.6302E+0	1.941E+3
660E+0	747.7514E+0	1.933E+3
661E+0	747.8727E+0	1.93E+3
662E+0	747.9939E+0	1.94E+3
663E+0	748.1151E+0	1.929E+3
664E+0	748.2363E+0	1.938E+3
665E+0	748.3575E+0	1.943E+3
666E+0	748.4788E+0	1.939E+3
667E+0	748.6E+0	1.932E+3
668E+0	748.7212E+0	1.933E+3
669E+0	748.8424E+0	1.939E+3
670E+0	748.9636E+0	1.93E+3
671E+0	749.0849E+0	1.932E+3
672E+0	749.2061E+0	1.929E+3
673E+0	749.3273E+0	1.926E+3
674E+0	749.4485E+0	1.918E+3
675E+0	749.5697E+0	1.906E+3
676E+0	749.6909E+0	1.916E+3
677E+0	749.8122E+0	1.906E+3
678E+0	749.9334E+0	1.906E+3
679E+0	750.0546E+0	1.912E+3
680E+0	750.1758E+0	1.909E+3
681E+0	750.297E+0	1.9E+3
682E+0	750.4182E+0	1.904E+3
683E+0	750.5394E+0	1.896E+3
684E+0	750.6607E+0	1.891E+3
685E+0	750.7819E+0	1.905E+3
686E+0	750.9031E+0	1.886E+3
687E+0	751.0243E+0	1.897E+3
688E+0	751.1455E+0	1.889E+3
689E+0	751.2667E+0	1.894E+3
690E+0	751.3879E+0	1.906E+3
691E+0	751.5091E+0	1.892E+3
692E+0	751.6304E+0	1.898E+3
693E+0	751.7516E+0	1.909E+3
694E+0	751.8728E+0	1.906E+3
695E+0	751.994E+0	1.89E+3
696E+0	752.1152E+0	1.897E+3
697E+0	752.2364E+0	1.896E+3
698E+0	752.3576E+0	1.896E+3
699E+0	752.4788E+0	1.896E+3
700E+0	752.6E+0	1.89E+3
701E+0	752.7212E+0	1.878E+3
702E+0	752.8424E+0	1.879E+3
703E+0	752.9636E+0	1.867E+3
704E+0	753.0849E+0	1.881E+3
705E+0	753.2061E+0	1.868E+3
706E+0	753.3273E+0	1.88E+3
707E+0	753.4485E+0	1.878E+3
708E+0	753.5697E+0	1.905E+3
709E+0	753.6909E+0	1.912E+3
710E+0	753.8121E+0	1.908E+3
711E+0	753.9333E+0	1.914E+3
712E+0	754.0545E+0	1.921E+3
713E+0	754.1757E+0	1.908E+3
714E+0	754.2969E+0	1.908E+3
715E+0	754.4181E+0	1.884E+3
716E+0	754.5393E+0	1.889E+3
717E+0	754.6605E+0	1.915E+3
718E+0	754.7817E+0	1.905E+3
719E+0	754.9029E+0	1.889E+3
720E+0	755.0241E+0	1.9E+3
721E+0	755.1453E+0	1.901E+3
722E+0	755.2665E+0	1.901E+3
723E+0	755.3877E+0	1.89E+3
724E+0	755.5089E+0	1.883E+3
725E+0	755.6301E+0	1.886E+3
726E+0	755.7513E+0	1.887E+3
727E+0	755.8725E+0	1.901E+3
728E+0	755.9937E+0	1.891E+3
729E+0	756.1149E+0	1.903E+3
730E+0	756.2361E+0	1.904E+3
731E+0	756.3573E+0	1.894E+3
732E+0	756.4785E+0	1.886E+3
733E+0	756.5997E+0	1.901E+3
734E+0	756.7208E+0	1.893E+3
735E+0	756.842E+0	1.889E+3
736E+0	756.9632E+0	1.885E+3
737E+0	757.0844E+0	1.879E+3
738E+0	757.2056E+0	1.878E+3
739E+0	757.3268E+0	1.898E+3
740E+0	757.448E+0	1.879E+3
741E+0	757.5692E+0	1.885E+3
742E+0	757.6904E+0	1.889E+3
743E+0	757.8116E+0	1.876E+3
744E+0	757.9327E+0	1.876E+3
745E+0	758.0539E+0	1.872E+3
746E+0	758.1751E+0	1.877E+3
747E+0	758.2963E+0	1.87E+3
748E+0	758.4175E+0	1.875E+3
749E+0	758.5387E+0	1.885E+3
750E+0	758.6599E+0	1.877E+3
751E+0	758.7811E+0	1.883E+3
752E+0	758.9022E+0	1.889E+3
753E+0	759.0234E+0	1.874E+3
754E+0	759.1446E+0	1.87E+3
755E+0	759.2658E+0	1.882E+3
756E+0	759.387E+0	1.866E+3
757E+0	759.5082E+0	1.871E+3
758E+0	759.6293E+0	1.89E+3
759E+0	759.7505E+0	1.889E+3
760E+0	759.8717E+0	1.864E+3
761E+0	759.9929E+0	1.87E+3
762E+0	760.1141E+0	1.864E+3
763E+0	760.2352E+0	1.883E+3
764E+0	760.3564E+0	1.868E+3
765E+0	760.4776E+0	1.851E+3
766E+0	760.5988E+0	1.869E+3
767E+0	760.7199E+0	1.866E+3
768E+0	760.8411E+0	1.86E+3
769E+0	760.9623E+0	1.857E+3
770E+0	761.0835E+0	1.872E+3
771E+0	761.2046E+0	1.87E+3
772E+0	761.3258E+0	1.857E+3
773E+0	761.447E+0	1.87E+3
774E+0	761.5682E+0	1.854E+3
775E+0	761.6893E+0	1.863E+3
776E+0	761.8105E+0	1.86E+3
777E+0	761.9317E+0	1.86E+3
778E+0	762.0528E+0	1.854E+3
779E+0	762.174E+0	1.855E+3
780E+0	762.2952E+0	1.851E+3
781E+0	762.4163E+0	1.869E+3
782E+0	762.5375E+0	1.852E+3
783E+0	762.6587E+0	1.864E+3
784E+0	762.7798E+0	1.861E+3
785E+0	762.901E+0	1.854E+3
786E+0	763.0222E+0	1.859E+3
787E+0	763.1433E+0	1.853E+3
788E+0	763.2645E+0	1.844E+3
789E+0	763.3857E+0	1.856E+3
790E+0	763.5068E+0	1.854E+3
791E+0	763.628E+0	1.856E+3
792E+0	763.7492E+0	1.855E+3
793E+0	763.8703E+0	1.866E+3
794E+0	763.9915E+0	1.85E+3
795E+0	764.1126E+0	1.847E+3
796E+0	764.2338E+0	1.851E+3
797E+0	764.3549E+0	1.84E+3
798E+0	764.4761E+0	1.849E+3
799E+0	764.5973E+0	1.846E+3
800E+0	764.7184E+0	1.852E+3
801E+0	764.8396E+0	1.845E+3
802E+0	764.9607E+0	1.85E+3
803E+0	765.0819E+0	1.851E+3
804E+0	765.203E+0	1.855E+3
805E+0	765.3242E+0	1.843E+3
806E+0	765.4453E+0	1.839E+3
807E+0	765.5665E+0	1.845E+3
808E+0	765.6876E+0	1.855E+3
809E+0	765.8088E+0	1.844E+3
810E+0	765.9299E+0	1.841E+3
811E+0	766.0511E+0	1.852E+3
812E+0	766.1722E+0	1.835E+3
813E+0	766.2934E+0	1.843E+3
814E+0	766.4145E+0	1.837E+3
815E+0	766.5357E+0	1.847E+3
816E+0	766.6568E+0	1.843E+3
817E+0	766.778E+0	1.84E+3
818E+0	766.8991E+0	1.84E+3
819E+0	767.0203E+0	1.842E+3
820E+0	767.1414E+0	1.827E+3
821E+0	767.2625E+0	1.841E+3
822E+0	767.3837E+0	1.829E+3
823E+0	767.5048E+0	1.84E+3
824E+0	767.626E+0	1.819E+3
825E+0	767.7471E+0	1.83E+3
826E+0	767.8682E+0	1.832E+3
827E+0	767.9894E+0	1.833E+3
828E+0	768.1105E+0	1.834E+3
829E+0	768.2317E+0	1.834E+3
830E+0	768.3528E+0	1.839E+3
831E+0	768.4739E+0	1.835E+3
832E+0	768.5951E+0	1.835E+3
833E+0	768.7162E+0	1.832E+3
834E+0	768.8373E+0	1.834E+3
835E+0	768.9585E+0	1.832E+3
836E+0	769.0796E+0	1.822E+3
837E+0	769.2007E+0	1.824E+3
838E+0	769.3219E+0	1.826E+3
839E+0	769.443E+0	1.813E+3
840E+0	769.5641E+0	1.827E+3
841E+0	769.6852E+0	1.831E+3
842E+0	769.8064E+0	1.816E+3
843E+0	769.9275E+0	1.83E+3
844E+0	770.0486E+0	1.832E+3
845E+0	770.1697E+0	1.812E+3
846E+0	770.2909E+0	1.816E+3
847E+0	770.412E+0	1.822E+3
848E+0	770.5331E+0	1.824E+3
849E+0	770.6542E+0	1.816E+3
850E+0	770.7754E+0	1.81E+3
851E+0	770.8965E+0	1.83E+3
852E+0	771.0176E+0	1.82E+3
853E+0	771.1387E+0	1.824E+3
854E+0	771.2598E+0	1.823E+3
855E+0	771.3809E+0	1.809E+3
856E+0	771.5021E+0	1.818E+3
857E+0	771.6232E+0	1.808E+3
858E+0	771.7443E+0	1.808E+3
859E+0	771.8654E+0	1.798E+3
860E+0	771.9865E+0	1.815E+3
861E+0	772.1076E+0	1.811E+3
862E+0	772.2287E+0	1.808E+3
863E+0	772.3499E+0	1.811E+3
864E+0	772.471E+0	1.806E+3
865E+0	772.5921E+0	1.809E+3
866E+0	772.7132E+0	1.802E+3
867E+0	772.8343E+0	1.804E+3
868E+0	772.9554E+0	1.813E+3
869E+0	773.0765E+0	1.81E+3
870E+0	773.1976E+0	1.796E+3
871E+0	773.3187E+0	1.806E+3
872E+0	773.4398E+0	1.808E+3
873E+0	773.5609E+0	1.788E+3
874E+0	773.682E+0	1.791E+3
875E+0	773.8031E+0	1.796E+3
876E+0	773.9242E+0	1.811E+3
877E+0	774.0453E+0	1.791E+3
878E+0	774.1664E+0	1.793E+3
879E+0	774.2875E+0	1.802E+3
880E+0	774.4086E+0	1.796E+3
881E+0	774.5297E+0	1.802E+3
882E+0	774.6508E+0	1.8E+3
883E+0	774.7719E+0	1.808E+3
884E+0	774.893E+0	1.788E+3
885E+0	775.0141E+0	1.795E+3
886E+0	775.1352E+0	1.794E+3
887E+0	775.2563E+0	1.803E+3
888E+0	775.3773E+0	1.794E+3
889E+0	775.4984E+0	1.788E+3
890E+0	775.6195E+0	1.773E+3
891E+0	775.7406E+0	1.78E+3
892E+0	775.8617E+0	1.79E+3
893E+0	775.9828E+0	1.775E+3
894E+0	776.1039E+0	1.797E+3
895E+0	776.2249E+0	1.769E+3
896E+0	776.346E+0	1.787E+3
897E+0	776.4671E+0	1.789E+3
898E+0	776.5882E+0	1.787E+3
899E+0	776.7093E+0	1.785E+3
900E+0	776.8304E+0	1.783E+3
901E+0	776.9514E+0	1.776E+3
902E+0	777.0725E+0	1.777E+3
903E+0	777.1936E+0	1.786E+3
904E+0	777.3147E+0	1.786E+3
905E+0	777.4357E+0	1.791E+3
906E+0	777.5568E+0	1.775E+3
907E+0	777.6779E+0	1.762E+3
908E+0	777.799E+0	1.764E+3
909E+0	777.92E+0	1.765E+3
910E+0	778.0411E+0	1.771E+3
911E+0	778.1622E+0	1.778E+3
912E+0	778.2832E+0	1.765E+3
913E+0	778.4043E+0	1.766E+3
914E+0	778.5254E+0	1.775E+3
915E+0	778.6464E+0	1.767E+3
916E+0	778.7675E+0	1.779E+3
917E+0	778.8886E+0	1.765E+3
918E+0	779.0096E+0	1.764E+3
919E+0	779.1307E+0	1.75E+3
920E+0	779.2517E+0	1.757E+3
921E+0	779.3728E+0	1.763E+3
922E+0	779.4939E+0	1.749E+3
923E+0	779.6149E+0	1.756E+3
924E+0	779.736E+0	1.749E+3
925E+0	779.857E+0	1.77E+3
926E+0	779.9781E+0	1.748E+3
927E+0	780.0991E+0	1.754E+3
928E+0	780.2202E+0	1.766E+3
929E+0	780.3412E+0	1.747E+3
930E+0	780.4623E+0	1.751E+3
931E+0	780.5833E+0	1.764E+3
932E+0	780.7044E+0	1.753E+3
933E+0	780.8254E+0	1.754E+3
934E+0	780.9465E+0	1.756E+3
935E+0	781.0675E+0	1.749E+3
936E+0	781.1886E+0	1.741E+3
937E+0	781.3096E+0	1.746E+3
938E+0	781.4307E+0	1.742E+3
939E+0	781.5517E+0	1.749E+3
940E+0	781.6727E+0	1.737E+3
941E+0	781.7938E+0	1.74E+3
942E+0	781.9148E+0	1.73E+3
943E+0	782.0359E+0	1.74E+3
944E+0	782.1569E+0	1.734E+3
945E+0	782.2779E+0	1.731E+3
946E+0	782.399E+0	1.727E+3
947E+0	782.52E+0	1.726E+3
948E+0	782.641E+0	1.732E+3
949E+0	782.7621E+0	1.724E+3
950E+0	782.8831E+0	1.718E+3
951E+0	783.0041E+0	1.717E+3
952E+0	783.1251E+0	1.718E+3
953E+0	783.2462E+0	1.713E+3
954E+0	783.3672E+0	1.722E+3
955E+0	783.4882E+0	1.715E+3
956E+0	783.6093E+0	1.71E+3
957E+0	783.7303E+0	1.713E+3
958E+0	783.8513E+0	1.723E+3
959E+0	783.9723E+0	1.709E+3
960E+0	784.0933E+0	1.718E+3
961E+0	784.2144E+0	1.715E+3
962E+0	784.3354E+0	1.713E+3
963E+0	784.4564E+0	1.711E+3
964E+0	784.5774E+0	1.699E+3
965E+0	784.6984E+0	1.706E+3
966E+0	784.8194E+0	1.712E+3
967E+0	784.9404E+0	1.697E+3
968E+0	785.0615E+0	1.702E+3
969E+0	785.1825E+0	1.704E+3
970E+0	785.3035E+0	1.69E+3
971E+0	785.4245E+0	1.693E+3
972E+0	785.5455E+0	1.691E+3
973E+0	785.6665E+0	1.696E+3
974E+0	785.7875E+0	1.706E+3
975E+0	785.9085E+0	1.7E+3
976E+0	786.0295E+0	1.706E+3
977E+0	786.1505E+0	1.692E+3
978E+0	786.2715E+0	1.693E+3
979E+0	786.3925E+0	1.697E+3
980E+0	786.5135E+0	1.684E+3
981E+0	786.6345E+0	1.703E+3
982E+0	786.7555E+0	1.681E+3
983E+0	786.8765E+0	1.692E+3
984E+0	786.9975E+0	1.686E+3
985E+0	787.1185E+0	1.684E+3
986E+0	787.2395E+0	1.684E+3
987E+0	787.3605E+0	1.676E+3
988E+0	787.4815E+0	1.673E+3
989E+0	787.6024E+0	1.67E+3
990E+0	787.7234E+0	1.679E+3
991E+0	787.8444E+0	1.672E+3
992E+0	787.9654E+0	1.673E+3
993E+0	788.0864E+0	1.687E+3
994E+0	788.2074E+0	1.675E+3
995E+0	788.3284E+0	1.679E+3
996E+0	788.4493E+0	1.682E+3
997E+0	788.5703E+0	1.664E+3
998E+0	788.6913E+0	1.669E+3
999E+0	788.8123E+0	1.671E+3
1E+3	788.9332E+0	1.666E+3
1.001E+3	789.0542E+0	1.658E+3
1.002E+3	789.1752E+0	1.653E+3
1.003E+3	789.2962E+0	1.676E+3
1.004E+3	789.4171E+0	1.661E+3
1.005E+3	789.5381E+0	1.669E+3
1.006E+3	789.6591E+0	1.654E+3
1.007E+3	789.78E+0	1.66E+3
1.008E+3	789.901E+0	1.652E+3
1.009E+3	790.022E+0	1.651E+3
1.01E+3	790.1429E+0	1.657E+3
1.011E+3	790.2639E+0	1.655E+3
1.012E+3	790.3849E+0	1.646E+3
1.013E+3	790.5058E+0	1.66E+3
1.014E+3	790.6268E+0	1.642E+3
1.015E+3	790.7477E+0	1.656E+3
1.016E+3	790.8687E+0	1.644E+3
1.017E+3	790.9896E+0	1.647E+3
1.018E+3	791.1106E+0	1.651E+3
1.019E+3	791.2316E+0	1.648E+3
1.02E+3	791.3525E+0	1.645E+3
1.021E+3	791.4735E+0	1.644E+3
1.022E+3	791.5944E+0	1.641E+3
1.023E+3	791.7154E+0	1.645E+3
1.024E+3	791.8363E+0	1.66E+3

SympCCD.YPixels_Scan29        	                              
1E+0
