#2021-09-02
#3:52:09 PM
#Balayage par: dphy-morrislab
#Description Keyword: 
#
#Instrument: Triax320@Triax320.lvclass; Function:Position (nm); Parameters: *BeforeWait(ms): 0;*AfterWait(ms): 0; ; Grating#: 1; Line Density(Grv/mm): 1800; Blaze: 400nm; Input Slit(mm): 0.400; Output Slit(mm): 0.400;
#Instrument: Tools@Tools.lvclass; Function:Indice de Point (Points); Parameters: *BeforeWait(ms): 0;*AfterWait(ms): 0; 
#Instrument: SympCCD@SymphonyCCD.lvclass; Function:AcqImage (Counts); Parameters: *BeforeWait(ms): 0;*AfterWait(ms): 0;  Lambda Factor: 0.00000; Lambda Source: Lambda@Triax320; Lambda Offset: 0.00000;Multiplier Source: GrooveRatio@Triax320; Multiplier Value: 0.00000; Y Bins: 1; X Start: 1; X End: 1024; Y Start: 100; Y End: 160; Integration Time(ms): 10000; ADC1:  20 kHz Tab 1; Gain  2.0(x); Ccd Temp(degC): -127.001; Shutter Enable: True; Accumulation: 3; Noise Mode: Off; Noise Window Enabled: False; Window Width(ds): 1.000; Window Avg Samples: 1;

#SympCCD.XPixels               	SympCCD.Wavelenght(nm)        	SympCCD.Y Pix Row 1  Acq 1(Cnt)	SympCCD.Y Pix Row 1  Acq 2(Cnt)	SympCCD.Y Pix Row 1  Acq 3(Cnt)	SympCCD.Y Pix Row 1  Avrg(Cnt)
1E+0	563.2314E+0	1.243E+3	1.236E+3	1.236E+3	1.238333333333E+3
2E+0	563.2643E+0	1.24E+3	1.246E+3	1.245E+3	1.243666666667E+3
3E+0	563.2972E+0	1.246E+3	1.246E+3	1.243E+3	1.245E+3
4E+0	563.3301E+0	1.246E+3	1.241E+3	1.242E+3	1.243E+3
5E+0	563.3631E+0	1.25E+3	1.247E+3	1.244E+3	1.247E+3
6E+0	563.396E+0	1.244E+3	1.247E+3	1.243E+3	1.244666666667E+3
7E+0	563.4289E+0	1.245E+3	1.249E+3	1.243E+3	1.245666666667E+3
8E+0	563.4618E+0	1.248E+3	1.245E+3	1.243E+3	1.245333333333E+3
9E+0	563.4947E+0	1.248E+3	1.248E+3	1.246E+3	1.247333333333E+3
10E+0	563.5276E+0	1.245E+3	1.253E+3	1.247E+3	1.248333333333E+3
11E+0	563.5605E+0	1.249E+3	1.248E+3	1.241E+3	1.246E+3
12E+0	563.5934E+0	1.24E+3	1.245E+3	1.246E+3	1.243666666667E+3
13E+0	563.6263E+0	1.245E+3	1.249E+3	1.25E+3	1.248E+3
14E+0	563.6592E+0	1.251E+3	1.245E+3	1.246E+3	1.247333333333E+3
15E+0	563.6921E+0	1.248E+3	1.246E+3	1.247E+3	1.247E+3
16E+0	563.725E+0	1.242E+3	1.246E+3	1.249E+3	1.245666666667E+3
17E+0	563.7579E+0	1.245E+3	1.254E+3	1.245E+3	1.248E+3
18E+0	563.7908E+0	1.25E+3	1.25E+3	1.246E+3	1.248666666667E+3
19E+0	563.8237E+0	1.243E+3	1.246E+3	1.243E+3	1.244E+3
20E+0	563.8565E+0	1.248E+3	1.246E+3	1.251E+3	1.248333333333E+3
21E+0	563.8894E+0	1.245E+3	1.247E+3	1.25E+3	1.247333333333E+3
22E+0	563.9223E+0	1.249E+3	1.248E+3	1.254E+3	1.250333333333E+3
23E+0	563.9552E+0	1.254E+3	1.245E+3	1.248E+3	1.249E+3
24E+0	563.9881E+0	1.253E+3	1.253E+3	1.251E+3	1.252333333333E+3
25E+0	564.021E+0	1.241E+3	1.245E+3	1.247E+3	1.244333333333E+3
26E+0	564.0539E+0	1.253E+3	1.248E+3	1.256E+3	1.252333333333E+3
27E+0	564.0868E+0	1.246E+3	1.247E+3	1.243E+3	1.245333333333E+3
28E+0	564.1197E+0	1.247E+3	1.249E+3	1.25E+3	1.248666666667E+3
29E+0	564.1525E+0	1.252E+3	1.247E+3	1.256E+3	1.251666666667E+3
30E+0	564.1854E+0	1.25E+3	1.251E+3	1.251E+3	1.250666666667E+3
31E+0	564.2183E+0	1.252E+3	1.253E+3	1.257E+3	1.254E+3
32E+0	564.2512E+0	1.257E+3	1.253E+3	1.252E+3	1.254E+3
33E+0	564.2841E+0	1.248E+3	1.247E+3	1.251E+3	1.248666666667E+3
34E+0	564.317E+0	1.252E+3	1.252E+3	1.249E+3	1.251E+3
35E+0	564.3498E+0	1.247E+3	1.254E+3	1.248E+3	1.249666666667E+3
36E+0	564.3827E+0	1.254E+3	1.248E+3	1.25E+3	1.250666666667E+3
37E+0	564.4156E+0	1.258E+3	1.251E+3	1.256E+3	1.255E+3
38E+0	564.4485E+0	1.253E+3	1.254E+3	1.253E+3	1.253333333333E+3
39E+0	564.4814E+0	1.253E+3	1.253E+3	1.257E+3	1.254333333333E+3
40E+0	564.5142E+0	1.249E+3	1.254E+3	1.252E+3	1.251666666667E+3
41E+0	564.5471E+0	1.251E+3	1.247E+3	1.246E+3	1.248E+3
42E+0	564.58E+0	1.254E+3	1.252E+3	1.252E+3	1.252666666667E+3
43E+0	564.6129E+0	1.248E+3	1.254E+3	1.253E+3	1.251666666667E+3
44E+0	564.6457E+0	1.256E+3	1.252E+3	1.251E+3	1.253E+3
45E+0	564.6786E+0	1.258E+3	1.252E+3	1.258E+3	1.256E+3
46E+0	564.7115E+0	1.249E+3	1.252E+3	1.257E+3	1.252666666667E+3
47E+0	564.7444E+0	1.256E+3	1.254E+3	1.249E+3	1.253E+3
48E+0	564.7772E+0	1.262E+3	1.255E+3	1.259E+3	1.258666666667E+3
49E+0	564.8101E+0	1.256E+3	1.252E+3	1.253E+3	1.253666666667E+3
50E+0	564.843E+0	1.256E+3	1.257E+3	1.254E+3	1.255666666667E+3
51E+0	564.8758E+0	1.251E+3	1.259E+3	1.259E+3	1.256333333333E+3
52E+0	564.9087E+0	1.257E+3	1.258E+3	1.252E+3	1.255666666667E+3
53E+0	564.9416E+0	1.259E+3	1.26E+3	1.26E+3	1.259666666667E+3
54E+0	564.9744E+0	1.252E+3	1.26E+3	1.254E+3	1.255333333333E+3
55E+0	565.0073E+0	1.254E+3	1.25E+3	1.254E+3	1.252666666667E+3
56E+0	565.0401E+0	1.264E+3	1.26E+3	1.255E+3	1.259666666667E+3
57E+0	565.073E+0	1.266E+3	1.258E+3	1.254E+3	1.259333333333E+3
58E+0	565.1059E+0	1.258E+3	1.258E+3	1.257E+3	1.257666666667E+3
59E+0	565.1387E+0	1.258E+3	1.263E+3	1.256E+3	1.259E+3
60E+0	565.1716E+0	1.259E+3	1.257E+3	1.255E+3	1.257E+3
61E+0	565.2044E+0	1.258E+3	1.259E+3	1.261E+3	1.259333333333E+3
62E+0	565.2373E+0	1.266E+3	1.262E+3	1.259E+3	1.262333333333E+3
63E+0	565.2702E+0	1.261E+3	1.26E+3	1.26E+3	1.260333333333E+3
64E+0	565.303E+0	1.267E+3	1.26E+3	1.261E+3	1.262666666667E+3
65E+0	565.3359E+0	1.258E+3	1.26E+3	1.263E+3	1.260333333333E+3
66E+0	565.3687E+0	1.262E+3	1.261E+3	1.262E+3	1.261666666667E+3
67E+0	565.4016E+0	1.266E+3	1.269E+3	1.262E+3	1.265666666667E+3
68E+0	565.4344E+0	1.264E+3	1.255E+3	1.262E+3	1.260333333333E+3
69E+0	565.4673E+0	1.259E+3	1.264E+3	1.261E+3	1.261333333333E+3
70E+0	565.5001E+0	1.265E+3	1.26E+3	1.258E+3	1.261E+3
71E+0	565.533E+0	1.253E+3	1.259E+3	1.264E+3	1.258666666667E+3
72E+0	565.5658E+0	1.268E+3	1.263E+3	1.261E+3	1.264E+3
73E+0	565.5987E+0	1.268E+3	1.256E+3	1.26E+3	1.261333333333E+3
74E+0	565.6315E+0	1.266E+3	1.261E+3	1.253E+3	1.26E+3
75E+0	565.6644E+0	1.263E+3	1.259E+3	1.255E+3	1.259E+3
76E+0	565.6972E+0	1.261E+3	1.257E+3	1.258E+3	1.258666666667E+3
77E+0	565.7301E+0	1.256E+3	1.261E+3	1.258E+3	1.258333333333E+3
78E+0	565.7629E+0	1.258E+3	1.261E+3	1.265E+3	1.261333333333E+3
79E+0	565.7958E+0	1.259E+3	1.265E+3	1.259E+3	1.261E+3
80E+0	565.8286E+0	1.266E+3	1.264E+3	1.258E+3	1.262666666667E+3
81E+0	565.8614E+0	1.261E+3	1.266E+3	1.266E+3	1.264333333333E+3
82E+0	565.8943E+0	1.264E+3	1.264E+3	1.262E+3	1.263333333333E+3
83E+0	565.9271E+0	1.265E+3	1.261E+3	1.267E+3	1.264333333333E+3
84E+0	565.96E+0	1.26E+3	1.264E+3	1.259E+3	1.261E+3
85E+0	565.9928E+0	1.261E+3	1.262E+3	1.263E+3	1.262E+3
86E+0	566.0256E+0	1.263E+3	1.267E+3	1.261E+3	1.263666666667E+3
87E+0	566.0585E+0	1.259E+3	1.268E+3	1.27E+3	1.265666666667E+3
88E+0	566.0913E+0	1.268E+3	1.259E+3	1.261E+3	1.262666666667E+3
89E+0	566.1241E+0	1.262E+3	1.265E+3	1.262E+3	1.263E+3
90E+0	566.157E+0	1.26E+3	1.262E+3	1.263E+3	1.261666666667E+3
91E+0	566.1898E+0	1.258E+3	1.259E+3	1.265E+3	1.260666666667E+3
92E+0	566.2226E+0	1.27E+3	1.26E+3	1.256E+3	1.262E+3
93E+0	566.2555E+0	1.266E+3	1.26E+3	1.266E+3	1.264E+3
94E+0	566.2883E+0	1.262E+3	1.267E+3	1.261E+3	1.263333333333E+3
95E+0	566.3211E+0	1.27E+3	1.268E+3	1.261E+3	1.266333333333E+3
96E+0	566.3539E+0	1.26E+3	1.256E+3	1.269E+3	1.261666666667E+3
97E+0	566.3868E+0	1.265E+3	1.263E+3	1.263E+3	1.263666666667E+3
98E+0	566.4196E+0	1.272E+3	1.258E+3	1.262E+3	1.264E+3
99E+0	566.4524E+0	1.263E+3	1.264E+3	1.264E+3	1.263666666667E+3
100E+0	566.4852E+0	1.265E+3	1.261E+3	1.262E+3	1.262666666667E+3
101E+0	566.5181E+0	1.266E+3	1.267E+3	1.275E+3	1.269333333333E+3
102E+0	566.5509E+0	1.257E+3	1.259E+3	1.259E+3	1.258333333333E+3
103E+0	566.5837E+0	1.262E+3	1.261E+3	1.262E+3	1.261666666667E+3
104E+0	566.6165E+0	1.263E+3	1.264E+3	1.264E+3	1.263666666667E+3
105E+0	566.6493E+0	1.261E+3	1.261E+3	1.262E+3	1.261333333333E+3
106E+0	566.6822E+0	1.27E+3	1.263E+3	1.267E+3	1.266666666667E+3
107E+0	566.715E+0	1.267E+3	1.268E+3	1.272E+3	1.269E+3
108E+0	566.7478E+0	1.267E+3	1.263E+3	1.272E+3	1.267333333333E+3
109E+0	566.7806E+0	1.267E+3	1.26E+3	1.264E+3	1.263666666667E+3
110E+0	566.8134E+0	1.26E+3	1.262E+3	1.265E+3	1.262333333333E+3
111E+0	566.8462E+0	1.26E+3	1.263E+3	1.27E+3	1.264333333333E+3
112E+0	566.8791E+0	1.266E+3	1.261E+3	1.265E+3	1.264E+3
113E+0	566.9119E+0	1.263E+3	1.265E+3	1.265E+3	1.264333333333E+3
114E+0	566.9447E+0	1.263E+3	1.272E+3	1.268E+3	1.267666666667E+3
115E+0	566.9775E+0	1.264E+3	1.262E+3	1.273E+3	1.266333333333E+3
116E+0	567.0103E+0	1.259E+3	1.26E+3	1.268E+3	1.262333333333E+3
117E+0	567.0431E+0	1.269E+3	1.266E+3	1.256E+3	1.263666666667E+3
118E+0	567.0759E+0	1.27E+3	1.268E+3	1.26E+3	1.266E+3
119E+0	567.1087E+0	1.265E+3	1.27E+3	1.262E+3	1.265666666667E+3
120E+0	567.1415E+0	1.259E+3	1.26E+3	1.266E+3	1.261666666667E+3
121E+0	567.1743E+0	1.271E+3	1.261E+3	1.266E+3	1.266E+3
122E+0	567.2071E+0	1.271E+3	1.272E+3	1.269E+3	1.270666666667E+3
123E+0	567.2399E+0	1.265E+3	1.263E+3	1.271E+3	1.266333333333E+3
124E+0	567.2727E+0	1.269E+3	1.258E+3	1.267E+3	1.264666666667E+3
125E+0	567.3055E+0	1.264E+3	1.264E+3	1.267E+3	1.265E+3
126E+0	567.3383E+0	1.268E+3	1.269E+3	1.267E+3	1.268E+3
127E+0	567.3711E+0	1.266E+3	1.266E+3	1.269E+3	1.267E+3
128E+0	567.4039E+0	1.264E+3	1.266E+3	1.269E+3	1.266333333333E+3
129E+0	567.4367E+0	1.272E+3	1.262E+3	1.274E+3	1.269333333333E+3
130E+0	567.4695E+0	1.26E+3	1.264E+3	1.268E+3	1.264E+3
131E+0	567.5023E+0	1.268E+3	1.271E+3	1.261E+3	1.266666666667E+3
132E+0	567.5351E+0	1.258E+3	1.268E+3	1.266E+3	1.264E+3
133E+0	567.5679E+0	1.276E+3	1.272E+3	1.262E+3	1.27E+3
134E+0	567.6007E+0	1.266E+3	1.269E+3	1.269E+3	1.268E+3
135E+0	567.6335E+0	1.269E+3	1.267E+3	1.27E+3	1.268666666667E+3
136E+0	567.6663E+0	1.264E+3	1.262E+3	1.267E+3	1.264333333333E+3
137E+0	567.6991E+0	1.262E+3	1.273E+3	1.27E+3	1.268333333333E+3
138E+0	567.7319E+0	1.271E+3	1.264E+3	1.264E+3	1.266333333333E+3
139E+0	567.7647E+0	1.265E+3	1.266E+3	1.268E+3	1.266333333333E+3
140E+0	567.7974E+0	1.268E+3	1.275E+3	1.269E+3	1.270666666667E+3
141E+0	567.8302E+0	1.265E+3	1.271E+3	1.267E+3	1.267666666667E+3
142E+0	567.863E+0	1.261E+3	1.265E+3	1.269E+3	1.265E+3
143E+0	567.8958E+0	1.268E+3	1.266E+3	1.261E+3	1.265E+3
144E+0	567.9286E+0	1.268E+3	1.27E+3	1.272E+3	1.27E+3
145E+0	567.9614E+0	1.263E+3	1.273E+3	1.275E+3	1.270333333333E+3
146E+0	567.9941E+0	1.271E+3	1.268E+3	1.273E+3	1.270666666667E+3
147E+0	568.0269E+0	1.272E+3	1.277E+3	1.275E+3	1.274666666667E+3
148E+0	568.0597E+0	1.268E+3	1.267E+3	1.269E+3	1.268E+3
149E+0	568.0925E+0	1.268E+3	1.281E+3	1.271E+3	1.273333333333E+3
150E+0	568.1253E+0	1.269E+3	1.28E+3	1.264E+3	1.271E+3
151E+0	568.158E+0	1.273E+3	1.271E+3	1.267E+3	1.270333333333E+3
152E+0	568.1908E+0	1.274E+3	1.27E+3	1.269E+3	1.271E+3
153E+0	568.2236E+0	1.269E+3	1.275E+3	1.268E+3	1.270666666667E+3
154E+0	568.2564E+0	1.267E+3	1.271E+3	1.269E+3	1.269E+3
155E+0	568.2891E+0	1.272E+3	1.271E+3	1.277E+3	1.273333333333E+3
156E+0	568.3219E+0	1.276E+3	1.271E+3	1.274E+3	1.273666666667E+3
157E+0	568.3547E+0	1.266E+3	1.273E+3	1.266E+3	1.268333333333E+3
158E+0	568.3875E+0	1.272E+3	1.273E+3	1.265E+3	1.27E+3
159E+0	568.4202E+0	1.277E+3	1.272E+3	1.278E+3	1.275666666667E+3
160E+0	568.453E+0	1.273E+3	1.275E+3	1.272E+3	1.273333333333E+3
161E+0	568.4858E+0	1.271E+3	1.274E+3	1.269E+3	1.271333333333E+3
162E+0	568.5185E+0	1.269E+3	1.271E+3	1.265E+3	1.268333333333E+3
163E+0	568.5513E+0	1.281E+3	1.276E+3	1.276E+3	1.277666666667E+3
164E+0	568.5841E+0	1.272E+3	1.271E+3	1.281E+3	1.274666666667E+3
165E+0	568.6168E+0	1.269E+3	1.272E+3	1.274E+3	1.271666666667E+3
166E+0	568.6496E+0	1.274E+3	1.278E+3	1.275E+3	1.275666666667E+3
167E+0	568.6823E+0	1.275E+3	1.275E+3	1.273E+3	1.274333333333E+3
168E+0	568.7151E+0	1.277E+3	1.27E+3	1.272E+3	1.273E+3
169E+0	568.7479E+0	1.272E+3	1.267E+3	1.28E+3	1.273E+3
170E+0	568.7806E+0	1.273E+3	1.27E+3	1.27E+3	1.271E+3
171E+0	568.8134E+0	1.274E+3	1.274E+3	1.273E+3	1.273666666667E+3
172E+0	568.8461E+0	1.275E+3	1.267E+3	1.276E+3	1.272666666667E+3
173E+0	568.8789E+0	1.273E+3	1.278E+3	1.277E+3	1.276E+3
174E+0	568.9116E+0	1.272E+3	1.274E+3	1.272E+3	1.272666666667E+3
175E+0	568.9444E+0	1.279E+3	1.277E+3	1.278E+3	1.278E+3
176E+0	568.9772E+0	1.272E+3	1.277E+3	1.273E+3	1.274E+3
177E+0	569.0099E+0	1.272E+3	1.276E+3	1.283E+3	1.277E+3
178E+0	569.0427E+0	1.281E+3	1.272E+3	1.276E+3	1.276333333333E+3
179E+0	569.0754E+0	1.28E+3	1.272E+3	1.278E+3	1.276666666667E+3
180E+0	569.1082E+0	1.279E+3	1.28E+3	1.281E+3	1.28E+3
181E+0	569.1409E+0	1.283E+3	1.275E+3	1.276E+3	1.278E+3
182E+0	569.1737E+0	1.275E+3	1.272E+3	1.281E+3	1.276E+3
183E+0	569.2064E+0	1.276E+3	1.28E+3	1.281E+3	1.279E+3
184E+0	569.2391E+0	1.272E+3	1.274E+3	1.275E+3	1.273666666667E+3
185E+0	569.2719E+0	1.284E+3	1.286E+3	1.283E+3	1.284333333333E+3
186E+0	569.3046E+0	1.272E+3	1.28E+3	1.279E+3	1.277E+3
187E+0	569.3374E+0	1.278E+3	1.277E+3	1.278E+3	1.277666666667E+3
188E+0	569.3701E+0	1.283E+3	1.282E+3	1.282E+3	1.282333333333E+3
189E+0	569.4029E+0	1.277E+3	1.273E+3	1.289E+3	1.279666666667E+3
190E+0	569.4356E+0	1.288E+3	1.284E+3	1.276E+3	1.282666666667E+3
191E+0	569.4683E+0	1.28E+3	1.283E+3	1.274E+3	1.279E+3
192E+0	569.5011E+0	1.276E+3	1.274E+3	1.281E+3	1.277E+3
193E+0	569.5338E+0	1.272E+3	1.278E+3	1.284E+3	1.278E+3
194E+0	569.5665E+0	1.28E+3	1.272E+3	1.282E+3	1.278E+3
195E+0	569.5993E+0	1.277E+3	1.289E+3	1.285E+3	1.283666666667E+3
196E+0	569.632E+0	1.277E+3	1.28E+3	1.278E+3	1.278333333333E+3
197E+0	569.6647E+0	1.282E+3	1.276E+3	1.279E+3	1.279E+3
198E+0	569.6975E+0	1.28E+3	1.289E+3	1.289E+3	1.286E+3
199E+0	569.7302E+0	1.281E+3	1.282E+3	1.285E+3	1.282666666667E+3
200E+0	569.7629E+0	1.28E+3	1.286E+3	1.289E+3	1.285E+3
201E+0	569.7957E+0	1.284E+3	1.281E+3	1.288E+3	1.284333333333E+3
202E+0	569.8284E+0	1.281E+3	1.281E+3	1.282E+3	1.281333333333E+3
203E+0	569.8611E+0	1.276E+3	1.283E+3	1.277E+3	1.278666666667E+3
204E+0	569.8938E+0	1.281E+3	1.282E+3	1.284E+3	1.282333333333E+3
205E+0	569.9266E+0	1.286E+3	1.282E+3	1.282E+3	1.283333333333E+3
206E+0	569.9593E+0	1.274E+3	1.293E+3	1.283E+3	1.283333333333E+3
207E+0	569.992E+0	1.281E+3	1.285E+3	1.289E+3	1.285E+3
208E+0	570.0247E+0	1.287E+3	1.283E+3	1.282E+3	1.284E+3
209E+0	570.0575E+0	1.284E+3	1.281E+3	1.29E+3	1.285E+3
210E+0	570.0902E+0	1.292E+3	1.282E+3	1.286E+3	1.286666666667E+3
211E+0	570.1229E+0	1.28E+3	1.286E+3	1.296E+3	1.287333333333E+3
212E+0	570.1556E+0	1.284E+3	1.286E+3	1.292E+3	1.287333333333E+3
213E+0	570.1883E+0	1.284E+3	1.294E+3	1.29E+3	1.289333333333E+3
214E+0	570.221E+0	1.289E+3	1.289E+3	1.282E+3	1.286666666667E+3
215E+0	570.2538E+0	1.287E+3	1.288E+3	1.282E+3	1.285666666667E+3
216E+0	570.2865E+0	1.292E+3	1.284E+3	1.29E+3	1.288666666667E+3
217E+0	570.3192E+0	1.292E+3	1.287E+3	1.291E+3	1.29E+3
218E+0	570.3519E+0	1.286E+3	1.289E+3	1.287E+3	1.287333333333E+3
219E+0	570.3846E+0	1.288E+3	1.286E+3	1.293E+3	1.289E+3
220E+0	570.4173E+0	1.294E+3	1.286E+3	1.287E+3	1.289E+3
221E+0	570.45E+0	1.287E+3	1.288E+3	1.288E+3	1.287666666667E+3
222E+0	570.4827E+0	1.288E+3	1.292E+3	1.291E+3	1.290333333333E+3
223E+0	570.5154E+0	1.287E+3	1.294E+3	1.29E+3	1.290333333333E+3
224E+0	570.5482E+0	1.29E+3	1.297E+3	1.29E+3	1.292333333333E+3
225E+0	570.5809E+0	1.285E+3	1.293E+3	1.284E+3	1.287333333333E+3
226E+0	570.6136E+0	1.295E+3	1.296E+3	1.294E+3	1.295E+3
227E+0	570.6463E+0	1.289E+3	1.296E+3	1.289E+3	1.291333333333E+3
228E+0	570.679E+0	1.29E+3	1.289E+3	1.284E+3	1.287666666667E+3
229E+0	570.7117E+0	1.298E+3	1.296E+3	1.287E+3	1.293666666667E+3
230E+0	570.7444E+0	1.297E+3	1.296E+3	1.296E+3	1.296333333333E+3
231E+0	570.7771E+0	1.294E+3	1.291E+3	1.294E+3	1.293E+3
232E+0	570.8098E+0	1.284E+3	1.295E+3	1.29E+3	1.289666666667E+3
233E+0	570.8425E+0	1.296E+3	1.299E+3	1.298E+3	1.297666666667E+3
234E+0	570.8752E+0	1.294E+3	1.295E+3	1.303E+3	1.297333333333E+3
235E+0	570.9079E+0	1.288E+3	1.286E+3	1.295E+3	1.289666666667E+3
236E+0	570.9405E+0	1.287E+3	1.296E+3	1.297E+3	1.293333333333E+3
237E+0	570.9732E+0	1.296E+3	1.303E+3	1.301E+3	1.3E+3
238E+0	571.0059E+0	1.292E+3	1.293E+3	1.292E+3	1.292333333333E+3
239E+0	571.0386E+0	1.292E+3	1.297E+3	1.294E+3	1.294333333333E+3
240E+0	571.0713E+0	1.3E+3	1.293E+3	1.295E+3	1.296E+3
241E+0	571.104E+0	1.29E+3	1.293E+3	1.293E+3	1.292E+3
242E+0	571.1367E+0	1.299E+3	1.296E+3	1.297E+3	1.297333333333E+3
243E+0	571.1694E+0	1.292E+3	1.3E+3	1.297E+3	1.296333333333E+3
244E+0	571.2021E+0	1.297E+3	1.296E+3	1.295E+3	1.296E+3
245E+0	571.2347E+0	1.303E+3	1.297E+3	1.299E+3	1.299666666667E+3
246E+0	571.2674E+0	1.297E+3	1.3E+3	1.305E+3	1.300666666667E+3
247E+0	571.3001E+0	1.284E+3	1.288E+3	1.293E+3	1.288333333333E+3
248E+0	571.3328E+0	1.286E+3	1.289E+3	1.291E+3	1.288666666667E+3
249E+0	571.3655E+0	1.287E+3	1.294E+3	1.29E+3	1.290333333333E+3
250E+0	571.3982E+0	1.29E+3	1.294E+3	1.297E+3	1.293666666667E+3
251E+0	571.4308E+0	1.3E+3	1.294E+3	1.3E+3	1.298E+3
252E+0	571.4635E+0	1.3E+3	1.295E+3	1.308E+3	1.301E+3
253E+0	571.4962E+0	1.298E+3	1.301E+3	1.298E+3	1.299E+3
254E+0	571.5289E+0	1.3E+3	1.305E+3	1.304E+3	1.303E+3
255E+0	571.5615E+0	1.295E+3	1.303E+3	1.302E+3	1.3E+3
256E+0	571.5942E+0	1.303E+3	1.303E+3	1.305E+3	1.303666666667E+3
257E+0	571.6269E+0	1.309E+3	1.301E+3	1.297E+3	1.302333333333E+3
258E+0	571.6596E+0	1.302E+3	1.304E+3	1.3E+3	1.302E+3
259E+0	571.6922E+0	1.3E+3	1.3E+3	1.303E+3	1.301E+3
260E+0	571.7249E+0	1.301E+3	1.303E+3	1.302E+3	1.302E+3
261E+0	571.7576E+0	1.305E+3	1.303E+3	1.298E+3	1.302E+3
262E+0	571.7902E+0	1.301E+3	1.295E+3	1.297E+3	1.297666666667E+3
263E+0	571.8229E+0	1.306E+3	1.305E+3	1.299E+3	1.303333333333E+3
264E+0	571.8556E+0	1.31E+3	1.301E+3	1.31E+3	1.307E+3
265E+0	571.8882E+0	1.304E+3	1.299E+3	1.312E+3	1.305E+3
266E+0	571.9209E+0	1.294E+3	1.31E+3	1.303E+3	1.302333333333E+3
267E+0	571.9535E+0	1.303E+3	1.302E+3	1.304E+3	1.303E+3
268E+0	571.9862E+0	1.314E+3	1.309E+3	1.305E+3	1.309333333333E+3
269E+0	572.0189E+0	1.305E+3	1.295E+3	1.305E+3	1.301666666667E+3
270E+0	572.0515E+0	1.301E+3	1.309E+3	1.306E+3	1.305333333333E+3
271E+0	572.0842E+0	1.306E+3	1.305E+3	1.316E+3	1.309E+3
272E+0	572.1168E+0	1.298E+3	1.308E+3	1.315E+3	1.307E+3
273E+0	572.1495E+0	1.302E+3	1.298E+3	1.301E+3	1.300333333333E+3
274E+0	572.1822E+0	1.299E+3	1.301E+3	1.297E+3	1.299E+3
275E+0	572.2148E+0	1.294E+3	1.293E+3	1.292E+3	1.293E+3
276E+0	572.2475E+0	1.291E+3	1.292E+3	1.287E+3	1.29E+3
277E+0	572.2801E+0	1.298E+3	1.302E+3	1.299E+3	1.299666666667E+3
278E+0	572.3128E+0	1.303E+3	1.301E+3	1.3E+3	1.301333333333E+3
279E+0	572.3454E+0	1.308E+3	1.305E+3	1.304E+3	1.305666666667E+3
280E+0	572.3781E+0	1.306E+3	1.298E+3	1.313E+3	1.305666666667E+3
281E+0	572.4107E+0	1.312E+3	1.316E+3	1.309E+3	1.312333333333E+3
282E+0	572.4434E+0	1.299E+3	1.305E+3	1.311E+3	1.305E+3
283E+0	572.476E+0	1.313E+3	1.316E+3	1.306E+3	1.311666666667E+3
284E+0	572.5086E+0	1.306E+3	1.313E+3	1.315E+3	1.311333333333E+3
285E+0	572.5413E+0	1.303E+3	1.309E+3	1.313E+3	1.308333333333E+3
286E+0	572.5739E+0	1.307E+3	1.309E+3	1.309E+3	1.308333333333E+3
287E+0	572.6066E+0	1.309E+3	1.311E+3	1.308E+3	1.309333333333E+3
288E+0	572.6392E+0	1.308E+3	1.315E+3	1.317E+3	1.313333333333E+3
289E+0	572.6719E+0	1.312E+3	1.317E+3	1.322E+3	1.317E+3
290E+0	572.7045E+0	1.32E+3	1.311E+3	1.321E+3	1.317333333333E+3
291E+0	572.7371E+0	1.309E+3	1.324E+3	1.313E+3	1.315333333333E+3
292E+0	572.7698E+0	1.316E+3	1.315E+3	1.313E+3	1.314666666667E+3
293E+0	572.8024E+0	1.314E+3	1.314E+3	1.314E+3	1.314E+3
294E+0	572.835E+0	1.314E+3	1.308E+3	1.317E+3	1.313E+3
295E+0	572.8677E+0	1.314E+3	1.32E+3	1.316E+3	1.316666666667E+3
296E+0	572.9003E+0	1.318E+3	1.314E+3	1.314E+3	1.315333333333E+3
297E+0	572.9329E+0	1.321E+3	1.316E+3	1.318E+3	1.318333333333E+3
298E+0	572.9656E+0	1.316E+3	1.317E+3	1.321E+3	1.318E+3
299E+0	572.9982E+0	1.316E+3	1.328E+3	1.321E+3	1.321666666667E+3
300E+0	573.0308E+0	1.323E+3	1.328E+3	1.323E+3	1.324666666667E+3
301E+0	573.0634E+0	1.326E+3	1.326E+3	1.323E+3	1.325E+3
302E+0	573.0961E+0	1.325E+3	1.319E+3	1.333E+3	1.325666666667E+3
303E+0	573.1287E+0	1.332E+3	1.333E+3	1.338E+3	1.334333333333E+3
304E+0	573.1613E+0	1.332E+3	1.334E+3	1.334E+3	1.333333333333E+3
305E+0	573.1939E+0	1.339E+3	1.336E+3	1.339E+3	1.338E+3
306E+0	573.2266E+0	1.334E+3	1.339E+3	1.341E+3	1.338E+3
307E+0	573.2592E+0	1.338E+3	1.335E+3	1.34E+3	1.337666666667E+3
308E+0	573.2918E+0	1.336E+3	1.335E+3	1.344E+3	1.338333333333E+3
309E+0	573.3244E+0	1.333E+3	1.345E+3	1.342E+3	1.34E+3
310E+0	573.357E+0	1.336E+3	1.339E+3	1.341E+3	1.338666666667E+3
311E+0	573.3896E+0	1.344E+3	1.34E+3	1.332E+3	1.338666666667E+3
312E+0	573.4223E+0	1.35E+3	1.339E+3	1.347E+3	1.345333333333E+3
313E+0	573.4549E+0	1.338E+3	1.333E+3	1.346E+3	1.339E+3
314E+0	573.4875E+0	1.335E+3	1.34E+3	1.346E+3	1.340333333333E+3
315E+0	573.5201E+0	1.337E+3	1.339E+3	1.337E+3	1.337666666667E+3
316E+0	573.5527E+0	1.334E+3	1.339E+3	1.337E+3	1.336666666667E+3
317E+0	573.5853E+0	1.338E+3	1.327E+3	1.343E+3	1.336E+3
318E+0	573.6179E+0	1.329E+3	1.333E+3	1.335E+3	1.332333333333E+3
319E+0	573.6505E+0	1.329E+3	1.338E+3	1.33E+3	1.332333333333E+3
320E+0	573.6831E+0	1.331E+3	1.327E+3	1.334E+3	1.330666666667E+3
321E+0	573.7157E+0	1.328E+3	1.326E+3	1.33E+3	1.328E+3
322E+0	573.7484E+0	1.324E+3	1.322E+3	1.326E+3	1.324E+3
323E+0	573.781E+0	1.32E+3	1.319E+3	1.331E+3	1.323333333333E+3
324E+0	573.8136E+0	1.325E+3	1.327E+3	1.323E+3	1.325E+3
325E+0	573.8462E+0	1.327E+3	1.323E+3	1.328E+3	1.326E+3
326E+0	573.8788E+0	1.32E+3	1.324E+3	1.323E+3	1.322333333333E+3
327E+0	573.9114E+0	1.327E+3	1.318E+3	1.324E+3	1.323E+3
328E+0	573.944E+0	1.328E+3	1.324E+3	1.325E+3	1.325666666667E+3
329E+0	573.9765E+0	1.318E+3	1.318E+3	1.324E+3	1.32E+3
330E+0	574.0091E+0	1.318E+3	1.324E+3	1.321E+3	1.321E+3
331E+0	574.0417E+0	1.32E+3	1.317E+3	1.319E+3	1.318666666667E+3
332E+0	574.0743E+0	1.318E+3	1.32E+3	1.318E+3	1.318666666667E+3
333E+0	574.1069E+0	1.323E+3	1.324E+3	1.326E+3	1.324333333333E+3
334E+0	574.1395E+0	1.323E+3	1.336E+3	1.319E+3	1.326E+3
335E+0	574.1721E+0	1.326E+3	1.32E+3	1.33E+3	1.325333333333E+3
336E+0	574.2047E+0	1.323E+3	1.327E+3	1.322E+3	1.324E+3
337E+0	574.2373E+0	1.324E+3	1.317E+3	1.33E+3	1.323666666667E+3
338E+0	574.2699E+0	1.321E+3	1.326E+3	1.327E+3	1.324666666667E+3
339E+0	574.3025E+0	1.325E+3	1.33E+3	1.328E+3	1.327666666667E+3
340E+0	574.335E+0	1.321E+3	1.326E+3	1.325E+3	1.324E+3
341E+0	574.3676E+0	1.322E+3	1.322E+3	1.32E+3	1.321333333333E+3
342E+0	574.4002E+0	1.322E+3	1.322E+3	1.335E+3	1.326333333333E+3
343E+0	574.4328E+0	1.324E+3	1.326E+3	1.322E+3	1.324E+3
344E+0	574.4654E+0	1.321E+3	1.325E+3	1.328E+3	1.324666666667E+3
345E+0	574.4979E+0	1.325E+3	1.339E+3	1.328E+3	1.330666666667E+3
346E+0	574.5305E+0	1.332E+3	1.327E+3	1.328E+3	1.329E+3
347E+0	574.5631E+0	1.33E+3	1.326E+3	1.336E+3	1.330666666667E+3
348E+0	574.5957E+0	1.324E+3	1.325E+3	1.325E+3	1.324666666667E+3
349E+0	574.6283E+0	1.324E+3	1.329E+3	1.327E+3	1.326666666667E+3
350E+0	574.6608E+0	1.326E+3	1.326E+3	1.33E+3	1.327333333333E+3
351E+0	574.6934E+0	1.323E+3	1.329E+3	1.329E+3	1.327E+3
352E+0	574.726E+0	1.326E+3	1.328E+3	1.34E+3	1.331333333333E+3
353E+0	574.7585E+0	1.327E+3	1.32E+3	1.335E+3	1.327333333333E+3
354E+0	574.7911E+0	1.331E+3	1.339E+3	1.332E+3	1.334E+3
355E+0	574.8237E+0	1.337E+3	1.318E+3	1.325E+3	1.326666666667E+3
356E+0	574.8562E+0	1.329E+3	1.331E+3	1.336E+3	1.332E+3
357E+0	574.8888E+0	1.33E+3	1.329E+3	1.331E+3	1.33E+3
358E+0	574.9214E+0	1.327E+3	1.33E+3	1.316E+3	1.324333333333E+3
359E+0	574.9539E+0	1.326E+3	1.338E+3	1.329E+3	1.331E+3
360E+0	574.9865E+0	1.326E+3	1.333E+3	1.331E+3	1.33E+3
361E+0	575.0191E+0	1.33E+3	1.33E+3	1.33E+3	1.33E+3
362E+0	575.0516E+0	1.331E+3	1.341E+3	1.332E+3	1.334666666667E+3
363E+0	575.0842E+0	1.334E+3	1.329E+3	1.333E+3	1.332E+3
364E+0	575.1167E+0	1.339E+3	1.328E+3	1.335E+3	1.334E+3
365E+0	575.1493E+0	1.332E+3	1.331E+3	1.339E+3	1.334E+3
366E+0	575.1819E+0	1.33E+3	1.333E+3	1.337E+3	1.333333333333E+3
367E+0	575.2144E+0	1.324E+3	1.34E+3	1.336E+3	1.333333333333E+3
368E+0	575.247E+0	1.329E+3	1.334E+3	1.336E+3	1.333E+3
369E+0	575.2795E+0	1.331E+3	1.328E+3	1.333E+3	1.330666666667E+3
370E+0	575.3121E+0	1.329E+3	1.333E+3	1.34E+3	1.334E+3
371E+0	575.3446E+0	1.336E+3	1.328E+3	1.338E+3	1.334E+3
372E+0	575.3772E+0	1.322E+3	1.329E+3	1.331E+3	1.327333333333E+3
373E+0	575.4097E+0	1.318E+3	1.332E+3	1.332E+3	1.327333333333E+3
374E+0	575.4423E+0	1.33E+3	1.329E+3	1.328E+3	1.329E+3
375E+0	575.4748E+0	1.336E+3	1.326E+3	1.336E+3	1.332666666667E+3
376E+0	575.5073E+0	1.331E+3	1.329E+3	1.324E+3	1.328E+3
377E+0	575.5399E+0	1.332E+3	1.336E+3	1.334E+3	1.334E+3
378E+0	575.5724E+0	1.337E+3	1.334E+3	1.339E+3	1.336666666667E+3
379E+0	575.605E+0	1.33E+3	1.334E+3	1.333E+3	1.332333333333E+3
380E+0	575.6375E+0	1.334E+3	1.33E+3	1.337E+3	1.333666666667E+3
381E+0	575.6701E+0	1.327E+3	1.337E+3	1.338E+3	1.334E+3
382E+0	575.7026E+0	1.332E+3	1.333E+3	1.323E+3	1.329333333333E+3
383E+0	575.7351E+0	1.325E+3	1.328E+3	1.323E+3	1.325333333333E+3
384E+0	575.7677E+0	1.328E+3	1.321E+3	1.322E+3	1.323666666667E+3
385E+0	575.8002E+0	1.322E+3	1.323E+3	1.331E+3	1.325333333333E+3
386E+0	575.8327E+0	1.322E+3	1.323E+3	1.333E+3	1.326E+3
387E+0	575.8653E+0	1.34E+3	1.328E+3	1.333E+3	1.333666666667E+3
388E+0	575.8978E+0	1.332E+3	1.342E+3	1.339E+3	1.337666666667E+3
389E+0	575.9303E+0	1.333E+3	1.338E+3	1.338E+3	1.336333333333E+3
390E+0	575.9629E+0	1.337E+3	1.332E+3	1.33E+3	1.333E+3
391E+0	575.9954E+0	1.327E+3	1.328E+3	1.337E+3	1.330666666667E+3
392E+0	576.0279E+0	1.329E+3	1.339E+3	1.338E+3	1.335333333333E+3
393E+0	576.0604E+0	1.334E+3	1.329E+3	1.327E+3	1.33E+3
394E+0	576.093E+0	1.34E+3	1.339E+3	1.335E+3	1.338E+3
395E+0	576.1255E+0	1.327E+3	1.331E+3	1.345E+3	1.334333333333E+3
396E+0	576.158E+0	1.328E+3	1.333E+3	1.343E+3	1.334666666667E+3
397E+0	576.1905E+0	1.334E+3	1.338E+3	1.331E+3	1.334333333333E+3
398E+0	576.223E+0	1.331E+3	1.335E+3	1.332E+3	1.332666666667E+3
399E+0	576.2556E+0	1.325E+3	1.332E+3	1.335E+3	1.330666666667E+3
400E+0	576.2881E+0	1.33E+3	1.329E+3	1.327E+3	1.328666666667E+3
401E+0	576.3206E+0	1.33E+3	1.333E+3	1.333E+3	1.332E+3
402E+0	576.3531E+0	1.328E+3	1.332E+3	1.332E+3	1.330666666667E+3
403E+0	576.3856E+0	1.33E+3	1.334E+3	1.335E+3	1.333E+3
404E+0	576.4181E+0	1.336E+3	1.335E+3	1.335E+3	1.335333333333E+3
405E+0	576.4507E+0	1.33E+3	1.341E+3	1.336E+3	1.335666666667E+3
406E+0	576.4832E+0	1.341E+3	1.341E+3	1.34E+3	1.340666666667E+3
407E+0	576.5157E+0	1.33E+3	1.344E+3	1.333E+3	1.335666666667E+3
408E+0	576.5482E+0	1.34E+3	1.34E+3	1.34E+3	1.34E+3
409E+0	576.5807E+0	1.33E+3	1.334E+3	1.338E+3	1.334E+3
410E+0	576.6132E+0	1.335E+3	1.345E+3	1.339E+3	1.339666666667E+3
411E+0	576.6457E+0	1.329E+3	1.338E+3	1.345E+3	1.337333333333E+3
412E+0	576.6782E+0	1.323E+3	1.339E+3	1.334E+3	1.332E+3
413E+0	576.7107E+0	1.334E+3	1.332E+3	1.337E+3	1.334333333333E+3
414E+0	576.7432E+0	1.33E+3	1.331E+3	1.332E+3	1.331E+3
415E+0	576.7757E+0	1.325E+3	1.339E+3	1.339E+3	1.334333333333E+3
416E+0	576.8082E+0	1.331E+3	1.333E+3	1.332E+3	1.332E+3
417E+0	576.8407E+0	1.332E+3	1.333E+3	1.33E+3	1.331666666667E+3
418E+0	576.8732E+0	1.331E+3	1.332E+3	1.333E+3	1.332E+3
419E+0	576.9057E+0	1.342E+3	1.337E+3	1.328E+3	1.335666666667E+3
420E+0	576.9382E+0	1.339E+3	1.339E+3	1.332E+3	1.336666666667E+3
421E+0	576.9707E+0	1.338E+3	1.33E+3	1.336E+3	1.334666666667E+3
422E+0	577.0032E+0	1.334E+3	1.334E+3	1.326E+3	1.331333333333E+3
423E+0	577.0357E+0	1.33E+3	1.335E+3	1.332E+3	1.332333333333E+3
424E+0	577.0682E+0	1.329E+3	1.34E+3	1.338E+3	1.335666666667E+3
425E+0	577.1006E+0	1.336E+3	1.328E+3	1.336E+3	1.333333333333E+3
426E+0	577.1331E+0	1.332E+3	1.339E+3	1.334E+3	1.335E+3
427E+0	577.1656E+0	1.344E+3	1.337E+3	1.337E+3	1.339333333333E+3
428E+0	577.1981E+0	1.339E+3	1.331E+3	1.338E+3	1.336E+3
429E+0	577.2306E+0	1.331E+3	1.338E+3	1.333E+3	1.334E+3
430E+0	577.2631E+0	1.332E+3	1.343E+3	1.346E+3	1.340333333333E+3
431E+0	577.2956E+0	1.336E+3	1.343E+3	1.346E+3	1.341666666667E+3
432E+0	577.328E+0	1.33E+3	1.336E+3	1.333E+3	1.333E+3
433E+0	577.3605E+0	1.333E+3	1.334E+3	1.331E+3	1.332666666667E+3
434E+0	577.393E+0	1.327E+3	1.327E+3	1.334E+3	1.329333333333E+3
435E+0	577.4255E+0	1.33E+3	1.34E+3	1.336E+3	1.335333333333E+3
436E+0	577.4579E+0	1.334E+3	1.33E+3	1.334E+3	1.332666666667E+3
437E+0	577.4904E+0	1.332E+3	1.34E+3	1.334E+3	1.335333333333E+3
438E+0	577.5229E+0	1.331E+3	1.337E+3	1.342E+3	1.336666666667E+3
439E+0	577.5554E+0	1.341E+3	1.338E+3	1.342E+3	1.340333333333E+3
440E+0	577.5878E+0	1.338E+3	1.345E+3	1.331E+3	1.338E+3
441E+0	577.6203E+0	1.339E+3	1.331E+3	1.336E+3	1.335333333333E+3
442E+0	577.6528E+0	1.342E+3	1.332E+3	1.336E+3	1.336666666667E+3
443E+0	577.6852E+0	1.331E+3	1.336E+3	1.341E+3	1.336E+3
444E+0	577.7177E+0	1.339E+3	1.331E+3	1.342E+3	1.337333333333E+3
445E+0	577.7502E+0	1.34E+3	1.33E+3	1.341E+3	1.337E+3
446E+0	577.7826E+0	1.335E+3	1.335E+3	1.33E+3	1.333333333333E+3
447E+0	577.8151E+0	1.338E+3	1.333E+3	1.329E+3	1.333333333333E+3
448E+0	577.8476E+0	1.328E+3	1.336E+3	1.34E+3	1.334666666667E+3
449E+0	577.88E+0	1.33E+3	1.341E+3	1.335E+3	1.335333333333E+3
450E+0	577.9125E+0	1.33E+3	1.339E+3	1.335E+3	1.334666666667E+3
451E+0	577.9449E+0	1.336E+3	1.34E+3	1.327E+3	1.334333333333E+3
452E+0	577.9774E+0	1.336E+3	1.333E+3	1.333E+3	1.334E+3
453E+0	578.0099E+0	1.336E+3	1.336E+3	1.34E+3	1.337333333333E+3
454E+0	578.0423E+0	1.34E+3	1.338E+3	1.335E+3	1.337666666667E+3
455E+0	578.0748E+0	1.327E+3	1.344E+3	1.329E+3	1.333333333333E+3
456E+0	578.1072E+0	1.336E+3	1.333E+3	1.337E+3	1.335333333333E+3
457E+0	578.1397E+0	1.328E+3	1.331E+3	1.332E+3	1.330333333333E+3
458E+0	578.1721E+0	1.327E+3	1.324E+3	1.331E+3	1.327333333333E+3
459E+0	578.2046E+0	1.334E+3	1.333E+3	1.328E+3	1.331666666667E+3
460E+0	578.237E+0	1.337E+3	1.336E+3	1.329E+3	1.334E+3
461E+0	578.2695E+0	1.33E+3	1.326E+3	1.332E+3	1.329333333333E+3
462E+0	578.3019E+0	1.336E+3	1.333E+3	1.334E+3	1.334333333333E+3
463E+0	578.3344E+0	1.334E+3	1.334E+3	1.335E+3	1.334333333333E+3
464E+0	578.3668E+0	1.335E+3	1.336E+3	1.33E+3	1.333666666667E+3
465E+0	578.3992E+0	1.333E+3	1.329E+3	1.325E+3	1.329E+3
466E+0	578.4317E+0	1.33E+3	1.33E+3	1.338E+3	1.332666666667E+3
467E+0	578.4641E+0	1.331E+3	1.334E+3	1.328E+3	1.331E+3
468E+0	578.4966E+0	1.327E+3	1.333E+3	1.338E+3	1.332666666667E+3
469E+0	578.529E+0	1.334E+3	1.331E+3	1.342E+3	1.335666666667E+3
470E+0	578.5614E+0	1.328E+3	1.328E+3	1.341E+3	1.332333333333E+3
471E+0	578.5939E+0	1.33E+3	1.333E+3	1.326E+3	1.329666666667E+3
472E+0	578.6263E+0	1.331E+3	1.39E+3	1.336E+3	1.352333333333E+3
473E+0	578.6587E+0	1.33E+3	1.47E+3	1.334E+3	1.378E+3
474E+0	578.6912E+0	1.33E+3	1.444E+3	1.332E+3	1.368666666667E+3
475E+0	578.7236E+0	1.332E+3	1.333E+3	1.334E+3	1.333E+3
476E+0	578.756E+0	1.326E+3	1.32E+3	1.325E+3	1.323666666667E+3
477E+0	578.7884E+0	1.336E+3	1.329E+3	1.328E+3	1.331E+3
478E+0	578.8209E+0	1.328E+3	1.335E+3	1.334E+3	1.332333333333E+3
479E+0	578.8533E+0	1.323E+3	1.332E+3	1.327E+3	1.327333333333E+3
480E+0	578.8857E+0	1.331E+3	1.332E+3	1.334E+3	1.332333333333E+3
481E+0	578.9181E+0	1.331E+3	1.329E+3	1.33E+3	1.33E+3
482E+0	578.9506E+0	1.329E+3	1.329E+3	1.329E+3	1.329E+3
483E+0	578.983E+0	1.34E+3	1.334E+3	1.333E+3	1.335666666667E+3
484E+0	579.0154E+0	1.326E+3	1.323E+3	1.34E+3	1.329666666667E+3
485E+0	579.0478E+0	1.335E+3	1.328E+3	1.329E+3	1.330666666667E+3
486E+0	579.0802E+0	1.322E+3	1.325E+3	1.326E+3	1.324333333333E+3
487E+0	579.1126E+0	1.329E+3	1.334E+3	1.339E+3	1.334E+3
488E+0	579.1451E+0	1.326E+3	1.338E+3	1.336E+3	1.333333333333E+3
489E+0	579.1775E+0	1.329E+3	1.33E+3	1.339E+3	1.332666666667E+3
490E+0	579.2099E+0	1.332E+3	1.33E+3	1.335E+3	1.332333333333E+3
491E+0	579.2423E+0	1.325E+3	1.318E+3	1.336E+3	1.326333333333E+3
492E+0	579.2747E+0	1.326E+3	1.322E+3	1.331E+3	1.326333333333E+3
493E+0	579.3071E+0	1.332E+3	1.328E+3	1.33E+3	1.33E+3
494E+0	579.3395E+0	1.332E+3	1.332E+3	1.331E+3	1.331666666667E+3
495E+0	579.3719E+0	1.33E+3	1.329E+3	1.322E+3	1.327E+3
496E+0	579.4043E+0	1.331E+3	1.325E+3	1.33E+3	1.328666666667E+3
497E+0	579.4367E+0	1.329E+3	1.337E+3	1.324E+3	1.33E+3
498E+0	579.4691E+0	1.33E+3	1.333E+3	1.329E+3	1.330666666667E+3
499E+0	579.5015E+0	1.334E+3	1.332E+3	1.325E+3	1.330333333333E+3
500E+0	579.5339E+0	1.332E+3	1.33E+3	1.333E+3	1.331666666667E+3
501E+0	579.5663E+0	1.328E+3	1.329E+3	1.337E+3	1.331333333333E+3
502E+0	579.5987E+0	1.329E+3	1.331E+3	1.327E+3	1.329E+3
503E+0	579.6311E+0	1.328E+3	1.327E+3	1.339E+3	1.331333333333E+3
504E+0	579.6635E+0	1.333E+3	1.332E+3	1.323E+3	1.329333333333E+3
505E+0	579.6959E+0	1.33E+3	1.328E+3	1.329E+3	1.329E+3
506E+0	579.7283E+0	1.337E+3	1.33E+3	1.324E+3	1.330333333333E+3
507E+0	579.7607E+0	1.33E+3	1.325E+3	1.327E+3	1.327333333333E+3
508E+0	579.7931E+0	1.332E+3	1.329E+3	1.325E+3	1.328666666667E+3
509E+0	579.8255E+0	1.332E+3	1.321E+3	1.327E+3	1.326666666667E+3
510E+0	579.8579E+0	1.32E+3	1.33E+3	1.325E+3	1.325E+3
511E+0	579.8902E+0	1.322E+3	1.339E+3	1.33E+3	1.330333333333E+3
512E+0	579.9226E+0	1.329E+3	1.326E+3	1.334E+3	1.329666666667E+3
513E+0	579.955E+0	1.331E+3	1.328E+3	1.33E+3	1.329666666667E+3
514E+0	579.9874E+0	1.334E+3	1.324E+3	1.325E+3	1.327666666667E+3
515E+0	580.0198E+0	1.327E+3	1.328E+3	1.334E+3	1.329666666667E+3
516E+0	580.0522E+0	1.326E+3	1.331E+3	1.33E+3	1.329E+3
517E+0	580.0845E+0	1.332E+3	1.323E+3	1.333E+3	1.329333333333E+3
518E+0	580.1169E+0	1.326E+3	1.33E+3	1.331E+3	1.329E+3
519E+0	580.1493E+0	1.338E+3	1.324E+3	1.334E+3	1.332E+3
520E+0	580.1817E+0	1.33E+3	1.336E+3	1.315E+3	1.327E+3
521E+0	580.214E+0	1.329E+3	1.328E+3	1.331E+3	1.329333333333E+3
522E+0	580.2464E+0	1.333E+3	1.331E+3	1.325E+3	1.329666666667E+3
523E+0	580.2788E+0	1.323E+3	1.33E+3	1.327E+3	1.326666666667E+3
524E+0	580.3112E+0	1.335E+3	1.326E+3	1.325E+3	1.328666666667E+3
525E+0	580.3435E+0	1.325E+3	1.324E+3	1.326E+3	1.325E+3
526E+0	580.3759E+0	1.328E+3	1.327E+3	1.329E+3	1.328E+3
527E+0	580.4083E+0	1.332E+3	1.329E+3	1.336E+3	1.332333333333E+3
528E+0	580.4406E+0	1.325E+3	1.321E+3	1.327E+3	1.324333333333E+3
529E+0	580.473E+0	1.32E+3	1.325E+3	1.324E+3	1.323E+3
530E+0	580.5053E+0	1.321E+3	1.327E+3	1.331E+3	1.326333333333E+3
531E+0	580.5377E+0	1.324E+3	1.324E+3	1.328E+3	1.325333333333E+3
532E+0	580.5701E+0	1.316E+3	1.326E+3	1.334E+3	1.325333333333E+3
533E+0	580.6024E+0	1.337E+3	1.33E+3	1.325E+3	1.330666666667E+3
534E+0	580.6348E+0	1.326E+3	1.325E+3	1.322E+3	1.324333333333E+3
535E+0	580.6671E+0	1.33E+3	1.332E+3	1.327E+3	1.329666666667E+3
536E+0	580.6995E+0	1.336E+3	1.336E+3	1.329E+3	1.333666666667E+3
537E+0	580.7319E+0	1.334E+3	1.325E+3	1.328E+3	1.329E+3
538E+0	580.7642E+0	1.326E+3	1.318E+3	1.328E+3	1.324E+3
539E+0	580.7966E+0	1.316E+3	1.324E+3	1.334E+3	1.324666666667E+3
540E+0	580.8289E+0	1.32E+3	1.33E+3	1.332E+3	1.327333333333E+3
541E+0	580.8613E+0	1.326E+3	1.332E+3	1.33E+3	1.329333333333E+3
542E+0	580.8936E+0	1.321E+3	1.328E+3	1.332E+3	1.327E+3
543E+0	580.9259E+0	1.333E+3	1.325E+3	1.331E+3	1.329666666667E+3
544E+0	580.9583E+0	1.33E+3	1.325E+3	1.332E+3	1.329E+3
545E+0	580.9906E+0	1.334E+3	1.328E+3	1.335E+3	1.332333333333E+3
546E+0	581.023E+0	1.323E+3	1.327E+3	1.328E+3	1.326E+3
547E+0	581.0553E+0	1.324E+3	1.327E+3	1.326E+3	1.325666666667E+3
548E+0	581.0877E+0	1.324E+3	1.325E+3	1.326E+3	1.325E+3
549E+0	581.12E+0	1.323E+3	1.328E+3	1.324E+3	1.325E+3
550E+0	581.1523E+0	1.323E+3	1.331E+3	1.325E+3	1.326333333333E+3
551E+0	581.1847E+0	1.322E+3	1.328E+3	1.329E+3	1.326333333333E+3
552E+0	581.217E+0	1.329E+3	1.318E+3	1.323E+3	1.323333333333E+3
553E+0	581.2493E+0	1.324E+3	1.318E+3	1.336E+3	1.326E+3
554E+0	581.2817E+0	1.32E+3	1.332E+3	1.328E+3	1.326666666667E+3
555E+0	581.314E+0	1.324E+3	1.325E+3	1.327E+3	1.325333333333E+3
556E+0	581.3463E+0	1.329E+3	1.323E+3	1.332E+3	1.328E+3
557E+0	581.3787E+0	1.326E+3	1.32E+3	1.321E+3	1.322333333333E+3
558E+0	581.411E+0	1.316E+3	1.329E+3	1.317E+3	1.320666666667E+3
559E+0	581.4433E+0	1.328E+3	1.314E+3	1.328E+3	1.323333333333E+3
560E+0	581.4756E+0	1.326E+3	1.322E+3	1.324E+3	1.324E+3
561E+0	581.508E+0	1.325E+3	1.323E+3	1.321E+3	1.323E+3
562E+0	581.5403E+0	1.329E+3	1.314E+3	1.32E+3	1.321E+3
563E+0	581.5726E+0	1.329E+3	1.325E+3	1.325E+3	1.326333333333E+3
564E+0	581.6049E+0	1.324E+3	1.326E+3	1.328E+3	1.326E+3
565E+0	581.6372E+0	1.326E+3	1.328E+3	1.324E+3	1.326E+3
566E+0	581.6696E+0	1.324E+3	1.326E+3	1.325E+3	1.325E+3
567E+0	581.7019E+0	1.329E+3	1.325E+3	1.322E+3	1.325333333333E+3
568E+0	581.7342E+0	1.325E+3	1.326E+3	1.326E+3	1.325666666667E+3
569E+0	581.7665E+0	1.322E+3	1.319E+3	1.33E+3	1.323666666667E+3
570E+0	581.7988E+0	1.324E+3	1.325E+3	1.323E+3	1.324E+3
571E+0	581.8311E+0	1.324E+3	1.33E+3	1.32E+3	1.324666666667E+3
572E+0	581.8634E+0	1.324E+3	1.323E+3	1.317E+3	1.321333333333E+3
573E+0	581.8957E+0	1.327E+3	1.323E+3	1.323E+3	1.324333333333E+3
574E+0	581.9281E+0	1.326E+3	1.314E+3	1.325E+3	1.321666666667E+3
575E+0	581.9604E+0	1.321E+3	1.321E+3	1.323E+3	1.321666666667E+3
576E+0	581.9927E+0	1.328E+3	1.324E+3	1.328E+3	1.326666666667E+3
577E+0	582.025E+0	1.323E+3	1.316E+3	1.321E+3	1.32E+3
578E+0	582.0573E+0	1.319E+3	1.321E+3	1.316E+3	1.318666666667E+3
579E+0	582.0896E+0	1.317E+3	1.325E+3	1.328E+3	1.323333333333E+3
580E+0	582.1219E+0	1.322E+3	1.324E+3	1.333E+3	1.326333333333E+3
581E+0	582.1542E+0	1.315E+3	1.317E+3	1.314E+3	1.315333333333E+3
582E+0	582.1865E+0	1.32E+3	1.317E+3	1.326E+3	1.321E+3
583E+0	582.2188E+0	1.319E+3	1.32E+3	1.324E+3	1.321E+3
584E+0	582.2511E+0	1.326E+3	1.314E+3	1.327E+3	1.322333333333E+3
585E+0	582.2833E+0	1.322E+3	1.327E+3	1.32E+3	1.323E+3
586E+0	582.3156E+0	1.32E+3	1.319E+3	1.324E+3	1.321E+3
587E+0	582.3479E+0	1.324E+3	1.32E+3	1.321E+3	1.321666666667E+3
588E+0	582.3802E+0	1.316E+3	1.323E+3	1.313E+3	1.317333333333E+3
589E+0	582.4125E+0	1.309E+3	1.314E+3	1.319E+3	1.314E+3
590E+0	582.4448E+0	1.308E+3	1.318E+3	1.317E+3	1.314333333333E+3
591E+0	582.4771E+0	1.314E+3	1.315E+3	1.322E+3	1.317E+3
592E+0	582.5094E+0	1.31E+3	1.311E+3	1.317E+3	1.312666666667E+3
593E+0	582.5416E+0	1.312E+3	1.319E+3	1.315E+3	1.315333333333E+3
594E+0	582.5739E+0	1.32E+3	1.318E+3	1.316E+3	1.318E+3
595E+0	582.6062E+0	1.315E+3	1.312E+3	1.319E+3	1.315333333333E+3
596E+0	582.6385E+0	1.318E+3	1.314E+3	1.32E+3	1.317333333333E+3
597E+0	582.6708E+0	1.31E+3	1.316E+3	1.321E+3	1.315666666667E+3
598E+0	582.703E+0	1.319E+3	1.325E+3	1.317E+3	1.320333333333E+3
599E+0	582.7353E+0	1.309E+3	1.319E+3	1.328E+3	1.318666666667E+3
600E+0	582.7676E+0	1.322E+3	1.316E+3	1.305E+3	1.314333333333E+3
601E+0	582.7999E+0	1.321E+3	1.319E+3	1.319E+3	1.319666666667E+3
602E+0	582.8321E+0	1.31E+3	1.317E+3	1.314E+3	1.313666666667E+3
603E+0	582.8644E+0	1.321E+3	1.321E+3	1.317E+3	1.319666666667E+3
604E+0	582.8967E+0	1.324E+3	1.317E+3	1.316E+3	1.319E+3
605E+0	582.9289E+0	1.318E+3	1.312E+3	1.319E+3	1.316333333333E+3
606E+0	582.9612E+0	1.319E+3	1.317E+3	1.321E+3	1.319E+3
607E+0	582.9935E+0	1.318E+3	1.316E+3	1.312E+3	1.315333333333E+3
608E+0	583.0257E+0	1.326E+3	1.316E+3	1.319E+3	1.320333333333E+3
609E+0	583.058E+0	1.316E+3	1.32E+3	1.315E+3	1.317E+3
610E+0	583.0902E+0	1.315E+3	1.312E+3	1.304E+3	1.310333333333E+3
611E+0	583.1225E+0	1.317E+3	1.312E+3	1.314E+3	1.314333333333E+3
612E+0	583.1548E+0	1.313E+3	1.308E+3	1.312E+3	1.311E+3
613E+0	583.187E+0	1.314E+3	1.316E+3	1.305E+3	1.311666666667E+3
614E+0	583.2193E+0	1.306E+3	1.316E+3	1.311E+3	1.311E+3
615E+0	583.2515E+0	1.316E+3	1.316E+3	1.315E+3	1.315666666667E+3
616E+0	583.2838E+0	1.315E+3	1.322E+3	1.314E+3	1.317E+3
617E+0	583.316E+0	1.31E+3	1.317E+3	1.313E+3	1.313333333333E+3
618E+0	583.3483E+0	1.32E+3	1.312E+3	1.32E+3	1.317333333333E+3
619E+0	583.3805E+0	1.314E+3	1.314E+3	1.309E+3	1.312333333333E+3
620E+0	583.4128E+0	1.314E+3	1.316E+3	1.314E+3	1.314666666667E+3
621E+0	583.445E+0	1.308E+3	1.32E+3	1.311E+3	1.313E+3
622E+0	583.4773E+0	1.311E+3	1.309E+3	1.319E+3	1.313E+3
623E+0	583.5095E+0	1.312E+3	1.325E+3	1.312E+3	1.316333333333E+3
624E+0	583.5418E+0	1.303E+3	1.316E+3	1.309E+3	1.309333333333E+3
625E+0	583.574E+0	1.312E+3	1.312E+3	1.317E+3	1.313666666667E+3
626E+0	583.6062E+0	1.318E+3	1.313E+3	1.313E+3	1.314666666667E+3
627E+0	583.6385E+0	1.312E+3	1.315E+3	1.31E+3	1.312333333333E+3
628E+0	583.6707E+0	1.312E+3	1.311E+3	1.309E+3	1.310666666667E+3
629E+0	583.7029E+0	1.315E+3	1.308E+3	1.311E+3	1.311333333333E+3
630E+0	583.7352E+0	1.314E+3	1.317E+3	1.311E+3	1.314E+3
631E+0	583.7674E+0	1.31E+3	1.309E+3	1.311E+3	1.31E+3
632E+0	583.7996E+0	1.311E+3	1.314E+3	1.316E+3	1.313666666667E+3
633E+0	583.8319E+0	1.318E+3	1.316E+3	1.308E+3	1.314E+3
634E+0	583.8641E+0	1.32E+3	1.315E+3	1.317E+3	1.317333333333E+3
635E+0	583.8963E+0	1.315E+3	1.313E+3	1.312E+3	1.313333333333E+3
636E+0	583.9286E+0	1.311E+3	1.311E+3	1.315E+3	1.312333333333E+3
637E+0	583.9608E+0	1.315E+3	1.311E+3	1.31E+3	1.312E+3
638E+0	583.993E+0	1.311E+3	1.314E+3	1.302E+3	1.309E+3
639E+0	584.0252E+0	1.305E+3	1.309E+3	1.312E+3	1.308666666667E+3
640E+0	584.0574E+0	1.309E+3	1.307E+3	1.308E+3	1.308E+3
641E+0	584.0897E+0	1.31E+3	1.312E+3	1.313E+3	1.311666666667E+3
642E+0	584.1219E+0	1.309E+3	1.312E+3	1.312E+3	1.311E+3
643E+0	584.1541E+0	1.31E+3	1.311E+3	1.307E+3	1.309333333333E+3
644E+0	584.1863E+0	1.323E+3	1.308E+3	1.3E+3	1.310333333333E+3
645E+0	584.2185E+0	1.312E+3	1.312E+3	1.305E+3	1.309666666667E+3
646E+0	584.2507E+0	1.307E+3	1.314E+3	1.309E+3	1.31E+3
647E+0	584.2829E+0	1.309E+3	1.308E+3	1.313E+3	1.31E+3
648E+0	584.3152E+0	1.314E+3	1.305E+3	1.306E+3	1.308333333333E+3
649E+0	584.3474E+0	1.31E+3	1.311E+3	1.314E+3	1.311666666667E+3
650E+0	584.3796E+0	1.307E+3	1.312E+3	1.309E+3	1.309333333333E+3
651E+0	584.4118E+0	1.304E+3	1.309E+3	1.308E+3	1.307E+3
652E+0	584.444E+0	1.314E+3	1.307E+3	1.313E+3	1.311333333333E+3
653E+0	584.4762E+0	1.309E+3	1.309E+3	1.313E+3	1.310333333333E+3
654E+0	584.5084E+0	1.306E+3	1.307E+3	1.308E+3	1.307E+3
655E+0	584.5406E+0	1.311E+3	1.312E+3	1.317E+3	1.313333333333E+3
656E+0	584.5728E+0	1.304E+3	1.312E+3	1.313E+3	1.309666666667E+3
657E+0	584.605E+0	1.307E+3	1.304E+3	1.316E+3	1.309E+3
658E+0	584.6372E+0	1.306E+3	1.302E+3	1.308E+3	1.305333333333E+3
659E+0	584.6694E+0	1.308E+3	1.31E+3	1.309E+3	1.309E+3
660E+0	584.7016E+0	1.305E+3	1.312E+3	1.315E+3	1.310666666667E+3
661E+0	584.7338E+0	1.31E+3	1.31E+3	1.307E+3	1.309E+3
662E+0	584.766E+0	1.309E+3	1.307E+3	1.309E+3	1.308333333333E+3
663E+0	584.7981E+0	1.316E+3	1.307E+3	1.307E+3	1.31E+3
664E+0	584.8303E+0	1.304E+3	1.311E+3	1.31E+3	1.308333333333E+3
665E+0	584.8625E+0	1.307E+3	1.3E+3	1.306E+3	1.304333333333E+3
666E+0	584.8947E+0	1.303E+3	1.303E+3	1.309E+3	1.305E+3
667E+0	584.9269E+0	1.307E+3	1.308E+3	1.309E+3	1.308E+3
668E+0	584.9591E+0	1.308E+3	1.303E+3	1.312E+3	1.307666666667E+3
669E+0	584.9913E+0	1.306E+3	1.304E+3	1.313E+3	1.307666666667E+3
670E+0	585.0234E+0	1.302E+3	1.305E+3	1.304E+3	1.303666666667E+3
671E+0	585.0556E+0	1.3E+3	1.308E+3	1.303E+3	1.303666666667E+3
672E+0	585.0878E+0	1.307E+3	1.306E+3	1.307E+3	1.306666666667E+3
673E+0	585.12E+0	1.308E+3	1.3E+3	1.305E+3	1.304333333333E+3
674E+0	585.1521E+0	1.299E+3	1.314E+3	1.303E+3	1.305333333333E+3
675E+0	585.1843E+0	1.306E+3	1.304E+3	1.308E+3	1.306E+3
676E+0	585.2165E+0	1.307E+3	1.305E+3	1.307E+3	1.306333333333E+3
677E+0	585.2487E+0	1.305E+3	1.304E+3	1.308E+3	1.305666666667E+3
678E+0	585.2808E+0	1.3E+3	1.316E+3	1.304E+3	1.306666666667E+3
679E+0	585.313E+0	1.315E+3	1.308E+3	1.311E+3	1.311333333333E+3
680E+0	585.3452E+0	1.308E+3	1.312E+3	1.312E+3	1.310666666667E+3
681E+0	585.3773E+0	1.303E+3	1.305E+3	1.305E+3	1.304333333333E+3
682E+0	585.4095E+0	1.302E+3	1.302E+3	1.306E+3	1.303333333333E+3
683E+0	585.4417E+0	1.31E+3	1.305E+3	1.309E+3	1.308E+3
684E+0	585.4738E+0	1.306E+3	1.303E+3	1.301E+3	1.303333333333E+3
685E+0	585.506E+0	1.3E+3	1.296E+3	1.309E+3	1.301666666667E+3
686E+0	585.5381E+0	1.301E+3	1.305E+3	1.308E+3	1.304666666667E+3
687E+0	585.5703E+0	1.304E+3	1.305E+3	1.302E+3	1.303666666667E+3
688E+0	585.6025E+0	1.315E+3	1.305E+3	1.307E+3	1.309E+3
689E+0	585.6346E+0	1.301E+3	1.309E+3	1.31E+3	1.306666666667E+3
690E+0	585.6668E+0	1.301E+3	1.304E+3	1.311E+3	1.305333333333E+3
691E+0	585.6989E+0	1.3E+3	1.306E+3	1.304E+3	1.303333333333E+3
692E+0	585.7311E+0	1.309E+3	1.31E+3	1.31E+3	1.309666666667E+3
693E+0	585.7632E+0	1.304E+3	1.302E+3	1.307E+3	1.304333333333E+3
694E+0	585.7954E+0	1.305E+3	1.311E+3	1.302E+3	1.306E+3
695E+0	585.8275E+0	1.309E+3	1.312E+3	1.305E+3	1.308666666667E+3
696E+0	585.8597E+0	1.301E+3	1.304E+3	1.31E+3	1.305E+3
697E+0	585.8918E+0	1.3E+3	1.304E+3	1.3E+3	1.301333333333E+3
698E+0	585.9239E+0	1.304E+3	1.301E+3	1.304E+3	1.303E+3
699E+0	585.9561E+0	1.303E+3	1.303E+3	1.304E+3	1.303333333333E+3
700E+0	585.9882E+0	1.303E+3	1.304E+3	1.31E+3	1.305666666667E+3
701E+0	586.0204E+0	1.31E+3	1.304E+3	1.306E+3	1.306666666667E+3
702E+0	586.0525E+0	1.307E+3	1.309E+3	1.314E+3	1.31E+3
703E+0	586.0846E+0	1.306E+3	1.305E+3	1.31E+3	1.307E+3
704E+0	586.1168E+0	1.303E+3	1.296E+3	1.302E+3	1.300333333333E+3
705E+0	586.1489E+0	1.306E+3	1.305E+3	1.3E+3	1.303666666667E+3
706E+0	586.181E+0	1.299E+3	1.305E+3	1.297E+3	1.300333333333E+3
707E+0	586.2132E+0	1.293E+3	1.304E+3	1.311E+3	1.302666666667E+3
708E+0	586.2453E+0	1.302E+3	1.301E+3	1.305E+3	1.302666666667E+3
709E+0	586.2774E+0	1.294E+3	1.31E+3	1.307E+3	1.303666666667E+3
710E+0	586.3095E+0	1.302E+3	1.296E+3	1.314E+3	1.304E+3
711E+0	586.3417E+0	1.305E+3	1.306E+3	1.302E+3	1.304333333333E+3
712E+0	586.3738E+0	1.302E+3	1.298E+3	1.306E+3	1.302E+3
713E+0	586.4059E+0	1.304E+3	1.309E+3	1.31E+3	1.307666666667E+3
714E+0	586.438E+0	1.305E+3	1.298E+3	1.305E+3	1.302666666667E+3
715E+0	586.4701E+0	1.305E+3	1.306E+3	1.301E+3	1.304E+3
716E+0	586.5023E+0	1.302E+3	1.305E+3	1.306E+3	1.304333333333E+3
717E+0	586.5344E+0	1.294E+3	1.294E+3	1.301E+3	1.296333333333E+3
718E+0	586.5665E+0	1.307E+3	1.306E+3	1.308E+3	1.307E+3
719E+0	586.5986E+0	1.31E+3	1.307E+3	1.301E+3	1.306E+3
720E+0	586.6307E+0	1.309E+3	1.301E+3	1.307E+3	1.305666666667E+3
721E+0	586.6628E+0	1.299E+3	1.307E+3	1.3E+3	1.302E+3
722E+0	586.6949E+0	1.292E+3	1.3E+3	1.306E+3	1.299333333333E+3
723E+0	586.727E+0	1.3E+3	1.308E+3	1.302E+3	1.303333333333E+3
724E+0	586.7591E+0	1.296E+3	1.303E+3	1.301E+3	1.3E+3
725E+0	586.7912E+0	1.301E+3	1.304E+3	1.306E+3	1.303666666667E+3
726E+0	586.8234E+0	1.303E+3	1.302E+3	1.294E+3	1.299666666667E+3
727E+0	586.8555E+0	1.302E+3	1.3E+3	1.302E+3	1.301333333333E+3
728E+0	586.8876E+0	1.307E+3	1.311E+3	1.307E+3	1.308333333333E+3
729E+0	586.9197E+0	1.304E+3	1.302E+3	1.304E+3	1.303333333333E+3
730E+0	586.9517E+0	1.296E+3	1.303E+3	1.31E+3	1.303E+3
731E+0	586.9838E+0	1.302E+3	1.298E+3	1.3E+3	1.3E+3
732E+0	587.0159E+0	1.294E+3	1.3E+3	1.3E+3	1.298E+3
733E+0	587.048E+0	1.3E+3	1.293E+3	1.302E+3	1.298333333333E+3
734E+0	587.0801E+0	1.289E+3	1.307E+3	1.298E+3	1.298E+3
735E+0	587.1122E+0	1.303E+3	1.293E+3	1.306E+3	1.300666666667E+3
736E+0	587.1443E+0	1.301E+3	1.297E+3	1.299E+3	1.299E+3
737E+0	587.1764E+0	1.301E+3	1.295E+3	1.302E+3	1.299333333333E+3
738E+0	587.2085E+0	1.295E+3	1.295E+3	1.293E+3	1.294333333333E+3
739E+0	587.2406E+0	1.296E+3	1.297E+3	1.306E+3	1.299666666667E+3
740E+0	587.2726E+0	1.3E+3	1.299E+3	1.297E+3	1.298666666667E+3
741E+0	587.3047E+0	1.294E+3	1.295E+3	1.3E+3	1.296333333333E+3
742E+0	587.3368E+0	1.296E+3	1.297E+3	1.299E+3	1.297333333333E+3
743E+0	587.3689E+0	1.297E+3	1.292E+3	1.305E+3	1.298E+3
744E+0	587.401E+0	1.302E+3	1.295E+3	1.296E+3	1.297666666667E+3
745E+0	587.433E+0	1.301E+3	1.301E+3	1.299E+3	1.300333333333E+3
746E+0	587.4651E+0	1.299E+3	1.301E+3	1.299E+3	1.299666666667E+3
747E+0	587.4972E+0	1.295E+3	1.301E+3	1.298E+3	1.298E+3
748E+0	587.5293E+0	1.304E+3	1.298E+3	1.295E+3	1.299E+3
749E+0	587.5613E+0	1.295E+3	1.302E+3	1.308E+3	1.301666666667E+3
750E+0	587.5934E+0	1.302E+3	1.295E+3	1.297E+3	1.298E+3
751E+0	587.6255E+0	1.303E+3	1.295E+3	1.299E+3	1.299E+3
752E+0	587.6575E+0	1.296E+3	1.293E+3	1.293E+3	1.294E+3
753E+0	587.6896E+0	1.295E+3	1.3E+3	1.3E+3	1.298333333333E+3
754E+0	587.7217E+0	1.292E+3	1.301E+3	1.297E+3	1.296666666667E+3
755E+0	587.7537E+0	1.296E+3	1.294E+3	1.301E+3	1.297E+3
756E+0	587.7858E+0	1.293E+3	1.299E+3	1.301E+3	1.297666666667E+3
757E+0	587.8178E+0	1.292E+3	1.291E+3	1.299E+3	1.294E+3
758E+0	587.8499E+0	1.298E+3	1.29E+3	1.301E+3	1.296333333333E+3
759E+0	587.882E+0	1.294E+3	1.292E+3	1.293E+3	1.293E+3
760E+0	587.914E+0	1.297E+3	1.295E+3	1.303E+3	1.298333333333E+3
761E+0	587.9461E+0	1.296E+3	1.301E+3	1.296E+3	1.297666666667E+3
762E+0	587.9781E+0	1.304E+3	1.308E+3	1.3E+3	1.304E+3
763E+0	588.0102E+0	1.294E+3	1.296E+3	1.296E+3	1.295333333333E+3
764E+0	588.0422E+0	1.301E+3	1.292E+3	1.293E+3	1.295333333333E+3
765E+0	588.0743E+0	1.291E+3	1.297E+3	1.303E+3	1.297E+3
766E+0	588.1063E+0	1.293E+3	1.293E+3	1.301E+3	1.295666666667E+3
767E+0	588.1384E+0	1.298E+3	1.299E+3	1.302E+3	1.299666666667E+3
768E+0	588.1704E+0	1.297E+3	1.291E+3	1.3E+3	1.296E+3
769E+0	588.2024E+0	1.287E+3	1.297E+3	1.294E+3	1.292666666667E+3
770E+0	588.2345E+0	1.294E+3	1.293E+3	1.292E+3	1.293E+3
771E+0	588.2665E+0	1.295E+3	1.294E+3	1.294E+3	1.294333333333E+3
772E+0	588.2986E+0	1.293E+3	1.291E+3	1.295E+3	1.293E+3
773E+0	588.3306E+0	1.295E+3	1.297E+3	1.296E+3	1.296E+3
774E+0	588.3626E+0	1.293E+3	1.302E+3	1.292E+3	1.295666666667E+3
775E+0	588.3947E+0	1.296E+3	1.297E+3	1.297E+3	1.296666666667E+3
776E+0	588.4267E+0	1.295E+3	1.299E+3	1.294E+3	1.296E+3
777E+0	588.4587E+0	1.303E+3	1.302E+3	1.291E+3	1.298666666667E+3
778E+0	588.4908E+0	1.299E+3	1.289E+3	1.295E+3	1.294333333333E+3
779E+0	588.5228E+0	1.291E+3	1.297E+3	1.292E+3	1.293333333333E+3
780E+0	588.5548E+0	1.3E+3	1.29E+3	1.296E+3	1.295333333333E+3
781E+0	588.5868E+0	1.296E+3	1.291E+3	1.288E+3	1.291666666667E+3
782E+0	588.6189E+0	1.293E+3	1.303E+3	1.305E+3	1.300333333333E+3
783E+0	588.6509E+0	1.298E+3	1.291E+3	1.298E+3	1.295666666667E+3
784E+0	588.6829E+0	1.295E+3	1.291E+3	1.295E+3	1.293666666667E+3
785E+0	588.7149E+0	1.294E+3	1.285E+3	1.291E+3	1.29E+3
786E+0	588.7469E+0	1.29E+3	1.296E+3	1.288E+3	1.291333333333E+3
787E+0	588.779E+0	1.284E+3	1.291E+3	1.292E+3	1.289E+3
788E+0	588.811E+0	1.293E+3	1.283E+3	1.284E+3	1.286666666667E+3
789E+0	588.843E+0	1.293E+3	1.298E+3	1.291E+3	1.294E+3
790E+0	588.875E+0	1.298E+3	1.297E+3	1.292E+3	1.295666666667E+3
791E+0	588.907E+0	1.298E+3	1.299E+3	1.29E+3	1.295666666667E+3
792E+0	588.939E+0	1.292E+3	1.294E+3	1.294E+3	1.293333333333E+3
793E+0	588.971E+0	1.295E+3	1.294E+3	1.3E+3	1.296333333333E+3
794E+0	589.003E+0	1.29E+3	1.289E+3	1.296E+3	1.291666666667E+3
795E+0	589.035E+0	1.294E+3	1.288E+3	1.293E+3	1.291666666667E+3
796E+0	589.067E+0	1.291E+3	1.298E+3	1.294E+3	1.294333333333E+3
797E+0	589.099E+0	1.292E+3	1.294E+3	1.285E+3	1.290333333333E+3
798E+0	589.131E+0	1.293E+3	1.283E+3	1.298E+3	1.291333333333E+3
799E+0	589.163E+0	1.29E+3	1.291E+3	1.292E+3	1.291E+3
800E+0	589.195E+0	1.292E+3	1.289E+3	1.286E+3	1.289E+3
801E+0	589.227E+0	1.29E+3	1.296E+3	1.289E+3	1.291666666667E+3
802E+0	589.259E+0	1.291E+3	1.29E+3	1.29E+3	1.290333333333E+3
803E+0	589.291E+0	1.28E+3	1.285E+3	1.296E+3	1.287E+3
804E+0	589.323E+0	1.291E+3	1.292E+3	1.292E+3	1.291666666667E+3
805E+0	589.355E+0	1.286E+3	1.294E+3	1.293E+3	1.291E+3
806E+0	589.387E+0	1.282E+3	1.288E+3	1.292E+3	1.287333333333E+3
807E+0	589.419E+0	1.292E+3	1.292E+3	1.29E+3	1.291333333333E+3
808E+0	589.451E+0	1.286E+3	1.297E+3	1.294E+3	1.292333333333E+3
809E+0	589.4829E+0	1.294E+3	1.3E+3	1.293E+3	1.295666666667E+3
810E+0	589.5149E+0	1.286E+3	1.287E+3	1.288E+3	1.287E+3
811E+0	589.5469E+0	1.295E+3	1.285E+3	1.299E+3	1.293E+3
812E+0	589.5789E+0	1.283E+3	1.288E+3	1.296E+3	1.289E+3
813E+0	589.6109E+0	1.29E+3	1.29E+3	1.293E+3	1.291E+3
814E+0	589.6428E+0	1.292E+3	1.288E+3	1.289E+3	1.289666666667E+3
815E+0	589.6748E+0	1.296E+3	1.29E+3	1.289E+3	1.291666666667E+3
816E+0	589.7068E+0	1.289E+3	1.29E+3	1.289E+3	1.289333333333E+3
817E+0	589.7388E+0	1.29E+3	1.282E+3	1.289E+3	1.287E+3
818E+0	589.7707E+0	1.292E+3	1.289E+3	1.291E+3	1.290666666667E+3
819E+0	589.8027E+0	1.289E+3	1.283E+3	1.283E+3	1.285E+3
820E+0	589.8347E+0	1.282E+3	1.285E+3	1.287E+3	1.284666666667E+3
821E+0	589.8666E+0	1.289E+3	1.291E+3	1.285E+3	1.288333333333E+3
822E+0	589.8986E+0	1.289E+3	1.296E+3	1.29E+3	1.291666666667E+3
823E+0	589.9306E+0	1.293E+3	1.288E+3	1.304E+3	1.295E+3
824E+0	589.9625E+0	1.287E+3	1.288E+3	1.286E+3	1.287E+3
825E+0	589.9945E+0	1.288E+3	1.293E+3	1.283E+3	1.288E+3
826E+0	590.0264E+0	1.287E+3	1.286E+3	1.292E+3	1.288333333333E+3
827E+0	590.0584E+0	1.282E+3	1.284E+3	1.287E+3	1.284333333333E+3
828E+0	590.0904E+0	1.284E+3	1.284E+3	1.293E+3	1.287E+3
829E+0	590.1223E+0	1.28E+3	1.288E+3	1.286E+3	1.284666666667E+3
830E+0	590.1543E+0	1.286E+3	1.29E+3	1.288E+3	1.288E+3
831E+0	590.1862E+0	1.289E+3	1.284E+3	1.285E+3	1.286E+3
832E+0	590.2182E+0	1.286E+3	1.283E+3	1.289E+3	1.286E+3
833E+0	590.2501E+0	1.281E+3	1.285E+3	1.288E+3	1.284666666667E+3
834E+0	590.2821E+0	1.284E+3	1.295E+3	1.282E+3	1.287E+3
835E+0	590.314E+0	1.29E+3	1.284E+3	1.291E+3	1.288333333333E+3
836E+0	590.346E+0	1.287E+3	1.278E+3	1.286E+3	1.283666666667E+3
837E+0	590.3779E+0	1.286E+3	1.282E+3	1.288E+3	1.285333333333E+3
838E+0	590.4098E+0	1.286E+3	1.283E+3	1.289E+3	1.286E+3
839E+0	590.4418E+0	1.285E+3	1.286E+3	1.292E+3	1.287666666667E+3
840E+0	590.4737E+0	1.285E+3	1.293E+3	1.286E+3	1.288E+3
841E+0	590.5057E+0	1.287E+3	1.284E+3	1.286E+3	1.285666666667E+3
842E+0	590.5376E+0	1.288E+3	1.285E+3	1.286E+3	1.286333333333E+3
843E+0	590.5695E+0	1.29E+3	1.285E+3	1.286E+3	1.287E+3
844E+0	590.6015E+0	1.278E+3	1.289E+3	1.29E+3	1.285666666667E+3
845E+0	590.6334E+0	1.288E+3	1.285E+3	1.288E+3	1.287E+3
846E+0	590.6653E+0	1.286E+3	1.288E+3	1.286E+3	1.286666666667E+3
847E+0	590.6972E+0	1.281E+3	1.278E+3	1.294E+3	1.284333333333E+3
848E+0	590.7292E+0	1.281E+3	1.284E+3	1.292E+3	1.285666666667E+3
849E+0	590.7611E+0	1.292E+3	1.285E+3	1.286E+3	1.287666666667E+3
850E+0	590.793E+0	1.283E+3	1.291E+3	1.291E+3	1.288333333333E+3
851E+0	590.8249E+0	1.284E+3	1.283E+3	1.286E+3	1.284333333333E+3
852E+0	590.8569E+0	1.278E+3	1.284E+3	1.284E+3	1.282E+3
853E+0	590.8888E+0	1.288E+3	1.289E+3	1.286E+3	1.287666666667E+3
854E+0	590.9207E+0	1.286E+3	1.286E+3	1.286E+3	1.286E+3
855E+0	590.9526E+0	1.286E+3	1.282E+3	1.289E+3	1.285666666667E+3
856E+0	590.9845E+0	1.289E+3	1.286E+3	1.285E+3	1.286666666667E+3
857E+0	591.0164E+0	1.282E+3	1.28E+3	1.288E+3	1.283333333333E+3
858E+0	591.0483E+0	1.281E+3	1.286E+3	1.283E+3	1.283333333333E+3
859E+0	591.0803E+0	1.28E+3	1.287E+3	1.283E+3	1.283333333333E+3
860E+0	591.1122E+0	1.287E+3	1.283E+3	1.277E+3	1.282333333333E+3
861E+0	591.1441E+0	1.284E+3	1.287E+3	1.288E+3	1.286333333333E+3
862E+0	591.176E+0	1.292E+3	1.279E+3	1.289E+3	1.286666666667E+3
863E+0	591.2079E+0	1.282E+3	1.288E+3	1.301E+3	1.290333333333E+3
864E+0	591.2398E+0	1.28E+3	1.28E+3	1.288E+3	1.282666666667E+3
865E+0	591.2717E+0	1.282E+3	1.288E+3	1.286E+3	1.285333333333E+3
866E+0	591.3036E+0	1.285E+3	1.285E+3	1.292E+3	1.287333333333E+3
867E+0	591.3355E+0	1.28E+3	1.284E+3	1.291E+3	1.285E+3
868E+0	591.3674E+0	1.285E+3	1.287E+3	1.296E+3	1.289333333333E+3
869E+0	591.3993E+0	1.286E+3	1.284E+3	1.278E+3	1.282666666667E+3
870E+0	591.4312E+0	1.28E+3	1.284E+3	1.275E+3	1.279666666667E+3
871E+0	591.4631E+0	1.281E+3	1.282E+3	1.284E+3	1.282333333333E+3
872E+0	591.4949E+0	1.274E+3	1.285E+3	1.288E+3	1.282333333333E+3
873E+0	591.5268E+0	1.275E+3	1.283E+3	1.288E+3	1.282E+3
874E+0	591.5587E+0	1.285E+3	1.292E+3	1.283E+3	1.286666666667E+3
875E+0	591.5906E+0	1.277E+3	1.282E+3	1.289E+3	1.282666666667E+3
876E+0	591.6225E+0	1.284E+3	1.286E+3	1.286E+3	1.285333333333E+3
877E+0	591.6544E+0	1.283E+3	1.283E+3	1.291E+3	1.285666666667E+3
878E+0	591.6862E+0	1.29E+3	1.283E+3	1.282E+3	1.285E+3
879E+0	591.7181E+0	1.289E+3	1.282E+3	1.286E+3	1.285666666667E+3
880E+0	591.75E+0	1.277E+3	1.28E+3	1.29E+3	1.282333333333E+3
881E+0	591.7819E+0	1.286E+3	1.279E+3	1.288E+3	1.284333333333E+3
882E+0	591.8138E+0	1.281E+3	1.28E+3	1.285E+3	1.282E+3
883E+0	591.8456E+0	1.283E+3	1.282E+3	1.282E+3	1.282333333333E+3
884E+0	591.8775E+0	1.293E+3	1.28E+3	1.284E+3	1.285666666667E+3
885E+0	591.9094E+0	1.282E+3	1.28E+3	1.279E+3	1.280333333333E+3
886E+0	591.9412E+0	1.281E+3	1.28E+3	1.285E+3	1.282E+3
887E+0	591.9731E+0	1.289E+3	1.286E+3	1.288E+3	1.287666666667E+3
888E+0	592.005E+0	1.283E+3	1.288E+3	1.287E+3	1.286E+3
889E+0	592.0368E+0	1.282E+3	1.28E+3	1.285E+3	1.282333333333E+3
890E+0	592.0687E+0	1.276E+3	1.272E+3	1.285E+3	1.277666666667E+3
891E+0	592.1006E+0	1.272E+3	1.288E+3	1.28E+3	1.28E+3
892E+0	592.1324E+0	1.287E+3	1.289E+3	1.276E+3	1.284E+3
893E+0	592.1643E+0	1.286E+3	1.283E+3	1.283E+3	1.284E+3
894E+0	592.1961E+0	1.28E+3	1.282E+3	1.283E+3	1.281666666667E+3
895E+0	592.228E+0	1.277E+3	1.273E+3	1.284E+3	1.278E+3
896E+0	592.2598E+0	1.284E+3	1.28E+3	1.288E+3	1.284E+3
897E+0	592.2917E+0	1.287E+3	1.279E+3	1.283E+3	1.283E+3
898E+0	592.3235E+0	1.283E+3	1.279E+3	1.28E+3	1.280666666667E+3
899E+0	592.3554E+0	1.28E+3	1.28E+3	1.278E+3	1.279333333333E+3
900E+0	592.3872E+0	1.277E+3	1.289E+3	1.285E+3	1.283666666667E+3
901E+0	592.4191E+0	1.279E+3	1.288E+3	1.282E+3	1.283E+3
902E+0	592.4509E+0	1.283E+3	1.28E+3	1.282E+3	1.281666666667E+3
903E+0	592.4828E+0	1.282E+3	1.288E+3	1.276E+3	1.282E+3
904E+0	592.5146E+0	1.282E+3	1.284E+3	1.278E+3	1.281333333333E+3
905E+0	592.5464E+0	1.286E+3	1.285E+3	1.278E+3	1.283E+3
906E+0	592.5783E+0	1.282E+3	1.277E+3	1.288E+3	1.282333333333E+3
907E+0	592.6101E+0	1.28E+3	1.282E+3	1.284E+3	1.282E+3
908E+0	592.642E+0	1.277E+3	1.286E+3	1.288E+3	1.283666666667E+3
909E+0	592.6738E+0	1.281E+3	1.279E+3	1.284E+3	1.281333333333E+3
910E+0	592.7056E+0	1.279E+3	1.283E+3	1.28E+3	1.280666666667E+3
911E+0	592.7375E+0	1.277E+3	1.275E+3	1.287E+3	1.279666666667E+3
912E+0	592.7693E+0	1.276E+3	1.283E+3	1.285E+3	1.281333333333E+3
913E+0	592.8011E+0	1.28E+3	1.283E+3	1.286E+3	1.283E+3
914E+0	592.8329E+0	1.279E+3	1.282E+3	1.272E+3	1.277666666667E+3
915E+0	592.8648E+0	1.277E+3	1.28E+3	1.278E+3	1.278333333333E+3
916E+0	592.8966E+0	1.272E+3	1.28E+3	1.285E+3	1.279E+3
917E+0	592.9284E+0	1.288E+3	1.28E+3	1.28E+3	1.282666666667E+3
918E+0	592.9602E+0	1.278E+3	1.285E+3	1.283E+3	1.282E+3
919E+0	592.992E+0	1.285E+3	1.284E+3	1.279E+3	1.282666666667E+3
920E+0	593.0239E+0	1.273E+3	1.286E+3	1.273E+3	1.277333333333E+3
921E+0	593.0557E+0	1.28E+3	1.277E+3	1.284E+3	1.280333333333E+3
922E+0	593.0875E+0	1.283E+3	1.277E+3	1.284E+3	1.281333333333E+3
923E+0	593.1193E+0	1.276E+3	1.284E+3	1.276E+3	1.278666666667E+3
924E+0	593.1511E+0	1.272E+3	1.282E+3	1.282E+3	1.278666666667E+3
925E+0	593.1829E+0	1.285E+3	1.274E+3	1.276E+3	1.278333333333E+3
926E+0	593.2147E+0	1.288E+3	1.284E+3	1.278E+3	1.283333333333E+3
927E+0	593.2465E+0	1.284E+3	1.289E+3	1.28E+3	1.284333333333E+3
928E+0	593.2783E+0	1.281E+3	1.281E+3	1.277E+3	1.279666666667E+3
929E+0	593.3101E+0	1.284E+3	1.28E+3	1.277E+3	1.280333333333E+3
930E+0	593.3419E+0	1.276E+3	1.274E+3	1.272E+3	1.274E+3
931E+0	593.3737E+0	1.273E+3	1.277E+3	1.278E+3	1.276E+3
932E+0	593.4055E+0	1.282E+3	1.281E+3	1.284E+3	1.282333333333E+3
933E+0	593.4373E+0	1.272E+3	1.28E+3	1.28E+3	1.277333333333E+3
934E+0	593.4691E+0	1.28E+3	1.282E+3	1.27E+3	1.277333333333E+3
935E+0	593.5009E+0	1.284E+3	1.278E+3	1.275E+3	1.279E+3
936E+0	593.5327E+0	1.281E+3	1.279E+3	1.284E+3	1.281333333333E+3
937E+0	593.5645E+0	1.278E+3	1.27E+3	1.274E+3	1.274E+3
938E+0	593.5963E+0	1.278E+3	1.281E+3	1.278E+3	1.279E+3
939E+0	593.6281E+0	1.279E+3	1.281E+3	1.278E+3	1.279333333333E+3
940E+0	593.6598E+0	1.277E+3	1.274E+3	1.281E+3	1.277333333333E+3
941E+0	593.6916E+0	1.278E+3	1.28E+3	1.276E+3	1.278E+3
942E+0	593.7234E+0	1.281E+3	1.27E+3	1.281E+3	1.277333333333E+3
943E+0	593.7552E+0	1.272E+3	1.277E+3	1.277E+3	1.275333333333E+3
944E+0	593.787E+0	1.274E+3	1.276E+3	1.286E+3	1.278666666667E+3
945E+0	593.8187E+0	1.282E+3	1.276E+3	1.281E+3	1.279666666667E+3
946E+0	593.8505E+0	1.274E+3	1.273E+3	1.281E+3	1.276E+3
947E+0	593.8823E+0	1.277E+3	1.272E+3	1.278E+3	1.275666666667E+3
948E+0	593.9141E+0	1.277E+3	1.282E+3	1.287E+3	1.282E+3
949E+0	593.9458E+0	1.272E+3	1.277E+3	1.28E+3	1.276333333333E+3
950E+0	593.9776E+0	1.27E+3	1.277E+3	1.275E+3	1.274E+3
951E+0	594.0094E+0	1.281E+3	1.276E+3	1.277E+3	1.278E+3
952E+0	594.0411E+0	1.273E+3	1.274E+3	1.283E+3	1.276666666667E+3
953E+0	594.0729E+0	1.272E+3	1.279E+3	1.276E+3	1.275666666667E+3
954E+0	594.1047E+0	1.273E+3	1.275E+3	1.272E+3	1.273333333333E+3
955E+0	594.1364E+0	1.268E+3	1.278E+3	1.273E+3	1.273E+3
956E+0	594.1682E+0	1.276E+3	1.279E+3	1.279E+3	1.278E+3
957E+0	594.1999E+0	1.267E+3	1.262E+3	1.271E+3	1.266666666667E+3
958E+0	594.2317E+0	1.265E+3	1.262E+3	1.262E+3	1.263E+3
959E+0	594.2635E+0	1.26E+3	1.267E+3	1.26E+3	1.262333333333E+3
960E+0	594.2952E+0	1.259E+3	1.264E+3	1.262E+3	1.261666666667E+3
961E+0	594.327E+0	1.269E+3	1.271E+3	1.27E+3	1.27E+3
962E+0	594.3587E+0	1.277E+3	1.272E+3	1.276E+3	1.275E+3
963E+0	594.3905E+0	1.278E+3	1.274E+3	1.271E+3	1.274333333333E+3
964E+0	594.4222E+0	1.276E+3	1.278E+3	1.274E+3	1.276E+3
965E+0	594.4539E+0	1.276E+3	1.271E+3	1.275E+3	1.274E+3
966E+0	594.4857E+0	1.278E+3	1.279E+3	1.279E+3	1.278666666667E+3
967E+0	594.5174E+0	1.274E+3	1.28E+3	1.277E+3	1.277E+3
968E+0	594.5492E+0	1.27E+3	1.271E+3	1.274E+3	1.271666666667E+3
969E+0	594.5809E+0	1.266E+3	1.271E+3	1.275E+3	1.270666666667E+3
970E+0	594.6127E+0	1.28E+3	1.271E+3	1.273E+3	1.274666666667E+3
971E+0	594.6444E+0	1.277E+3	1.274E+3	1.281E+3	1.277333333333E+3
972E+0	594.6761E+0	1.273E+3	1.283E+3	1.271E+3	1.275666666667E+3
973E+0	594.7079E+0	1.281E+3	1.276E+3	1.274E+3	1.277E+3
974E+0	594.7396E+0	1.27E+3	1.272E+3	1.278E+3	1.273333333333E+3
975E+0	594.7713E+0	1.27E+3	1.27E+3	1.277E+3	1.272333333333E+3
976E+0	594.803E+0	1.264E+3	1.273E+3	1.274E+3	1.270333333333E+3
977E+0	594.8348E+0	1.27E+3	1.273E+3	1.272E+3	1.271666666667E+3
978E+0	594.8665E+0	1.277E+3	1.273E+3	1.273E+3	1.274333333333E+3
979E+0	594.8982E+0	1.275E+3	1.274E+3	1.273E+3	1.274E+3
980E+0	594.9299E+0	1.268E+3	1.274E+3	1.273E+3	1.271666666667E+3
981E+0	594.9617E+0	1.269E+3	1.272E+3	1.272E+3	1.271E+3
982E+0	594.9934E+0	1.27E+3	1.272E+3	1.266E+3	1.269333333333E+3
983E+0	595.0251E+0	1.271E+3	1.275E+3	1.273E+3	1.273E+3
984E+0	595.0568E+0	1.268E+3	1.279E+3	1.267E+3	1.271333333333E+3
985E+0	595.0885E+0	1.267E+3	1.271E+3	1.277E+3	1.271666666667E+3
986E+0	595.1202E+0	1.269E+3	1.268E+3	1.273E+3	1.27E+3
987E+0	595.1519E+0	1.272E+3	1.268E+3	1.273E+3	1.271E+3
988E+0	595.1836E+0	1.272E+3	1.277E+3	1.271E+3	1.273333333333E+3
989E+0	595.2154E+0	1.268E+3	1.273E+3	1.278E+3	1.273E+3
990E+0	595.2471E+0	1.275E+3	1.269E+3	1.272E+3	1.272E+3
991E+0	595.2788E+0	1.279E+3	1.272E+3	1.266E+3	1.272333333333E+3
992E+0	595.3105E+0	1.27E+3	1.272E+3	1.274E+3	1.272E+3
993E+0	595.3422E+0	1.276E+3	1.272E+3	1.273E+3	1.273666666667E+3
994E+0	595.3739E+0	1.272E+3	1.276E+3	1.278E+3	1.275333333333E+3
995E+0	595.4056E+0	1.264E+3	1.268E+3	1.273E+3	1.268333333333E+3
996E+0	595.4373E+0	1.272E+3	1.279E+3	1.268E+3	1.273E+3
997E+0	595.4689E+0	1.262E+3	1.265E+3	1.264E+3	1.263666666667E+3
998E+0	595.5006E+0	1.258E+3	1.262E+3	1.253E+3	1.257666666667E+3
999E+0	595.5323E+0	1.265E+3	1.253E+3	1.253E+3	1.257E+3
1E+3	595.564E+0	1.258E+3	1.256E+3	1.257E+3	1.257E+3
1.001E+3	595.5957E+0	1.264E+3	1.27E+3	1.26E+3	1.264666666667E+3
1.002E+3	595.6274E+0	1.263E+3	1.264E+3	1.274E+3	1.267E+3
1.003E+3	595.6591E+0	1.266E+3	1.267E+3	1.269E+3	1.267333333333E+3
1.004E+3	595.6908E+0	1.265E+3	1.271E+3	1.277E+3	1.271E+3
1.005E+3	595.7224E+0	1.272E+3	1.265E+3	1.265E+3	1.267333333333E+3
1.006E+3	595.7541E+0	1.269E+3	1.273E+3	1.265E+3	1.269E+3
1.007E+3	595.7858E+0	1.266E+3	1.269E+3	1.272E+3	1.269E+3
1.008E+3	595.8175E+0	1.267E+3	1.263E+3	1.267E+3	1.265666666667E+3
1.009E+3	595.8491E+0	1.266E+3	1.27E+3	1.266E+3	1.267333333333E+3
1.01E+3	595.8808E+0	1.272E+3	1.263E+3	1.27E+3	1.268333333333E+3
1.011E+3	595.9125E+0	1.267E+3	1.27E+3	1.268E+3	1.268333333333E+3
1.012E+3	595.9442E+0	1.263E+3	1.272E+3	1.268E+3	1.267666666667E+3
1.013E+3	595.9758E+0	1.263E+3	1.268E+3	1.273E+3	1.268E+3
1.014E+3	596.0075E+0	1.26E+3	1.273E+3	1.272E+3	1.268333333333E+3
1.015E+3	596.0392E+0	1.268E+3	1.259E+3	1.267E+3	1.264666666667E+3
1.016E+3	596.0708E+0	1.271E+3	1.261E+3	1.265E+3	1.265666666667E+3
1.017E+3	596.1025E+0	1.266E+3	1.266E+3	1.268E+3	1.266666666667E+3
1.018E+3	596.1341E+0	1.261E+3	1.264E+3	1.261E+3	1.262E+3
1.019E+3	596.1658E+0	1.26E+3	1.264E+3	1.265E+3	1.263E+3
1.02E+3	596.1975E+0	1.264E+3	1.265E+3	1.265E+3	1.264666666667E+3
1.021E+3	596.2291E+0	1.266E+3	1.263E+3	1.263E+3	1.264E+3
1.022E+3	596.2608E+0	1.262E+3	1.263E+3	1.267E+3	1.264E+3
1.023E+3	596.2924E+0	1.267E+3	1.266E+3	1.269E+3	1.267333333333E+3
1.024E+3	596.3241E+0	1.268E+3	1.272E+3	1.272E+3	1.270666666667E+3

SympCCD.YPixels_Scan0         	                              
1E+0
1E+0
1E+0
